id_producto,hoy,1,1_cambio,3,3_cambio,7,7_cambio,14,14_cambio,30,30_cambio,60,60_cambio,90,90_cambio,180,180_cambio,270,270_cambio,365,365_cambio
1007,15,15,0,15,0,15,0,15,0,15,0,15,0,15,0,15,0,15,0,15,0
1015,15.6,15.6,0,15.6,0,15.6,0,15.6,0,15.6,0,15.6,0,15.6,0,15.6,0,15.6,0,15.6,0
1023,15,15,0,15,0,15,0,15,0,15,0,15,0,15,0,15,0,15,0,15,0
1031,15,15,0,15,0,15,0,15,0,15,0,15,0,15,0,15,0,15,0,15,0
1082,26.9,26.9,0,26.9,0,26.9,0,26.9,0,26.9,0,26.9,0,,,26.9,0,26.9,0,26.9,0
1090,28,28,0,28,0,28,0,28,0,28,0,28,0,28,0,28,0,28,0,28,0
1104,26.9,26.9,0,26.9,0,26.9,0,26.9,0,26.9,0,26.9,0,,,26.9,0,26.9,0,26.9,0
1112,26.9,26.9,0,26.9,0,26.9,0,26.9,0,26.9,0,26.9,0,26.9,0,26.9,0,26.9,0,26.9,0
1120,26.9,26.9,0,26.9,0,26.9,0,26.9,0,26.9,0,26.9,0,26.9,0,26.9,0,26.9,0,26.9,0
1139,26.9,26.9,0,26.9,0,26.9,0,26.9,0,26.9,0,26.9,0,26.9,0,26.9,0,26.9,0,26.9,0
1155,26.9,26.9,0,26.9,0,26.9,0,26.9,0,26.9,0,26.9,0,26.9,0,26.9,0,26.9,0,26.9,0
1163,27.5,27.5,0,27.5,0,27.5,0,27.5,0,27.5,0,27.5,0,27.5,0,27.5,0,27.5,0,27.5,0
1198,56,56,0,56,0,56,0,56,0,56,0,56,0,56,0,56,0,56,0,56,0
1557,,,,,,,,,,,,,,,,,,,,,
1606,45,45,0,45,0,45,0,45,0,45,0,45,0,45,0,45,0,69.5,-0.353,69.5,-0.353
1609,4.5,4.5,0,4.5,0,4.5,0,4.5,0,4,0.125,4,0.125,4,0.125,,,,,,
1610,,,,,,,,,,,,,,,,,,,,,
1618,,,,,,,,,,,,,,,,,,,,,
1621,31.5,31.5,0,31.5,0,30,0.05,,,,,,,,,37.5,-0.16,37.5,-0.16,33.9,-0.0708
1623,31.5,31.5,0,31.5,0,30,0.05,,,,,,,,,,,37.5,-0.16,33.9,-0.0708
1624,,,,,,,,,,,,,,,,,,,,,
1625,,,,,,,,,,,,,,,,,,,,,
1626,,,,,,,,,,,,,,,,,,,,,
1628,,,,,,,,,,,,,,,,,,,,,
1629,,,,,,,,,,,,,,,,,,,,,
1644,,,,,,,,,,,,,,,,,,,,,
1655,,,,,,,,,,,,,,,,,,,,,
1656,,,,,,,,,,,,,,,,,,,,,
1657,8.5,8.5,0,8.5,0,8.5,0,8.5,0,8.5,0,8.5,0,7,0.214,12.5,-0.32,12.5,-0.32,12.9,-0.341
1659,,,,,,,,,,,,,,,,,,,,,
1661,15.5,15.5,0,15.5,0,15.5,0,15.5,0,15.5,0,15.5,0,15.5,0,15.5,0,15.5,0,15.5,0
1668,,,,,,,,,,,,,,,,,,,,,
1705,,,,,,,,,,,,,,,,,,,,,
1714,,,,,,,,,,,,,,,,,,,,,
1715,,,,,,,,,,,,,,,,,,,,,
1717,83,83,0,83,0,83,0,83,0,83,0,83,0,83,0,83,0,,,,
1718,,,,,,,,,,,,,,,,,,,,,
1719,,,,,,,,,,,,,,,,,,,,,
1731,13.5,13.5,0,13.5,0,13.5,0,13.5,0,13.5,0,11.8,0.144,11.8,0.144,10.9,0.239,15,-0.1,15,-0.1
1734,,,,,,,,,,,,,,,,,,,,,
1746,9,9,0,9,0,9,0,9,0,9,0,9,0,9,0,9,0,9,0,9,0
1747,28,28,0,,,28,0,28,0,28,0,28,0,28,0,28,0,28,0,28,0
1751,,,,,,,,,,,,,,,,,,,,,
1756,62.5,62.5,0,62.5,0,62.5,0,62.5,0,62.5,0,62.5,0,62.5,0,62.5,0,62.5,0,62.5,0
1758,17.5,17.5,0,17.5,0,17.5,0,17.5,0,17.5,0,17.5,0,17.5,0,17.5,0,17.5,0,17.5,0
1767,,,,,,,,,,,,,,,,,,,,,
1779,,,,,,,,,,,,,,,,,,,,,
1792,,,,,,,,,,,,,,,,,,,,,
1795,29.5,29.5,0,29.5,0,29.5,0,29.5,0,29.5,0,29.5,0,29.5,0,29.5,0,46.5,-0.366,46.5,-0.366
1799,159,159,0,159,0,159,0,159,0,159,0,169,-0.0592,169,-0.0592,171,-0.0723,171,-0.0723,171,-0.0723
1800,82.5,82.5,0,82.5,0,82.5,0,82.5,0,82.5,0,86.9,-0.0506,86.9,-0.0506,87.1,-0.0528,87.1,-0.0528,87.1,-0.0528
1801,20,20,0,20,0,20,0,20,0,20,0,20,0,20,0,20,0,16,0.25,16,0.25
1825,66,66,0,66,0,,,66,0,66,0,66,0,66,0,66,0,66,0,66,0
1831,15.5,15.5,0,15.5,0,15.5,0,15.5,0,15.5,0,15.5,0,,,15.5,0,15.5,0,15.5,0
1832,21.5,21.5,0,21.5,0,21.5,0,21.5,0,21.5,0,21.5,0,21.5,0,21.5,0,21.5,0,21.5,0
1833,22,22,0,22,0,22,0,22,0,22,0,22,0,22,0,22,0,22,0,22,0
1834,22,22,0,22,0,22,0,22,0,22,0,22,0,22,0,22,0,22,0,22,0
1839,4.4,4.4,0,,,,,,,4,0.1,4,0.1,4,0.1,4.5,-0.0222,4.5,-0.0222,,
1840,3.9,3.9,0,3.9,0,3.9,0,3.9,0,3.9,0,3.9,0,3.9,0,4.5,-0.133,,,,
1842,27,27,0,27,0,27,0,27,0,,,17,0.588,17,0.588,,,,,,
1844,,,,,,,,,,,,,,,,,,,,,
1846,,,,,,,,,,,,,,,,,,,,,
1849,8,8,0,8,0,8,0,6.5,0.231,6.5,0.231,,,,,8.7,-0.0805,8.7,-0.0805,,
1851,,,,,,,,,,,,,,,,,,,,,
1863,8,8,0,8,0,8,0,8,0,8,0,8,0,8,0,8,0,8,0,8,0
1867,375,375,0,375,0,,,375,0,375,0,375,0,375,0,375,0,375,0,375,0
1870,37.5,37.5,0,37.5,0,37.5,0,37.5,0,37.5,0,37.5,0,,,48.5,-0.227,48.5,-0.227,48.5,-0.227
1872,,,,,,,,,,,,,,,,,,,,,
1880,37.5,37.5,0,37.5,0,37.5,0,37.5,0,37.5,0,37.5,0,37.5,0,48.5,-0.227,48.5,-0.227,48.5,-0.227
1883,138,138,0,138,0,,,138,0,138,0,138,0,138,0,138,0,138,0,138,0
1884,,,,,,,,,,,,,,,,,,,,,
1885,59.5,59.5,0,59.5,0,59.5,0,59.5,0,59.5,0,59.5,0,59.5,0,59.5,0,98,-0.393,98,-0.393
1887,,,,,,,,,,,,,,,,,,,,,
1888,59.5,59.5,0,59.5,0,59.5,0,59.5,0,59.5,0,59.5,0,59.5,0,59.5,0,98,-0.393,98,-0.393
1889,,,,,,,,,,,,,,,,,,,,,
1891,138,138,0,138,0,,,138,0,138,0,138,0,138,0,138,0,138,0,138,0
1893,599,599,0,599,0,,,599,0,599,0,599,0,599,0,,,,,,
1898,,,,,,,,,,,,,,,,,,,,,
1899,,,,,,,,,,,,,,,,,,,,,
1920,43.9,43.9,0,43.9,0,43.9,0,,,43.9,0,43.9,0,43.9,0,43.9,0,43.9,0,43.9,0
1971,19.5,19.5,0,19.5,0,19.5,0,19.5,0,19.5,0,19.5,0,19.5,0,17.5,0.114,17.5,0.114,17.5,0.114
2194,9.9,9.9,0,9.9,0,9.9,0,9.9,0,9.9,0,9.9,0,9.9,0,9.9,0,9.9,0,9.9,0
2585,21.5,21.5,0,25,-0.14,25,-0.14,25,-0.14,25,-0.14,25,-0.14,26,-0.173,30,-0.283,,,30,-0.283
2640,89.9,89.9,0,89.9,0,89.9,0,105,-0.144,105,-0.144,105,-0.144,105,-0.144,105,-0.144,94.9,-0.0527,99.9,-0.1
2677,19.5,19.5,0,19.5,0,19.5,0,19.5,0,19.5,0,19.5,0,19.5,0,19.5,0,19.5,0,16.9,0.154
2718,,,,,,,,,,,,,,,,,,,,,
3265,52.5,46,0.141,46,0.141,46,0.141,46,0.141,46,0.141,46,0.141,,,46,0.141,58.3,-0.0995,55,-0.0455
3270,77.5,67.4,0.15,67.4,0.15,67.4,0.15,67.4,0.15,67.4,0.15,67.4,0.15,,,67.4,0.15,86,-0.0988,,
3573,8.4,8.4,0,8.4,0,8.4,0,8.4,0,8.4,0,8.4,0,8.4,0,7,0.2,8,0.05,8,0.05
3705,,,,,,,,,,,,,,,,,,,,,
3710,53.5,53.5,0,53.5,0,53.5,0,53.5,0,53.5,0,53.5,0,53.5,0,53.5,0,53.5,0,53.5,0
3744,113,113,0,113,0,,,113,0,113,0,113,0,,,,,,,99,0.14
3751,14.5,14.5,0,14.5,0,14.5,0,14.5,0,14.5,0,14.5,0,,,18,-0.194,18,-0.194,18,-0.194
3757,19.2,19.2,0,19.2,0,19.2,0,19.2,0,19.2,0,16.5,0.164,16.5,0.164,15,0.28,18.9,0.0159,21.4,-0.103
3760,,,,,,,,,,,,,,,,,,,,,
3794,16.9,16.9,0,16.9,0,16.9,0,16.9,0,16.9,0,,,,,19.2,-0.12,19.2,-0.12,19.2,-0.12
3808,,,,,,,,,,,,,,,,,,,,,
3824,16.9,16.9,0,16.9,0,16.9,0,16.9,0,16.9,0,16.9,0,16.9,0,19.2,-0.12,19.2,-0.12,19.2,-0.12
3871,,,,,,,,,,,,,,,,,,,,,
3873,,,,,,,,,,,,,,,,,,,,,
3883,15,15,0,15,0,15,0,15,0,15,0,15,0,15,0,18,-0.167,18,-0.167,18,-0.167
4795,24.5,24.5,0,24.5,0,24.5,0,24.5,0,24.5,0,24.5,0,24.5,0,30.5,-0.197,23.9,0.0251,30.8,-0.205
4797,32,32,0,32,0,32,0,32,0,32,0,32,0,,,32.5,-0.0154,25.5,0.255,32.5,-0.0154
4928,11,11,0,11,0,11,0,11,0,11,0,11,0,11,0,11,0,10.5,0.0476,10.5,0.0476
4944,11,11,0,11,0,11,0,11,0,11,0,11,0,11,0,11,0,10.5,0.0476,10.5,0.0476
5003,31.2,31.2,0,31.2,0,32.7,-0.0459,,,31.9,-0.0219,36.4,-0.143,,,19.9,0.568,29.7,0.0505,36.9,-0.154
5006,,,,,,,,,,,,,,,,,,,,,
5007,55.2,55.2,0,55.2,0,55.2,0,55.2,0,56.9,-0.0299,52.9,0.0435,53.9,0.0241,34.3,0.609,41.1,0.343,56.9,-0.0299
5008,8.9,8.9,0,8.9,0,8.9,0,8.9,0,9.9,-0.101,12.8,-0.305,12.8,-0.305,9.1,-0.022,6.5,0.369,6.5,0.369
5009,,,,,,,,,,,,,,,,,,,,,
5011,12.8,12.8,0,12.8,0,12.8,0,12.8,0,12.8,0,12.8,0,12.8,0,7.5,0.707,7.5,0.707,7.5,0.707
5012,6.5,6.5,0,6.5,0,6.5,0,6.5,0,6.5,0,6.5,0,6.5,0,6.3,0.0317,6.3,0.0317,7,-0.0714
5014,28.9,28.9,0,28.9,0,28.9,0,28.9,0,24.9,0.161,25.9,0.116,28.9,0,45.4,-0.363,39.9,-0.276,39.9,-0.276
5015,10.4,10.4,0,10.4,0,10.4,0,10.4,0,10.4,0,10.4,0,10.4,0,12.2,-0.148,6.5,0.6,6.5,0.6
5016,21.9,21.9,0,21.9,0,21.9,0,21.9,0,21.9,0,22.9,-0.0437,29.9,-0.268,9.1,1.41,18.7,0.171,21,0.0429
5017,15.1,15.1,0,15.1,0,15.1,0,15.1,0,11.1,0.36,9.9,0.525,17.7,-0.147,6.4,1.36,9.3,0.624,11.7,0.291
5018,8.5,8.5,0,8.5,0,6.3,0.349,6.3,0.349,6.3,0.349,6.3,0.349,6.3,0.349,9.7,-0.124,12.2,-0.303,9.6,-0.115
5021,27.9,27.9,0,27.9,0,27.9,0,27.9,0,27.9,0,27.9,0,28,-0.00357,26.4,0.0568,29.6,-0.0574,27,0.0333
5022,14.1,14.1,0,14.1,0,14.1,0,14.1,0,14.1,0,14.1,0,,,,,,,,
5023,12.9,12.9,0,12.9,0,12.9,0,12.9,0,14.9,-0.134,16.2,-0.204,16.2,-0.204,12,0.075,18,-0.283,13,-0.00769
5025,9.8,9.8,0,9.8,0,9.8,0,9.8,0,9.8,0,9.8,0,9.2,0.0652,9.2,0.0652,9.2,0.0652,13,-0.246
5026,21.5,21.5,0,21.5,0,21.5,0,21.5,0,21.5,0,21.5,0,21.5,0,21.5,0,21.5,0,21.5,0
5028,40,40,0,40,0,40,0,40,0,40,0,40,0,40,0,40,0,40,0,40,0
5030,4.9,4.9,0,4.9,0,4.9,0,4.9,0,4.9,0,8.1,-0.395,8.1,-0.395,7.2,-0.319,6,-0.183,5,-0.02
5031,7.9,7.9,0,7.9,0,7.9,0,7.9,0,7.4,0.0676,7.4,0.0676,7.4,0.0676,11.7,-0.325,11.7,-0.325,9.6,-0.177
5032,11.5,11.5,0,11.5,0,11.5,0,11.5,0,10.9,0.055,10.9,0.055,10.9,0.055,18.4,-0.375,18.4,-0.375,11,0.0455
5035,65,65,0,65,0,65,0,65,0,65,0,,,,,,,65,0,65,0
5036,9.8,9.8,0,9.8,0,9.8,0,9.8,0,9.9,-0.0101,8.9,0.101,20.9,-0.531,13.9,-0.295,8.9,0.101,8.1,0.21
5038,7.7,7.7,0,7.7,0,7.7,0,7.7,0,7.7,0,7.7,0,7.7,0,6.5,0.185,6.5,0.185,8,-0.0375
5040,12.9,12.9,0,12.9,0,12.9,0,12.9,0,12.9,0,12.9,0,18.3,-0.295,15.3,-0.157,15.3,-0.157,12.5,0.032
5044,10.9,10.9,0,10.9,0,11.1,-0.018,11.1,-0.018,10.9,0,12.4,-0.121,16.9,-0.355,10.2,0.0686,6.8,0.603,8.3,0.313
5048,75,75,0,75,0,75,0,75,0,75,0,75,0,91.9,-0.184,95.3,-0.213,73,0.0274,73,0.0274
5049,99.4,99.4,0,99.4,0,99.4,0,99.4,0,82,0.212,82,0.212,99.9,-0.00501,95.3,0.043,116,-0.143,116,-0.143
5050,25.3,25.3,0,25.3,0,25.3,0,21.9,0.155,21.9,0.155,21.9,0.155,37.9,-0.332,36.4,-0.305,38,-0.334,59,-0.571
5053,,,,,,,,,,,,,,,,,,,,,
5054,9.9,9.9,0,9.9,0,12.9,-0.233,13.9,-0.288,12.8,-0.227,13.9,-0.288,19.9,-0.503,11.3,-0.124,14.9,-0.336,8.3,0.193
5055,28.9,28.9,0,28.9,0,29.9,-0.0334,31.3,-0.0767,22.9,0.262,22.5,0.284,49.9,-0.421,24,0.204,20.2,0.431,19.2,0.505
5056,10.9,10.9,0,10.9,0,10.9,0,10.9,0,10.9,0,10.9,0,21,-0.481,14.7,-0.259,14.7,-0.259,12,-0.0917
5057,15.8,15.8,0,15.8,0,15.8,0,15.8,0,15.7,0.00637,13.5,0.17,19.9,-0.206,15.7,0.00637,12.9,0.225,8.8,0.795
5059,14.9,14.9,0,14.9,0,14.9,0,14.9,0,14.9,0,14.9,0,13.5,0.104,12.2,0.221,10.7,0.393,11.5,0.296
5060,13.9,13.9,0,13.9,0,13.9,0,13.9,0,12.5,0.112,10.9,0.275,16.8,-0.173,12.1,0.149,12.7,0.0945,15.5,-0.103
5062,17.3,17.3,0,17.3,0,17.3,0,18.8,-0.0798,17.9,-0.0335,19.9,-0.131,19.9,-0.131,9.7,0.784,12.5,0.384,12.1,0.43
5063,12.9,12.9,0,12.9,0,12.9,0,12.9,0,12.9,0,11.5,0.122,11.5,0.122,11.5,0.122,11.5,0.122,11.5,0.122
5064,9.2,9.2,0,9.2,0,9.2,0,9.2,0,9.2,0,9.7,-0.0515,16.9,-0.456,11.3,-0.186,11.1,-0.171,13.3,-0.308
5065,14.8,14.8,0,14.8,0,14.8,0,15.1,-0.0199,12.9,0.147,12.9,0.147,13.9,0.0647,8.7,0.701,12.9,0.147,14.9,-0.00671
5067,13,13,0,13,0,13,0,13,0,10.8,0.204,11.9,0.0924,11.5,0.13,15.3,-0.15,10.8,0.204,7.8,0.667
5068,42.9,42.9,0,42.9,0,44.9,-0.0445,45.6,-0.0592,45.9,-0.0654,30.9,0.388,,,,,29.2,0.469,57.4,-0.253
5069,,,,,,,,,,,,,,,,,,,,,
5070,48.5,48.5,0,48.5,0,48.5,0,48.5,0,48.5,0,48.5,0,48.5,0,48.5,0,48.5,0,40,0.212
5071,17.9,17.9,0,17.9,0,17.9,0,17.9,0,17.9,0,19.9,-0.101,20.9,-0.144,25.9,-0.309,19.9,-0.101,19.5,-0.0821
5072,13.9,13.9,0,12.9,0.0775,12.9,0.0775,13.7,0.0146,11.9,0.168,12.9,0.0775,16.9,-0.178,10.5,0.324,12.7,0.0945,11.7,0.188
5073,12.5,12.5,0,12.5,0,12.5,0,12.5,0,12.5,0,12.5,0,12.5,0,12.5,0,12.5,0,12.5,0
5075,31.3,31.3,0,31.3,0,31.3,0,31.3,0,31.3,0,36.9,-0.152,51.2,-0.389,29.4,0.0646,26.6,0.177,27,0.159
5077,14.1,14.1,0,14.1,0,14.1,0,14.1,0,14.1,0,12.8,0.102,13.5,0.0444,13.3,0.0602,11.2,0.259,10.7,0.318
5081,13.9,13.9,0,11.9,0.168,12.3,0.13,16.9,-0.178,17.5,-0.206,11.5,0.209,18.9,-0.265,12.2,0.139,9.6,0.448,17.3,-0.197
5083,14.9,14.9,0,15.9,-0.0629,14.8,0.00676,16.7,-0.108,14.9,0,15.9,-0.0629,,,20.4,-0.27,16,-0.0687,12.7,0.173
5085,30.9,30.9,0,30.9,0,30.9,0,30.9,0,25.9,0.193,23.9,0.293,31.5,-0.019,17.8,0.736,19.4,0.593,29.9,0.0334
5086,,,,,,,,,,,,,,,,,,,,,
5087,13.9,13.9,0,13.9,0,13.9,0,13.9,0,13.9,0,14.5,-0.0414,18.4,-0.245,11.3,0.23,11,0.264,10.9,0.275
5088,9.5,9.5,0,9.5,0,9.5,0,9.5,0,9.5,0,9.5,0,9.5,0,9.5,0,8.7,0.092,8.7,0.092
5089,14.9,14.9,0,14.9,0,14.9,0,14.9,0,13.9,0.0719,15.5,-0.0387,16.5,-0.097,14,0.0643,11.7,0.274,12,0.242
5090,16.9,16.9,0,16.9,0,16.9,0,16.9,0,,,,,,,,,,,,
5093,7.5,7.5,0,7.5,0,7.5,0,7.5,0,8.4,-0.107,9.9,-0.242,5.9,0.271,5.8,0.293,5.4,0.389,8.7,-0.138
5094,8.5,8.5,0,8.5,0,8.5,0,11.8,-0.28,11.2,-0.241,11.2,-0.241,17.2,-0.506,14.7,-0.422,10.2,-0.167,10.9,-0.22
5095,21.9,21.9,0,20.5,0.0683,20.5,0.0683,20.5,0.0683,16.9,0.296,16.9,0.296,19.9,0.101,17,0.288,15.3,0.431,15.1,0.45
5097,,,,,,,,,,,,,,,,,,,,,
5098,8.6,8.6,0,8.6,0,8.6,0,8.6,0,8.6,0,8.6,0,8.6,0,7.6,0.132,9.6,-0.104,10.5,-0.181
5099,,,,,,,,,,,,,,,,,,,,,
5101,8.5,8.5,0,8.5,0,11.4,-0.254,12.9,-0.341,12.9,-0.341,9.7,-0.124,19.8,-0.571,8.8,-0.0341,7.8,0.0897,6.5,0.308
5102,18.8,18.8,0,18.8,0,18.8,0,18.8,0,16,0.175,16.9,0.112,13.5,0.393,10.5,0.79,16.2,0.16,18,0.0444
5103,10.9,10.9,0,10.9,0,10.9,0,10.9,0,10.9,0,10.9,0,11.8,-0.0763,7.3,0.493,5,1.18,7.6,0.434
5104,13.9,13.9,0,13.9,0,13.9,0,13.9,0,13.9,0,29.9,-0.535,28.9,-0.519,14.9,-0.0671,17.9,-0.223,15.5,-0.103
5105,14.9,14.9,0,14.9,0,13.9,0.0719,11.9,0.252,8.5,0.753,9.9,0.505,22.5,-0.338,8.8,0.693,14,0.0643,10.5,0.419
5106,23.1,23.1,0,23.1,0,23.1,0,21.3,0.0845,16.2,0.426,16.9,0.367,29.8,-0.225,20.2,0.144,16.1,0.435,18.1,0.276
5107,8.9,8.9,0,8.9,0,8.9,0,8.9,0,8.9,0,9.9,-0.101,11.9,-0.252,10.3,-0.136,13.5,-0.341,15.9,-0.44
5108,6.9,6.9,0,6.9,0,6.9,0,6.9,0,5.9,0.169,5.9,0.169,12.9,-0.465,7.4,-0.0676,6.8,0.0147,8,-0.137
5111,8.9,8.9,0,8.9,0,8.9,0,8.9,0,8.9,0,8.9,0,25.9,-0.656,10.4,-0.144,11.5,-0.226,9.6,-0.0729
5113,18.9,18.9,0,18.9,0,18.9,0,18.9,0,14.5,0.303,13.9,0.36,19.9,-0.0503,10.6,0.783,10.1,0.871,14,0.35
5114,,,,,,,,,,,,,,,,,,,,,
5115,9.9,9.9,0,9.9,0,9.9,0,9.9,0,9.9,0,10.5,-0.0571,16,-0.381,8.1,0.222,8.5,0.165,8.5,0.165
5118,11,11,0,11,0,11,0,11,0,11,0,11,0,11,0,11,0,10,0.1,10,0.1
5119,59.9,59.9,0,59.9,0,59.9,0,59.9,0,59.9,0,62.9,-0.0477,81.5,-0.265,54.9,0.0911,54.9,0.0911,54.9,0.0911
5121,9,9,0,9,0,9,0,9,0,9,0,9,0,9,0,9,0,9,0,9,0
5123,,,,,,,,,,,,,,,,,,,,,
5126,6,6,0,6,0,6,0,6,0,6,0,6,0,6,0,6,0,5.5,0.0909,5.5,0.0909
5127,16.9,16.9,0,16.9,0,16.9,0,16.9,0,13.9,0.216,9.9,0.707,27.8,-0.392,21.6,-0.218,25.6,-0.34,23,-0.265
5129,30.9,30.9,0,30.9,0,30.9,0,31.6,-0.0222,31.9,-0.0313,31.9,-0.0313,18.5,0.67,28.4,0.088,39.1,-0.21,28.8,0.0729
5134,25.9,25.9,0,25.9,0,25.9,0,25.9,0,25.9,0,26.9,-0.0372,23.9,0.0837,25.3,0.0237,25.2,0.0278,25.2,0.0278
5135,,,,,,,,,,,,,,,,,,,,,
5136,,,,,,,,,,,,,,,,,,,,,
5139,,,,,,,,,,,,,,,,,,,,,
5140,,,,,,,,,,,,,,,,,,,,,
5154,,,,,,,,,,,,,,,,,,,,,
5156,24,24,0,24,0,24,0,24,0,,,24,0,,,,,24,0,24,0
5157,,,,,,,,,,,,,,,,,,,,,
5158,27,27,0,27,0,27,0,27,0,27,0,,,,,,,17.9,0.508,17.9,0.508
5160,7,7,0,7,0,7,0,,,7,0,,,,,,,7,0,,
5164,,,,,,,,,,,,,,,,,,,,,
5165,28,28,0,28,0,28,0,28,0,28,0,,,28,0,28,0,28,0,28,0
5166,,,,,,,,,,,,,,,,,,,,,
5167,24.5,24.5,0,24.5,0,24.5,0,24.5,0,24.5,0,,,,,24.5,0,24.5,0,24.5,0
5168,,,,,,,,,,,,,,,,,,,,,
5171,30,30,0,30,0,30,0,30,0,30,0,30,0,30,0,30,0,30,0,30,0
5172,,,,,,,,,,,,,,,,,,,,,
5173,23.9,23.9,0,26.4,-0.0947,26.4,-0.0947,24.5,-0.0245,22.5,0.0622,18.9,0.265,30.9,-0.227,18.3,0.306,15.4,0.552,27,-0.115
5175,21,21,0,21,0,21,0,21,0,21,0,21,0,21,0,21,0,,,21,0
5176,,,,,,,,,,,,,,,,,,,,,
5178,42,42,0,42,0,42,0,42,0,42,0,,,42,0,42,0,,,,
5180,30,30,0,30,0,30,0,30,0,30,0,,,30,0,,,,,,
5187,19.9,19.9,0,19.9,0,19.9,0,17.2,0.157,16.9,0.178,17.9,0.112,27.7,-0.282,14.9,0.336,33.8,-0.411,17.1,0.164
5190,,,,,,,,,,,,,,,,,,,,,
5196,10.5,10.5,0,10.5,0,10.5,0,10.5,0,10.5,0,10.5,0,10.5,0,10.5,0,10.5,0,10.5,0
5199,38.3,38.3,0,38.3,0,38.9,-0.0154,37.7,0.0159,38.9,-0.0154,38.9,-0.0154,40.8,-0.0613,,,35.4,0.0819,43.9,-0.128
5200,,,,,,,,,,,,,,,,,,,,,
5201,71.5,,,,,71.5,0,71.5,0,71.5,0,,,,,,,67.2,0.064,,
5202,,,,,,,,,,,,,,,,,,,,,
5203,34,34,0,34,0,34,0,34,0,34,0,34,0,34,0,34,0,34,0,34,0
5205,,,,,,,,,,,,,,,,,,,,,
5206,,,,,,,,,,,,,,,,,,,,,
5209,70.9,70.9,0,70.9,0,70.9,0,70.9,0,70.9,0,68.9,0.029,78.2,-0.0934,75,-0.0547,72.2,-0.018,88.6,-0.2
5212,21.2,21.2,0,24.8,-0.145,25.9,-0.181,23.6,-0.102,27.9,-0.24,34.9,-0.393,45.4,-0.533,19.8,0.0707,25.1,-0.155,23.8,-0.109
5213,21,21,0,21,0,21,0,21,0,21,0,21,0,21,0,21,0,21,0,21,0
5217,,,,,,,,,,,,,,,,,,,,,
5220,,,,,,,,,,,,,,,,,,,,,
5226,13,13,0,13,0,13,0,13,0,13,0,,,,,13,0,13,0,13,0
5228,,,,,,,,,,,,,,,,,,,,,
5230,25,25,0,25,0,25,0,25,0,25,0,25,0,25,0,25,0,25,0,25,0
5231,7,7,0,7,0,7,0,7,0,7,0,7,0,7,0,7,0,7,0,7,0
5235,29.9,29.9,0,29.9,0,29.9,0,29.9,0,29.9,0,28,0.0679,31.4,-0.0478,34.7,-0.138,28.7,0.0418,36,-0.169
5236,69.9,69.9,0,69.9,0,75.6,-0.0754,76.2,-0.0827,75.6,-0.0754,88.9,-0.214,,,80,-0.126,,,,
5290,16,16,0,16,0,16,0,16,0,16,0,16,0,,,16,0,15.5,0.0323,15.5,0.0323
5312,,,,,,,,,,,,,,,,,,,,,
5355,16,16,0,16,0,16,0,16,0,16,0,16,0,16,0,16,0,15,0.0667,15,0.0667
5363,16,16,0,16,0,16,0,16,0,16,0,16,0,16,0,16,0,15,0.0667,15,0.0667
5398,11.9,11.9,0,11.9,0,11.9,0,11.9,0,11.9,0,11.9,0,11.9,0,11.9,0,11,0.0818,11,0.0818
5448,,,,,,,,,,,,,,,,,,,,,
5472,26.9,26.9,0,26.9,0,28,-0.0393,28,-0.0393,25.3,0.0632,21.9,0.228,28.5,-0.0561,,,37.7,-0.286,31.4,-0.143
5491,21,21,0,21,0,21,0,21,0,21,0,21,0,21,0,,,21,0,21,0
5521,13,13,0,13,0,13,0,13,0,13,0,13,0,13,0,13,0,11.9,0.0924,11.9,0.0924
5522,,,,,,,,,,,,,,,,,,,,,
5523,13.4,13.4,0,13.4,0,13.4,0,13.4,0,13.4,0,13.4,0,13.4,0,13.4,0,11.5,0.165,11.5,0.165
5524,,,,,,,,,,,,,,,,,,,,,
5525,,,,,,,,,,,,,,,,,,,,,
5526,,,,,,,,,,,,,,,,,,,,,
5535,25.5,25.5,0,25.5,0,25.5,0,,,,,,,,,25.5,0,21.9,0.164,,
5549,23.9,23.9,0,23.9,0,23.9,0,23.9,0,23.9,0,23.9,0,22.2,0.0766,22.9,0.0437,26.7,-0.105,22.2,0.0766
5634,43.9,43.9,0,48.6,-0.0967,51.6,-0.149,51.1,-0.141,40.2,0.092,52.9,-0.17,69.4,-0.367,36.4,0.206,29.7,0.478,56.4,-0.222
5726,36,36,0,36,0,36,0,36,0,36,0,36,0,,,36,0,36,0,30,0.2
5727,39,39,0,39,0,39,0,39,0,39,0,39,0,,,39,0,39,0,35,0.114
5728,,,,,,,,,,,,,,,,,,,,,
5729,,,,,,,,,,,,,,,,,,,,,
5730,,,,,,,,,,,,,,,,,,,,,
5731,33,33,0,33,0,33,0,33,0,33,0,33,0,,,33,0,33,0,30,0.1
5748,,,,,,,,,,,,,,,,,,,,,
5788,,,,,,,,,,,,,,,,,,,,,
5793,,,,,,,,,,,,,,,,,,,,,
5794,,,,,,,,,,,,,,,,,,,,,
5795,,,,,,,,,,,,,,,,,,,,,
5796,,,,,,,,,,,,,,,,,,,,,
5797,,,,,,,,,,,,,,,,,,,,,
5805,,,,,,,,,,,,,,,,,,,,,
5840,,,,,,,,,,,,,,,,,,,,,
5877,,,,,,,,,,,,,,,,,,,,,
6715,,,,,,,,,,,,,,,,,,,,,
6716,,,,,,,,,,,,,,,,,,,,,
6717,,,,,,,,,,,,,,,,,,,,,
6720,45.5,45.5,0,45.5,0,45.5,0,45.5,0,45.5,0,45.5,0,45.5,0,45.5,0,,,43,0.0581
6728,,,,,,,,,,,,,,,,,,,,,
6729,,,,,,,,,,,,,,,,,,,,,
6735,,,,,,,,,,,,,,,,,,,,,
6736,,,,,,,,,,,,,,,,,,,,,
6737,,,,,,,,,,,,,,,,,,,,,
6744,,,,,,,,,,,,,,,,,,,,,
6748,,,,,,,,,,,,,,,,,,,,,
6753,6,6,0,6,0,6,0,6,0,6,0,6,0,4.9,0.224,6,0,6,0,6,0
6754,6,6,0,6,0,6,0,6,0,6,0,6,0,4.9,0.224,6,0,6,0,6,0
6756,6,6,0,6,0,6,0,6,0,6,0,6,0,4.9,0.224,6,0,5.9,0.0169,5.9,0.0169
6778,18.5,18.5,0,18.5,0,18.5,0,18.5,0,18.5,0,18.5,0,18.5,0,18.5,0,18.5,0,18.5,0
6788,,,,,,,,,,,,,,,,,,,,,
6819,,,,,,,,,,,,,,,,,,,,,
6878,35.4,35.4,0,35.4,0,35.4,0,35.4,0,35.4,0,35.4,0,35.4,0,35.4,0,35.4,0,35.4,0
7817,,,,,,,,,,,,,,,,,,,,,
7880,,,,,,,,,,,,,,,,,,,,,
7975,43,43,0,43,0,43,0,39.9,0.0777,,,,,,,50,-0.14,50,-0.14,66.5,-0.353
8176,48.5,48.5,0,48.5,0,48.5,0,37.5,0.293,37.5,0.293,37.5,0.293,37.5,0.293,37.5,0.293,37.5,0.293,37.5,0.293
8184,72.5,72.5,0,72.5,0,72.5,0,56,0.295,56,0.295,56,0.295,56,0.295,56,0.295,38.5,0.883,38.5,0.883
8192,48.5,48.5,0,48.5,0,48.5,0,32.9,0.474,32.9,0.474,36,0.347,36,0.347,29.9,0.622,36,0.347,36,0.347
8206,49.5,49.5,0,49.5,0,49.5,0,38.5,0.286,38.5,0.286,38.5,0.286,38.5,0.286,38.5,0.286,38.5,0.286,38.5,0.286
8210,6.3,6.3,0,6.3,0,6.3,0,6.3,0,6.3,0,,,7,-0.1,7,-0.1,7,-0.1,7,-0.1
8214,26,26,0,26,0,26,0,20,0.3,20,0.3,20,0.3,20,0.3,20,0.3,20,0.3,20,0.3
8222,26,26,0,26,0,26,0,20,0.3,20,0.3,20,0.3,20,0.3,20,0.3,20,0.3,20,0.3
8257,27.5,27.5,0,27.5,0,27.5,0,20.5,0.341,20.5,0.341,20.5,0.341,20.5,0.341,20.5,0.341,20.5,0.341,20.5,0.341
8265,28.5,28.5,0,28.5,0,28.5,0,22.5,0.267,22.5,0.267,22.5,0.267,22.5,0.267,22.5,0.267,22.5,0.267,22.5,0.267
8354,28,28,0,28,0,,,28,0,28,0,28,0,28,0,28,0,24.5,0.143,25,0.12
8362,28,28,0,28,0,,,28,0,28,0,28,0,28,0,28,0,24.5,0.143,26,0.0769
8487,49,49,0,49,0,49,0,49,0,47.9,0.023,47.9,0.023,47.9,0.023,57.2,-0.143,57.2,-0.143,,
8773,,,,,,,,,,,,,,,,,,,,,
8774,31,31,0,31,0,31,0,31,0,31,0,31,0,31,0,31,0,42.5,-0.271,42.5,-0.271
8775,,,,,,,,,,,,,,,,,,,,,
9008,,,,,,,,,,,,,,,,,,,,,
9032,,,,,,,,,,,,,,,,,,,,,
9040,38,38,0,38,0,,,38,0,38,0,38,0,38,0,,,37,0.027,37,0.027
9045,,,,,,,,,,,,,,,,,,,,,
9046,,,,,,,,,,,,,,,,,,,,,
9047,,,,,,,,,,,,,,,,,,,,,
9049,,,,,,,,,,,,,,,,,,,,,
9050,,,,,,,,,,,,,,,,,,,,,
9051,,,,,,,,,,,,,,,,,,,,,
9199,,,,,,,,,,,,,,,,,,,,,
9202,34.5,34.5,0,34.5,0,,,,,,,34.5,0,34.5,0,31,0.113,31,0.113,31,0.113
9718,,,,,,,,,,,,,,,,,,,,,
10187,112,112,0,112,0,,,112,0,112,0,112,0,112,0,112,0,112,0.00446,112,0.00446
10669,8.4,8.4,0,8.4,0,8.4,0,8.1,0.037,8.1,0.037,7.3,0.151,7.3,0.151,7.9,0.0633,7.9,0.0633,8.7,-0.0345
10971,19.5,19.5,0,19.5,0,19.5,0,19.5,0,19.5,0,19.5,0,19.5,0,19.5,0,27.5,-0.291,27.5,-0.291
10972,35,35,0,35,0,35,0,35,0,35,0,35,0,35,0,43.5,-0.195,43.5,-0.195,43.5,-0.195
10973,35,35,0,35,0,35,0,35,0,35,0,,,35,0,43.5,-0.195,43.5,-0.195,43.5,-0.195
10974,,,,,,,,,,,,,,,,,,,,,
11045,62.5,62.5,0,62.5,0,62.5,0,62.5,0,62.5,0,62.5,0,62.5,0,62.5,0,62.5,0,62.5,0
11053,114,114,0,114,0,114,0,114,0,114,0,114,0,114,0,114,0,114,0,114,0
11078,14.5,14.5,0,14.5,0,14.5,0,14.5,0,14.5,0,14.5,0,,,14.5,0,14.5,0,,
11080,14.5,14.5,0,,,,,,,,,,,,,14.5,0,,,14.5,0
11096,36.2,36.2,0,36.2,0,42.6,-0.15,42.6,-0.15,42.6,-0.15,42.6,-0.15,42.6,-0.15,42.6,-0.15,42.6,-0.15,42.6,-0.15
11201,27.5,27.5,0,27.5,0,27.5,0,27.5,0,27.5,0,27.5,0,27.5,0,27.5,0,27.5,0,27.5,0
11223,21.9,21.9,0,21.9,0,21.9,0,21.9,0,21.9,0,21.9,0,21.9,0,21.9,0,21.9,0,21.9,0
11339,38,38,0,38,0,38,0,38,0,38,0,38,0,38,0,38.2,-0.00524,38.2,-0.00524,38.2,-0.00524
11347,38,38,0,38,0,38,0,38,0,38,0,38,0,38,0,38.2,-0.00524,38.2,-0.00524,38.2,-0.00524
11363,38,38,0,38,0,38,0,38,0,38,0,38,0,38,0,38.2,-0.00524,38.2,-0.00524,38.2,-0.00524
11507,799,799,0,799,0,,,700,0.141,700,0.141,,,,,,,,,,
11571,29.5,29.5,0,29.5,0,29.5,0,27.8,0.0612,27.8,0.0612,34.5,-0.145,34.5,-0.145,34.5,-0.145,34.5,-0.145,44.9,-0.343
11649,30,30,0,30,0,30,0,30,0,30,0,30,0,30,0,29,0.0345,26.6,0.128,24,0.25
11671,10,10,0,10,0,10,0,10,0,10,0,10,0,10,0,10,0,10,0,9.8,0.0204
11672,10,10,0,10,0,10,0,10,0,10,0,10,0,10,0,10,0,10,0,9.8,0.0204
11683,,,,,,,,,,,,,,,,,,,,,
11738,,,,,,,,,,,,,,,,,,,,,
11762,,,,,,,,,,,,,,,,,,,,,
11784,,,,,,,,,,,,,,,,,,,,,
11785,30,30,0,30,0,30,0,,,,,,,,,29,0.0345,29,0.0345,29,0.0345
12105,20,20,0,,,,,,,,,,,20,0,20,0,20,0,,
12173,11.5,11.5,0,11.5,0,11.5,0,11.5,0,11.5,0,11.5,0,11.5,0,11.5,0,11.5,0,,
12174,8.5,8.5,0,8.5,0,8.5,0,7,0.214,7,0.214,7,0.214,7,0.214,7,0.214,8,0.0625,8,0.0625
12175,4.5,4.5,0,4.5,0,4.5,0,4.5,0,,,,,4.5,0,,,5,-0.1,,
12177,9.5,9.5,0,9.5,0,9.5,0,8.5,0.118,8.5,0.118,8.5,0.118,8.5,0.118,8.5,0.118,9.5,0,9.5,0
12180,,,,,,,,,,,,,,,,,,,,,
12183,104,104,0,104,0,104,0,104,0,104,0,104,0,104,0,104,0,95,0.0947,115,-0.0957
12184,96,96,0,96,0,96,0,96,0,96,0,96,0,96,0,96,0,107,-0.103,107,-0.103
12185,9.5,9.5,0,9.5,0,9.5,0,9.5,0,,,9.5,0,9.5,0,9.5,0,9.5,0,9.5,0
12187,14,14,0,14,0,14,0,14,0,14,0,14,0,14,0,14,0,15,-0.0667,15,-0.0667
12191,24,24,0,24,0,24,0,24,0,24,0,,,,,24,0,30,-0.2,30,-0.2
12192,69,69,0,77,-0.104,77,-0.104,77,-0.104,77,-0.104,77,-0.104,77,-0.104,77,-0.104,95,-0.274,95,-0.274
12193,52,52,0,52,0,52,0,52,0,52,0,52,0,52,0,52,0,72,-0.278,72,-0.278
12194,68,68,0,68,0,68,0,68,0,68,0,68,0,68,0,68,0,82,-0.171,82,-0.171
12197,135,135,0,135,0,135,0,135,0,135,0,135,0,135,0,135,0,149,-0.094,149,-0.094
12204,23,23,0,23,0,23,0,23,0,23,0,23,0,23,0,23,0,25,-0.08,25,-0.08
12331,85,85,0,85,0,85,0,85,0,85,0,,,79.9,0.0638,80.8,0.052,80.8,0.052,80.8,0.052
12332,85,85,0,85,0,85,0,85,0,85,0,79.9,0.0638,79.9,0.0638,80.8,0.052,80.8,0.052,80.8,0.052
12336,,,,,,,,,,,,,,,,,,,,,
12338,85,85,0,85,0,85,0,85,0,85,0,79.9,0.0638,79.9,0.0638,80.8,0.052,80.8,0.052,80.8,0.052
12429,11.5,11.5,0,11.5,0,11.5,0,11.5,0,11.5,0,8.9,0.292,,,11.3,0.0177,11.3,0.0177,,
12551,,,,,,,,,,,,,,,,,,,,,
12561,19,19,0,19,0,19,0,19,0,19,0,19,0,19,0,19,0,19,0,19,0
12562,53,53,0,53,0,53,0,53,0,53,0,42.5,0.247,53,0,53,0,53,0,53,0
12778,,,,,,,,,,,,,,,,,,,,,
13200,5,5,0,5,0,5,0,5,0,5,0,5,0,5,0,5,0,5,0,5,0
13226,,,,,,,,,,,,,,,,,,,,,
13293,12.5,12.5,0,12.5,0,12.5,0,12.5,0,12.5,0,12.5,0,12.5,0,12.5,0,12.5,0,12.5,0
13570,,,,,,,,,,,,,,,,,,,,,
13573,,,,,,,,,,,,,,,,,,,,,
13720,,,,,,,,,,,,,,,,,,,,,
13773,,,,,,,,,,,,,,,,,,,,,
14011,,,,,,,,,,,,,,,,,,,,,
14013,90.5,90.5,0,90.5,0,,,90.5,0,90.5,0,90.5,0,88,0.0284,88,0.0284,85,0.0647,85,0.0647
14014,42.5,42.5,0,42.5,0,42.5,0,42.5,0,42.5,0,42.5,0,42.5,0,42.5,0,38,0.118,38,0.118
14015,25,25,0,25,0,25,0,25,0,25,0,25,0,25,0,25,0,25,0,25,0
14020,22.5,22.5,0,22.5,0,22.5,0,22.5,0,22.5,0,22.5,0,22.5,0,22.5,0,22.5,0,,
14027,,,,,,,,,,,,,,,,,,,,,
14029,,,,,,,,,,,,,,,,,,,,,
14030,15.9,15.9,0,15.9,0,15.9,0,,,15.9,0,15.9,0,15.9,0,15.9,0,15.9,0,,
14031,,,,,,,,,,,,,,,,,,,,,
14032,,,,,,,,,,,,,,,,,,,,,
14041,19,19,0,19,0,19,0,19,0,19,0,19,0,19,0,20.5,-0.0732,19,0,19.9,-0.0452
14042,,,,,,,,,,,,,,,,,,,,,
14043,24,24,0,24,0,24,0,24,0,24,0,24,0,24,0,24,0,22.5,0.0667,24.9,-0.0361
14045,19,19,0,19,0,19,0,19,0,19,0,19,0,19,0,20.5,-0.0732,19,0,19.9,-0.0452
14050,22.5,22.5,0,22.5,0,22.5,0,22.5,0,22.5,0,22.5,0,,,,,,,17,0.324
14051,22.5,22.5,0,22.5,0,22.5,0,22.5,0,22.5,0,22.5,0,,,,,,,,
14053,22.5,22.5,0,22.5,0,22.5,0,22.5,0,22.5,0,22.5,0,,,,,,,,
14054,22.5,22.5,0,22.5,0,22.5,0,22.5,0,22.5,0,22.5,0,,,,,,,,
14055,16,16,0,16,0,16,0,16,0,16,0,16,0,16,0,16,0,15,0.0667,14.5,0.103
14056,31,31,0,31,0,31,0,,,,,,,,,30,0.0333,30,0.0333,30,0.0333
14057,,,,,,,,,,,,,,,,,,,,,
14063,58,58,0,58,0,58,0,58,0,59.5,-0.0252,59.5,-0.0252,59.5,-0.0252,61.9,-0.063,61.9,-0.063,61.9,-0.063
14064,39,39,0,,,,,,,,,39,0,39,0,39,0,31.9,0.223,,
14065,,,,,,,,,,,,,,,,,,,,,
14069,,,,,,,,,,,,,,,,,,,,,
14070,,,,,,,,,,,,,,,,,,,,,
14071,25,25,0,25,0,25,0,25,0,25,0,25,0,25,0,25,0,25,0,25,0
14072,28.8,28.8,0,28.8,0,28.8,0,28.8,0,28.8,0,28.8,0,,,28.8,0,28.8,0,28.8,0
14073,,,,,,,,,,,,,,,,,,,,,
14078,,,,,,,,,,,,,,,,,,,,,
14088,,,,,,,,,,,,,,,,,,,,,
14091,,,,,,,,,,,,,,,,,,,,,
14098,37.5,,,,,,,,,,,,,,,38.3,-0.0209,38.3,-0.0209,38.3,-0.0209
14099,70.5,70.5,0,65,0.0846,65,0.0846,65,0.0846,59.5,0.185,,,,,73.5,-0.0408,73.5,-0.0408,73.5,-0.0408
14101,,,,,,,,,,,,,,,,,,,,,
14104,,,,,,,,,,,,,,,,,,,,,
14106,,,,,,,,,,,,,,,,,,,,,
14107,,,,,,,,,,,,,,,,,,,,,
14108,,,,,,,,,,,,,,,,,,,,,
14113,,,,,,,,,,,,,,,,,,,,,
14118,,,,,,,,,,,,,,,,,,,,,
14123,,,,,,,,,,,,,,,,,,,,,
14124,,,,,,,,,,,,,,,,,,,,,
14125,,,,,,,,,,,,,,,,,,,,,
14128,,,,,,,,,,,,,,,,,,,,,
14129,,,,,,,,,,,,,,,,,,,,,
14130,,,,,,,,,,,,,,,,,,,,,
14131,,,,,,,,,,,,,,,,,,,,,
14156,13.5,13.5,0,13.5,0,13.5,0,13.5,0,13.5,0,13.5,0,,,,,,,,
14159,55,55,0,55,0,,,55,0,55,0,55,0,92,-0.402,92,-0.402,92,-0.402,92,-0.402
14160,,,,,,,,,,,,,,,,,,,,,
14161,12.5,12.5,0,12.5,0,12.5,0,12.5,0,12.5,0,12.5,0,,,,,,,,
14162,,,,,,,,,,,,,,,,,,,,,
14170,11.3,11.3,0,11.3,0,11.3,0,11.3,0,11.3,0,11.3,0,11.3,0,11.3,0,13.5,-0.163,13.5,-0.163
14171,61.5,61.5,0,61.5,0,61.5,0,61.5,0,61.5,0,61.5,0,61.5,0,61.5,0,61.5,0,61.5,0
14172,,,,,,,,,,,,,,,,,,,,,
14183,,,,,,,,,,,,,,,,,,,,,
14188,,,,,,,,,,,,,,,,,,,,,
14189,,,,,,,,,,,,,,,,,,,,,
14190,,,,,,,,,,,,,,,,,,,,,
14195,20.5,20.5,0,20.5,0,20.5,0,20.5,0,20.5,0,20.5,0,20.5,0,20.5,0,,,,
14196,,,,,,,,,,,,,,,,,,,,,
14198,,,,,,,,,,,,,,,,,,,,,
14204,12.5,12.5,0,12.5,0,12.5,0,12.5,0,12.5,0,,,12.5,0,12.5,0,12.5,0,12.5,0
14205,12.5,12.5,0,12.5,0,12.5,0,12.5,0,12.5,0,12.5,0,12.5,0,12.5,0,12.5,0,12.5,0
14206,12.5,12.5,0,12.5,0,12.5,0,12.5,0,12.5,0,12.5,0,12.5,0,12.5,0,12.5,0,12.5,0
14207,20.5,20.5,0,20.5,0,20.5,0,20.5,0,20.5,0,20.5,0,20.5,0,20.5,0,20.5,0,20.5,0
14208,22,22,0,22,0,22,0,22,0,22,0,22,0,22,0,22,0,22,0,22,0
14209,25,25,0,25,0,25,0,25,0,25,0,25,0,25,0,25,0,25,0,25,0
14210,22,22,0,22,0,22,0,22,0,22,0,22,0,22,0,22,0,22,0,22,0
14211,53.5,53.5,0,53.5,0,,,53.5,0,53.5,0,53.5,0,53.5,0,53.5,0,53.5,0,,
14220,11.7,11.7,0,11.7,0,11.7,0,11.7,0,11.7,0,11.7,0,,,11.7,0,11.7,0,11.7,0
14222,,,,,,,,,,,,,,,,,,,,,
14223,,,,,,,,,,,,,,,,,,,,,
14225,,,,,,,,,,,,,,,,,,,,,
14234,25,25,0,,,,,,,,,,,,,,,,,,
14236,,,,,,,,,,,,,,,,,,,,,
14237,,,,,,,,,,,,,,,,,,,,,
14239,37.5,37.5,0,37.5,0,37.5,0,37.5,0,37.5,0,37.5,0,37.5,0,37.5,0,37.5,0,37.5,0
14240,25,25,0,25,0,25,0,25,0,25,0,25,0,25,0,25,0,25,0,25,0
14242,25,25,0,25,0,25,0,25,0,25,0,25,0,25,0,25,0,25,0,25,0
14243,12.5,12.5,0,12.5,0,12.5,0,12.5,0,12.5,0,12.5,0,12.5,0,12.5,0,12.5,0,12.5,0
14248,32,32,0,32,0,32,0,32,0,32,0,32,0,32,0,32,0,32,0,32,0
14255,2.29e+03,2.29e+03,0,2.29e+03,0,,,2.29e+03,0,2.29e+03,0,2.29e+03,0,2.29e+03,0,2.29e+03,0,2.29e+03,0,2.29e+03,0
14258,19.5,19.5,0,19.5,0,19.5,0,19.5,0,19.5,0,16.5,0.182,16.5,0.182,,,,,,
14274,37.9,37.9,0,37.9,0,37.9,0,37.9,0,37.9,0,,,,,,,,,,
14278,38.5,38.5,0,38.5,0,38.5,0,38.5,0,38.5,0,38.5,0,38.5,0,38.5,0,38.5,0,38.5,0
14284,47.5,47.5,0,47.5,0,47.5,0,47.5,0,47.5,0,,,,,57.5,-0.174,57.5,-0.174,,
14285,44.9,44.9,0,44.9,0,44.9,0,,,,,,,,,59.9,-0.25,59.9,-0.25,,
14286,50,50,0,50,0,50,0,50,0,50,0,50,0,50,0,53.5,-0.0654,41.9,0.193,,
14287,55.5,55.5,0,55.5,0,55.5,0,55.5,0,55.5,0,55.5,0,55.5,0,53.5,0.0374,53.5,0.0374,,
14288,6.4,6.4,0,6.4,0,6.4,0,6.4,0,6.4,0,,,6.4,0,6.4,0,6.4,0,6.4,0
14291,,,,,,,,,,,,,,,,,,,,,
14292,,,,,,,,,,,,,,,,,,,,,
14293,,,,,,,,,,,,,,,,,,,,,
14295,118,118,0,118,0,,,118,0,118,0,118,0,118,0,118,0,118,0,118,0
14296,149,149,0,,,,,149,0,149,0,149,0,149,0,149,0,149,0,149,0
14299,49.5,49.5,0,49.5,0,49.5,0,49.5,0,49.5,0,49.5,0,49.5,0,49.5,0,49.5,0,40,0.238
14300,,,,,,,,,,,,,,,,,,,,,
14302,,,,,,,,,,,,,,,,,,,,,
14304,,,,,,,,,,,,,,,,,,,,,
14305,,,,,,,,,,,,,,,,,,,,,
14314,,,,,,,,,,,,,,,,,,,,,
14315,,,,,,,,,,,,,,,,,,,,,
14322,69.5,69.5,0,69.5,0,69.5,0,69.5,0,69.5,0,69.5,0,69.5,0,69.5,0,95,-0.268,95,-0.268
14328,29.5,29.5,0,29.5,0,29.5,0,29.5,0,29.5,0,29.5,0,29.5,0,29.5,0,29.5,0,29.5,0
14330,,,,,,,,,,,,,,,,,,,,,
14332,93.5,93.5,0,93.5,0,93.5,0,93.5,0,93.5,0,93.5,0,93.5,0,93.5,0,93.5,0,93.5,0
14342,,,,,,,,,,,,,,,,,,,,,
14353,,,,,,,,,,,,,,,,,,,,,
14355,149,149,0,149,0,,,149,0,149,0,149,0,149,0,149,0,149,0,149,0
14357,,,,,,,,,,,,,,,,,,,,,
14358,,,,,,,,,,,,,,,,,,,,,
14359,8,8,0,8,0,8,0,8,0,8,0,8,0,8,0,8,0,7,0.143,7,0.143
14361,9.5,9.5,0,9.5,0,9.5,0,9.5,0,9.5,0,9.5,0,9.5,0,9.5,0,7.9,0.203,9.3,0.0215
14364,78.5,78.5,0,78.5,0,,,78.5,0,78.5,0,78.5,0,78.5,0,78.5,0,78.5,0,75,0.0467
14365,7.9,7.9,0,9.5,-0.168,9.5,-0.168,9.5,-0.168,9.5,-0.168,9.5,-0.168,9.5,-0.168,9.5,-0.168,7.9,0,9.3,-0.151
14375,49.5,49.5,0,49.5,0,49.5,0,45,0.1,45,0.1,45,0.1,45,0.1,45,0.1,49.5,0,49,0.0102
14381,30,30,0,30,0,30,0,30,0,30,0,,,,,,,,,,
14382,8.8,8.8,0,8.8,0,8.8,0,8.8,0,8.8,0,8.8,0,,,8.8,0,8.8,0,8.8,0
14383,,,,,,,,,,,,,,,,,,,,,
14384,132,132,0,132,0,,,132,0,132,0,132,0,132,0,,,159,-0.167,,
14388,,,,,,,,,,,,,,,,,,,,,
14395,,,,,,,,,,,,,,,,,,,,,
14396,,,,,,,,,,,,,,,,,,,,,
14398,110,110,0,110,0,,,110,0,110,0,110,0,110,0,110,0,110,0,110,0
14402,,,,,,,,,,,,,,,,,,,,,
14412,,,,,,,,,,,,,,,,,,,,,
14413,,,,,,,,,,,,,,,,,,,,,
14424,223,223,0,223,0,223,0,223,0,223,0,223,0,223,0,223,0,,,,
14428,5,5,0,5,0,5,0,4.5,0.111,4.5,0.111,,,,,4.5,0.111,4.9,0.0204,5,0
14429,5,5,0,5,0,5,0,4.5,0.111,,,4.5,0.111,4.5,0.111,4.5,0.111,4.9,0.0204,5,0
14430,,,,,,,,,,,,,,,,,,,,,
14433,,,,,,,,,,,,,,,,,,,,,
14434,,,,,,,,,,,,,,,,,,,,,
14436,,,,,,,,,,,,,,,,,,,,,
14437,,,,,,,,,,,,,,,,,,,,,
14438,40,40,0,40,0,40,0,36.5,0.0959,36.5,0.0959,36.5,0.0959,36.5,0.0959,36.5,0.0959,36.5,0.0959,36.5,0.0959
14439,33.8,33.8,0,33.8,0,33.8,0,33.8,0,33.8,0,33.8,0,33.8,0,33.8,0,33.8,0,33.8,0
14440,30.9,30.9,0,30.9,0,30.9,0,30,0.03,30,0.03,30,0.03,30,0.03,30,0.03,30,0.03,30,0.03
14441,50,50,0,50,0,50,0,49,0.0204,49,0.0204,49,0.0204,49,0.0204,49,0.0204,49,0.0204,49,0.0204
14443,,,,,,,,,,,,,,,,,,,,,
14450,39.5,39.5,0,39.5,0,39.5,0,39.5,0,39.5,0,,,39.5,0,39.5,0,39.5,0,39.5,0
14465,23.5,23.5,0,23.5,0,,,23.5,0,,,22.5,0.0444,22.5,0.0444,,,19.9,0.181,19.9,0.181
14469,94.9,94.9,0,94.9,0,94.9,0,94.9,0,94.9,0,94.9,0,94.9,0,94.9,0,94.9,0,,
14476,,,,,,,,,,,,,,,,,,,,,
14477,27.5,27.5,0,27.5,0,27.5,0,27.5,0,27.5,0,,,27.5,0,33.5,-0.179,35.5,-0.225,35.5,-0.225
14478,,,,,,,,,,,,,,,,,,,,,
14483,14.9,14.9,0,14.9,0,14.9,0,14.9,0,14.9,0,14.9,0,14.9,0,14.9,0,,,15,-0.00667
14484,,,,,,,,,,,,,,,,,,,,,
14485,,,,,,,,,,,,,,,,,,,,,
14486,14.5,14.5,0,14.5,0,,,14.5,0,14.5,0,14.5,0,14.5,0,14.5,0,14.5,0,14.5,0
14487,14.5,14.5,0,14.5,0,,,14.5,0,14.5,0,14.5,0,14.5,0,14.5,0,14.5,0,14.5,0
14488,14.5,14.5,0,14.5,0,,,14.5,0,14.5,0,14.5,0,14.5,0,14.5,0,14.5,0,14.5,0
14489,14.5,14.5,0,14.5,0,,,14.5,0,14.5,0,14.5,0,14.5,0,14.5,0,14.5,0,14.5,0
14490,13.5,13.5,0,13.5,0,13.5,0,13.5,0,12,0.125,12,0.125,12,0.125,12,0.125,,,10,0.35
14491,13.5,13.5,0,13.5,0,13.5,0,13.5,0,12,0.125,12,0.125,12,0.125,12,0.125,12,0.125,10,0.35
14493,,,,,,,,,,,,,,,,,,,,,
14499,5.5,5.5,0,5.5,0,5.5,0,5.5,0,5.5,0,5.5,0,8,-0.312,8,-0.312,8,-0.312,8,-0.312
14503,,,,,,,,,,,,,,,,,,,,,
14504,,,,,,,,,,,,,,,,,,,,,
14505,,,,,,,,,,,,,,,,,,,,,
14506,,,,,,,,,,,,,,,,,,,,,
14512,28.5,28.5,0,28.5,0,28.5,0,28.5,0,28.5,0,28.5,0,28.5,0,28.5,0,28.5,0,28.5,0
14522,,,,,,,,,,,,,,,,,,,,,
14523,,,,,,,,,,,,,,,,,,,,,
14530,28.5,28.5,0,28.5,0,28.5,0,28.5,0,28.5,0,28.5,0,28.5,0,28.5,0,28.5,0,28.5,0
14532,28.5,28.5,0,28.5,0,28.5,0,28.5,0,28.5,0,28.5,0,28.5,0,28.5,0,28.5,0,28.5,0
14534,699,699,0,699,0,,,699,0,699,0,699,0,699,0,699,0,829,-0.157,829,-0.157
14535,,,,,,,,,,,,,,,,,,,,,
14536,4.8,4.8,0,4.8,0,4.8,0,4.8,0,4.8,0,4.8,0,,,4.8,0,4.8,0,4.8,0
14550,9,9,0,9,0,9,0,9,0,9,0,,,9,0,9,0,9,0,,
14554,,,,,,,,,,,,,,,,,,,,,
14555,135,135,0,135,0,,,135,0,135,0,135,0,135,0,135,0,135,0,135,0
14567,45.5,45.5,0,45.5,0,45.5,0,45.5,0,45.5,0,,,,,,,,,,
14570,41.5,41.5,0,41.5,0,41.5,0,41.5,0,41.5,0,41.5,0,41.5,0,41.5,0,41.5,0,41.5,0
14572,20.4,20.4,0,20.4,0,20.4,0,20.4,0,20.4,0,20.4,0,20.4,0,20.4,0,20.4,0,20.4,0
14573,20.4,20.4,0,20.4,0,20.4,0,20.4,0,20.4,0,20.4,0,20.4,0,20.4,0,20.4,0,20.4,0
14574,20.4,20.4,0,20.4,0,20.4,0,20.4,0,20.4,0,20.4,0,20.4,0,20.4,0,20.4,0,20.4,0
14588,,,,,,,,,,,,,,,,,,,,,
14600,6,6,0,5,0.2,5,0.2,5,0.2,4,0.5,4,0.5,4,0.5,7,-0.143,7,-0.143,7,-0.143
14604,,,,,,,,,,,,,,,,,,,,,
14605,23.5,23.5,0,23.5,0,23.5,0,23.5,0,23.5,0,23.5,0,23.5,0,23.5,0,23.5,0,19.8,0.187
14607,,,,,,,,,,,,,,,,,,,,,
14626,147,147,0,147,0,,,147,0,147,0,147,0,147,0,148,-0.00339,148,-0.00339,142,0.0316
14631,26,26,0,26,0,26,0,26,0,26,0,26,0,26,0,31,-0.161,31,-0.161,31,-0.161
14639,31,31,0,31,0,31,0,31,0,31,0,31,0,31,0,31,0,31,0,31,0
14649,30,30,0,30,0,30,0,30.5,-0.0164,30.5,-0.0164,30.5,-0.0164,30.5,-0.0164,41,-0.268,41,-0.268,41,-0.268
14655,135,135,0,135,0,135,0,135,0,135,0,135,0,135,0,135,0,168,-0.196,168,-0.196
14657,,,,,,,,,,,,,,,,,,,,,
14660,19.5,19.5,0,19.5,0,19.5,0,19.5,0,19.5,0,19.5,0,19.5,0,23,-0.152,23,-0.152,23,-0.152
14666,19.9,19.9,0,19.9,0,19.9,0,19.9,0,19.9,0,19.9,0,19.9,0,24.5,-0.188,24.5,-0.188,24.5,-0.188
14667,12.9,12.9,0,12.9,0,12.9,0,12.9,0,,,12.9,0,12.9,0,18.5,-0.303,18.5,-0.303,18.5,-0.303
14668,10.5,10.5,0,10.5,0,10.5,0,10.5,0,10.5,0,10.5,0,10.5,0,13,-0.192,13,-0.192,13,-0.192
14676,9,9,0,9,0,9,0,9,0,9,0,9,0,9,0,13.5,-0.333,13.5,-0.333,13.5,-0.333
14679,15.9,15.9,0,,,,,,,,,,,,,,,15.9,0,,
14680,,,,,,,,,,,,,,,,,,,,,
14691,,,,,,,,,,,,,,,,,,,,,
14697,22,22,0,22,0,22,0,18.5,0.189,18.5,0.189,22.5,-0.0222,22.5,-0.0222,22,0,22,0,,
14703,9,9,0,9,0,9,0,9,0,9,0,9,0,9,0,9,0,9,0,,
14705,,,,,,,,,,,,,,,,,,,,,
14709,,,,,,,,,,,,,,,,,,,,,
14720,28,28,0,28,0,,,28,0,28,0,28,0,28,0,28,0,28,0,28,0
14730,13.8,13.8,0,13.8,0,13.8,0,13.8,0,13.8,0,,,13.8,0,14.8,-0.0676,14.8,-0.0676,,
14731,13.8,13.8,0,13.8,0,13.8,0,13.8,0,13.8,0,13.8,0,13.8,0,14.8,-0.0676,,,14.8,-0.0676
14750,52,52,0,52,0,52,0,52,0,52,0,52,0,52,0,52,0,52,0,52,0
14751,,,,,,,,,,,,,,,,,,,,,
14752,,,,,,,,,,,,,,,,,,,,,
14755,,,,,,,,,,,,,,,,,,,,,
14756,17.5,17.5,0,17.5,0,17.5,0,17.5,0,17.5,0,9.9,0.768,17.5,0,17.5,0,17.5,0,,
14766,29.5,29.5,0,29.5,0,29.5,0,27.8,0.0612,,,,,,,34.5,-0.145,34.5,-0.145,44.9,-0.343
14767,,,,,,,,,,,,,,,,,,,,,
14770,13.5,13.5,0,13.5,0,13.5,0,13.5,0,,,13.5,0,13.5,0,13.5,0,13.5,0,13.5,0
14774,,,,,,,,,,,,,,,,,,,,,
14775,10.5,10.5,0,10.5,0,10.5,0,10.5,0,10.5,0,10.5,0,10.5,0,10.5,0,10.5,0,6.9,0.522
14776,10.5,10.5,0,10.5,0,10.5,0,10.5,0,10.5,0,10.5,0,10.5,0,10.5,0,10.5,0,6.9,0.522
14782,37,37,0,37,0,37,0,33.5,0.104,33.5,0.104,33.5,0.104,33.5,0.104,33.5,0.104,33.5,0.104,33.5,0.104
14788,85.5,85.5,0,85.5,0,85.5,0,85.5,0,85.5,0,85.5,0,,,85.5,0,85.5,0,85.5,0
14789,,,,,,,,,,,,,,,,,,,,,
14791,27,27,0,27,0,27,0,27,0,27,0,27,0,27,0,27,0,27,0,27,0
14792,8,8,0,8,0,8,0,8,0,8,0,8,0,8,0,8,0,8,0,8,0
14796,39.5,39.5,0,39.5,0,39.5,0,39.5,0,39.5,0,39.5,0,39.5,0,39.5,0,39.5,0,,
14798,58,58,0,58,0,58,0,58,0,58,0,58,0,58,0,58,0,58,0,58,0
14971,,,,,,,,,,,,,,,,,,,,,
15015,,,,,,,,,,,,,,,,,,,,,
15016,,,,,,,,,,,,,,,,,,,,,
15024,,,,,,,,,,,,,,,,,,,,,
15051,,,,,,,,,,,,,,,,,,,,,
15054,78,78,0,78,0,,,78,0,78,0,78,0,78,0,78,0,78.5,-0.00637,78.5,-0.00637
15056,,,,,,,,,,,,,,,,,,,,,
15058,,,,,,,,,,,,,,,,,,,,,
15059,8.5,8.5,0,8.5,0,8.5,0,8.5,0,8.5,0,8,0.0625,,,8.9,-0.0449,10.5,-0.19,10.5,-0.19
15060,,,,,,,,,,,,,,,,,,,,,
15067,16.5,16.5,0,16.5,0,16.5,0,16.5,0,16.5,0,16.5,0,16.5,0,16.5,0,16.5,0,14.5,0.138
15069,,,,,,,,,,,,,,,,,,,,,
15071,,,,,,,,,,,,,,,,,,,,,
15072,,,,,,,,,,,,,,,,,,,,,
15075,16.5,16.5,0,16.5,0,16.5,0,16.5,0,16.5,0,16.5,0,16.5,0,16.5,0,16.5,0,14.5,0.138
15077,30.5,30.5,0,30.5,0,30.5,0,30.5,0,30.5,0,30.5,0,,,30.5,0,30.5,0,30.5,0
15078,54.5,54.5,0,54.5,0,54.5,0,54.5,0,54.5,0,,,,,54.5,0,54.5,0,54.5,0
15083,16.5,16.5,0,16.5,0,16.5,0,16.5,0,16.5,0,16.5,0,16.5,0,16.5,0,16.5,0,14.5,0.138
15089,,,,,,,,,,,,,,,,,,,,,
15090,,,,,,,,,,,,,,,,,,,,,
15091,15,15,0,15,0,15,0,15,0,15,0,15,0,15,0,15,0,15,0,15,0
15099,,,,,,,,,,,,,,,,,,,,,
15250,21.5,21.5,0,21.5,0,21.5,0,21.5,0,21.5,0,21.5,0,,,21.5,0,,,21.5,0
15251,21.5,21.5,0,21.5,0,21.5,0,21.5,0,21.5,0,21.5,0,,,21.5,0,21.5,0,21.5,0
15252,20.5,20.5,0,20.5,0,20.5,0,20.5,0,20.5,0,20.5,0,,,20.5,0,20.5,0,20.5,0
15255,21.5,21.5,0,21.5,0,21.5,0,21.5,0,21.5,0,,,,,21.5,0,21.5,0,21.5,0
15334,,,,,,,,,,,,,,,,,,,,,
15385,,,,,,,,,,,,,,,,,,,,,
15550,150,150,0,150,0,150,0,150,0,150,0,150,0,150,0,150,0,150,0,112,0.339
15553,81,81,0,81,0,81,0,81,0,81,0,81,0,81,0,81,0,81,0,62.5,0.296
15554,27,27,0,27,0,27,0,27,0,27,0,27,0,27,0,27,0,27,0,21.9,0.233
15556,43.5,43.5,0,43.5,0,43.5,0,43.5,0,43.5,0,43.5,0,43.5,0,43.5,0,43.5,0,36.5,0.192
15558,40.5,40.5,0,40.5,0,40.5,0,40.5,0,40.5,0,40.5,0,40.5,0,40.5,0,40.5,0,40.5,0
15559,113,113,0,113,0,113,0,113,0,113,0,113,0,113,0,113,0,113,0,93,0.215
15560,,,,,,,,,,,,,,,,,,,,,
15571,,,,,,,,,,,,,,,,,,,,,
15578,,,,,,,,,,,,,,,,,,,,,
15579,,,,,,,,,,,,,,,,,,,,,
15628,17.5,17.5,0,17.5,0,17.5,0,17.5,0,17.5,0,17.5,0,17.5,0,21.5,-0.186,21.5,-0.186,21.5,-0.186
15636,,,,,,,,,,,,,,,,,,,,,
15695,,,,,,,,,,,,,,,,,,,,,
15782,28,28,0,,,,,,,28,0,28,0,,,28,0,28,0,28,0
15788,23,23,0,23,0,23,0,23,0,23,0,23,0,,,23,0,23,0,23,0
15789,29.5,29.5,0,29.5,0,29.5,0,29.5,0,29.5,0,29.5,0,29.5,0,29.5,0,29.5,0,29.5,0
15790,51,51,0,51,0,51,0,51,0,51,0,51,0,,,51,0,51,0,52,-0.0192
15878,84,84,0,84,0,,,84,0,84,0,84,0,,,84,0,81.5,0.0307,81.5,0.0307
15977,,,,,,,,,,,,,,,,,,,,,
16001,16,16,0,16,0,16,0,16,0,16,0,16,0,16,0,16,0,16,0,15.5,0.0323
16006,,,,,,,,,,,,,,,,,,,,,
16025,90.5,90.5,0,90.5,0,90.5,0,90.5,0,110,-0.177,110,-0.177,110,-0.177,110,-0.177,110,-0.177,110,-0.177
16033,209,209,0,209,0,,,174,0.201,174,0.201,174,0.201,174,0.201,174,0.201,249,-0.161,249,-0.161
16040,1.25e+03,1.25e+03,0,1.25e+03,0,,,1.25e+03,0,1.25e+03,0,1.25e+03,0,1.25e+03,0,1.25e+03,0,1.25e+03,0,1.25e+03,0
16045,,,,,,,,,,,,,,,,,,,,,
16046,,,,,,,,,,,,,,,,,,,,,
16048,,,,,,,,,,,,,,,,,,,,,
16049,,,,,,,,,,,,,,,,,,,,,
16053,13.5,13.5,0,13.5,0,13.5,0,13.5,0,13.5,0,,,11,0.227,13.5,0,13.5,0,,
16075,,,,,,,,,,,,,,,,,,,,,
16078,15.9,15.9,0,15.9,0,15.9,0,15.9,0,15.9,0,15.9,0,15.9,0,16,-0.00625,13.5,0.178,16,-0.00625
16079,15.9,15.9,0,15.9,0,15.9,0,15.9,0,15.9,0,15.9,0,15.9,0,16,-0.00625,13.5,0.178,16,-0.00625
16080,48.5,48.5,0,48.5,0,48.5,0,48.5,0,48.5,0,45,0.0778,45,0.0778,45,0.0778,47,0.0319,47,0.0319
16081,15.9,15.9,0,15.9,0,15.9,0,15.9,0,15.9,0,15.9,0,15.9,0,16,-0.00625,13.5,0.178,16,-0.00625
16082,15.9,15.9,0,15.9,0,15.9,0,15.9,0,15.9,0,15.9,0,15.9,0,16,-0.00625,13.5,0.178,16,-0.00625
16085,14.8,14.8,0,14.8,0,14.8,0,14.8,0,14.8,0,14.8,0,,,14.8,0,14.8,0,,
16086,23,23,0,23,0,23,0,23,0,23,0,23,0,23,0,23,0,23,0,23,0
16087,22,22,0,22,0,22,0,22,0,22,0,22,0,22,0,22,0,22,0,18,0.222
16088,,,,,,,,,,,,,,,,,,,,,
16098,77,77,0,77,0,77,0,77,0,84,-0.0833,84,-0.0833,84,-0.0833,84,-0.0833,84,-0.0833,84,-0.0833
16099,55,55,0,55,0,,,55,0,55,0,55,0,55,0,57,-0.0351,57,-0.0351,57,-0.0351
16102,8.5,8.5,0,8.5,0,8.5,0,8.5,0,8.5,0,8.5,0,8.5,0,8.5,0,8,0.0625,7.5,0.133
16366,,,,,,,,,,,,,,,,,,,,,
16513,39.5,39.5,0,39.5,0,39.5,0,39.5,0,39.5,0,39.5,0,39.5,0,40,-0.0125,40,-0.0125,,
16525,,,,,,,,,,,,,,,,,,,,,
16526,7.5,7.5,0,7.5,0,7.5,0,7.5,0,7.5,0,7.5,0,7.5,0,8.5,-0.118,7.9,-0.0506,8.5,-0.118
16605,,,,,,,,,,,,,,,,,,,,,
16630,,,,,,,,,,,,,,,,,,,,,
16633,,,,,,,,,,,,,,,,,,,,,
16634,,,,,,,,,,,,,,,,,,,,,
16642,,,,,,,,,,,,,,,,,,,,,
16643,,,,,,,,,,,,,,,,,,,,,
16644,,,,,,,,,,,,,,,,,,,,,
16671,77,77,0,77,0,77,0,77,0,77,0,77,0,77,0,77,0,77,0,77,0
16676,,,,,,,,,,,,,,,,,,,,,
16684,,,,,,,,,,,,,,,,,,,,,
16700,,,,,,,,,,,,,,,,,,,,,
16873,28,28,0,28,0,,,28,0,28,0,28,0,28,0,28,0,28,0,28,0
16875,28,28,0,28,0,,,28,0,28,0,28,0,28,0,28,0,28,0,28,0
16876,28,28,0,28,0,,,28,0,28,0,28,0,28,0,28,0,28,0,28,0
16877,28,28,0,28,0,,,28,0,28,0,28,0,28,0,28,0,28,0,28,0
17001,22.5,22.5,0,22.5,0,22.5,0,17.9,0.257,17.9,0.257,22.5,0,22.5,0,22.5,0,22.5,0,22.5,0
17002,22.5,22.5,0,22.5,0,22.5,0,17.9,0.257,17.9,0.257,22.5,0,22.5,0,18.9,0.19,22.5,0,22.5,0
17004,,,,,,,,,,,,,,,,,,,,,
17005,13.8,13.8,0,13.8,0,13.8,0,13.8,0,13.8,0,,,,,,,,,,
17006,7.5,7.5,0,7.5,0,7.5,0,7.5,0,7,0.0714,7,0.0714,7,0.0714,7,0.0714,,,5.9,0.271
17007,7.5,7.5,0,7.5,0,7.5,0,7.5,0,7,0.0714,7,0.0714,7,0.0714,7,0.0714,7,0.0714,5.9,0.271
17009,,,,,,,,,,,,,,,,,,,,,
17012,,,,,,,,,,,,,,,,,,,,,
17018,,,,,,,,,,,,,,,,,,,,,
17021,,,,,,,,,,,,,,,,,,,,,
17023,,,,,,,,,,,,,,,,,,,,,
17024,,,,,,,,,,,,,,,,,,,,,
17037,,,,,,,,,,,,,,,,,,,,,
17038,,,,,,,,,,,,,,,,,,,,,
17039,,,,,,,,,,,,,,,,,,,,,
17040,,,,,,,,,,,,,,,,,,,,,
17045,,,,,,,,,,,,,,,,,,,,,
17047,,,,,,,,,,,,,,,,,,,,,
17048,,,,,,,,,,,,,,,,,,,,,
17049,15,15,0,15,0,15,0,15,0,15,0,15,0,14,0.0714,14,0.0714,14,0.0714,14,0.0714
17050,25,25,0,25,0,25,0,25,0,25,0,,,,,24.5,0.0204,24.5,0.0204,24.5,0.0204
17058,27.5,27.5,0,27.5,0,,,27.5,0,27.5,0,27.5,0,,,,,24.5,0.122,25,0.1
17060,11,11,0,11,0,11,0,11,0,11,0,11,0,11,0,14,-0.214,14,-0.214,14,-0.214
17061,27.5,27.5,0,27.5,0,,,27.5,0,27.5,0,27.5,0,,,27.5,0,27.5,0,23.9,0.151
17063,,,,,,,,,,,,,,,,,,,,,
17064,,,,,,,,,,,,,,,,,,,,,
17065,,,,,,,,,,,,,,,,,,,,,
17066,20,20,0,20,0,20,0,20,0,20,0,18.5,0.0811,18,0.111,24,-0.167,24,-0.167,24,-0.167
17067,20,20,0,20,0,20,0,20,0,20,0,18,0.111,18,0.111,24,-0.167,24,-0.167,24,-0.167
17068,,,,,,,,,,,,,,,,,,,,,
17070,,,,,,,,,,,,,,,,,,,,,
17071,,,,,,,,,,,,,,,,,,,,,
17073,,,,,,,,,,,,,,,,,,,,,
17078,12.5,12.5,0,12.5,0,12.5,0,12.5,0,12.5,0,12.5,0,12.5,0,12.5,0,12.5,0,12.5,0
17079,,,,,,,,,,,,,,,,,,,,,
17083,,,,,,,,,,,,,,,,,,,,,
17090,,,,,,,,,,,,,,,,,,,,,
17098,,,,,,,,,,,,,,,,,,,,,
17100,99.5,99.5,0,99.5,0,99.5,0,99.5,0,99.5,0,99.5,0,99.5,0,99.5,0,99.5,0,99.5,0
17120,,,,,,,,,,,,,,,,,,,,,
17124,9,9,0,9,0,9,0,9,0,9,0,,,9,0,12.5,-0.28,12.5,-0.28,12.5,-0.28
17130,6.5,6.5,0,6.5,0,6.5,0,6.5,0,6.5,0,6.5,0,6.5,0,6.5,0,6.7,-0.0299,,
17131,24,24,0,24,0,24,0,24,0,24,0,24,0,24,0,24,0,24,0,,
17140,,,,,,,,,,,,,,,,,,,,,
17152,82,82,0,82,0,,,82,0,82,0,82,0,,,82,0,81.5,0.00613,81.5,0.00613
17153,,,,,,,,,,,,,,,,,,,,,
17154,10.9,10.9,0,10,0.09,10,0.09,10,0.09,10,0.09,9.9,0.101,9.9,0.101,11.1,-0.018,11.1,-0.018,11.1,-0.018
17155,10.9,10.9,0,10,0.09,10,0.09,10,0.09,10,0.09,9.9,0.101,9.9,0.101,11.1,-0.018,11.1,-0.018,11.1,-0.018
17156,10.9,10.9,0,10,0.09,10,0.09,10,0.09,10,0.09,9.9,0.101,9.9,0.101,11.1,-0.018,11.1,-0.018,11.1,-0.018
17161,41,41,0,41,0,51.5,-0.204,51.5,-0.204,51.5,-0.204,51.5,-0.204,51.5,-0.204,52.3,-0.216,45,-0.0889,45,-0.0889
17162,,,,,,,,,,,,,,,,,,,,,
17166,,,,,,,,,,,,,,,,,,,,,
17172,,,,,,,,,,,,,,,,,,,,,
17178,3.5,3.5,0,3.5,0,3.5,0,3.5,0,3.5,0,3.5,0,3.5,0,3.5,0,3.5,0,3.5,0
17179,,,,,,,,,,,,,,,,,,,,,
17181,25,25,0,25,0,25,0,25,0,25,0,25,0,25,0,25,0,22.5,0.111,22.5,0.111
17187,69,69,0,69,0,69,0,69,0,69,0,69,0,69,0,69,0,69,0,69,0
17191,37.5,37.5,0,37.5,0,39.9,-0.0602,39.9,-0.0602,39.9,-0.0602,39.9,-0.0602,39.9,-0.0602,42.6,-0.12,37.5,0,,
17208,,,,,,,,,,,,,,,,,,,,,
17211,,,,,,,,,,,,,,,,,,,,,
17212,,,,,,,,,,,,,,,,,,,,,
17214,,,,,,,,,,,,,,,,,,,,,
17215,,,,,,,,,,,,,,,,,,,,,
17221,19.8,19.8,0,19.8,0,19.8,0,19.8,0,19.8,0,19.8,0,19.8,0,19.8,0,15.9,0.245,,
17222,19.8,19.8,0,19.8,0,19.8,0,19.8,0,19.8,0,19.8,0,19.8,0,19.8,0,19.8,0,19.8,0
17223,19.5,19.5,0,19.5,0,19.5,0,19.5,0,19.5,0,19.5,0,19.5,0,17.9,0.0894,19.5,0,19.5,0
17225,10.5,10.5,0,10.5,0,10.5,0,10.5,0,10.5,0,10.5,0,10.5,0,10.5,0,,,9.5,0.105
17226,10.5,10.5,0,10.5,0,10.5,0,10.5,0,10.5,0,10.5,0,10.5,0,10.5,0,9.5,0.105,9.5,0.105
17227,10.5,10.5,0,10.5,0,10.5,0,10.5,0,10.5,0,10.5,0,10.5,0,10.5,0,9.5,0.105,9.5,0.105
17231,39.4,39.4,0,39.4,0,39.4,0,39.4,0,39.4,0,39.4,0,39.4,0,39.4,0,39.4,0,,
17232,6.5,6.5,0,6.5,0,6.5,0,6.5,0,6.5,0,6.5,0,6.5,0,7,-0.0714,7,-0.0714,7,-0.0714
17233,15.9,15.9,0,15.9,0,15.9,0,15.9,0,15.9,0,15.9,0,15.9,0,16.9,-0.0592,16.9,-0.0592,16.9,-0.0592
17237,61,61,0,61,0,61,0,61,0,61,0,52.9,0.153,52.9,0.153,,,63.5,-0.0394,68.5,-0.109
17238,,,,,,,,,,,,,,,,,,,,,
17239,,,,,,,,,,,,,,,,,,,,,
17240,,,,,,,,,,,,,,,,,,,,,
17241,7,7,0,,,,,6.3,0.111,,,,,,,7,0,7,0,7,0
17243,3.6,3.6,0,3.6,0,3.6,0,3.6,0,,,,,2.9,0.241,4,-0.1,3.5,0.0286,3.5,0.0286
17244,,,,,,,,,,,,,,,,,,,,,
17245,165,165,0,165,0,,,165,0,,,,,149,0.107,149,0.107,149,0.107,140,0.179
17246,,,,,,,,,,,,,,,,,,,,,
17250,,,,,,,,,,,,,,,,,,,,,
17251,299,299,0,299,0,,,299,0,299,0,299,0,278,0.0775,278,0.0775,278,0.0775,270,0.107
17256,,,,,,,,,,,,,,,,,,,,,
17269,,,,,,,,,,,,,,,,,,,,,
17270,28,28,0,28,0,,,28,0,28,0,28,0,28,0,28,0,28,0,28,0
17280,47,47,0,47,0,,,,,,,,,47,0,47,0,47,0,47,0
17281,21.5,21.5,0,21.5,0,21.5,0,21.5,0,21.5,0,18.8,0.144,,,24.4,-0.119,24.4,-0.119,24.4,-0.119
17283,94.5,94.5,0,94.5,0,,,94.5,0,94.5,0,94.5,0,94.5,0,94.5,0,94.5,0,94.5,0
17286,14,14,0,14,0,14,0,14,0,,,,,,,14,0,14,0,14,0
17287,,,,,,,,,,,,,,,,,,,,,
17288,,,,,,,,,,,,,,,,,,,,,
17292,,,,,,,,,,,,,,,,,,,,,
17294,,,,,,,,,,,,,,,,,,,,,
17296,304,304,0,304,0,,,304,0,304,0,304,0,304,0,304,0,304,0,304,0
17298,21.5,21.5,0,21.5,0,21.5,0,21.5,0,21.5,0,,,18.8,0.144,22.5,-0.0444,22.5,-0.0444,24.4,-0.119
17299,47,47,0,47,0,,,47,0,47,0,47,0,47,0,47,0,47,0,47,0
17300,47,47,0,47,0,,,47,0,47,0,47,0,47,0,47,0,47,0,47,0
17301,45.5,45.5,0,45.5,0,,,,,,,,,,,45.5,0,,,45.5,0
17302,45.5,45.5,0,45.5,0,,,45.5,0,45.5,0,45.5,0,45.5,0,45.5,0,45.5,0,45.5,0
17305,,,,,,,,,,,,,,,,,,,,,
17306,399,399,0,399,0,,,399,0,399,0,399,0,399,0,399,0,399,0,399,0
17316,,,,,,,,,,,,,,,,,,,,,
17318,,,,,,,,,,,,,,,,,,,,,
17322,38.5,38.5,0,38.5,0,38.5,0,30.9,0.246,30.9,0.246,38.5,0,38.5,0,38.5,0,,,38.5,0
17331,27,27,0,27,0,27,0,27,0,27,0,27,0,,,27,0,27,0,27,0
17332,47,47,0,47,0,47,0,47,0,47,0,47,0,47,0,47,0,47,0,48,-0.0208
17333,24,24,0,24,0,24,0,24,0,24,0,20.5,0.171,20.5,0.171,20.5,0.171,20.5,0.171,20.5,0.171
17335,68,68,0,68,0,68,0,68,0,68,0,68,0,68,0,68,0,68,0,68,0
17336,33.5,33.5,0,33.5,0,33.5,0,33.5,0,33.5,0,33.5,0,33.5,0,33.5,0,33.5,0,33.5,0
17337,26.5,26.5,0,26.5,0,26.5,0,26.5,0,26.5,0,26.5,0,,,26.5,0,26.5,0,26.5,0
17353,19.5,19.5,0,19.5,0,19.5,0,19.5,0,19.5,0,,,19.5,0,,,19.5,0,19.5,0
17355,,,,,,,,,,,,,,,,,,,,,
17362,,,,,,,,,,,,,,,,,,,,,
17365,159,159,0,159,0,159,0,159,0,159,0,159,0,159,0,159,0,159,0,130,0.223
17367,7.5,7.5,0,7.5,0,7.5,0,7.5,0,7.5,0,7.5,0,7.5,0,7.5,0,8,-0.0625,8.8,-0.148
17372,51,51,0,51,0,,,51,0,51,0,51,0,51,0,51,0,51,0,51,0
17373,24.5,24.5,0,24.5,0,24.5,0,24.5,0,24.5,0,24.5,0,24.5,0,27.5,-0.109,32.7,-0.251,32.7,-0.251
17374,,,,,,,,,,,,,,,,,,,,,
17377,91,91,0,91,0,91,0,91,0,91,0,,,,,91,0,,,,
17379,77,77,0,77,0,77,0,77,0,77,0,77,0,77,0,77,0,77,0,77,0
17381,,,,,,,,,,,,,,,,,,,,,
17382,,,,,,,,,,,,,,,,,,,,,
17383,,,,,,,,,,,,,,,,,,,,,
17384,26.8,26.8,0,26.8,0,26.8,0,26.8,0,26.8,0,26.8,0,26.8,0,26.8,0,26.8,0,26.8,0
17385,,,,,,,,,,,,,,,,,,,,,
17388,14,14,0,14,0,14,0,14,0,14,0,14,0,14,0,14,0,14,0,14,0
17389,31.5,31.5,0,31.5,0,31.5,0,31.5,0,31.5,0,31.5,0,31.5,0,,,31.5,0,,
17391,42,42,0,42,0,42,0,42,0,42,0,42,0,42,0,42,0,42,0,42,0
17392,43.5,43.5,0,43.5,0,43.5,0,43.5,0,43.5,0,43.5,0,43.5,0,,,43.5,0,43.5,0
17393,43.5,43.5,0,43.5,0,43.5,0,43.5,0,43.5,0,43.5,0,43.5,0,43.5,0,43.5,0,43.5,0
17394,7.5,7.5,0,7.5,0,7.5,0,7.5,0,7.5,0,7.5,0,7.5,0,7.5,0,8,-0.0625,8.8,-0.148
17397,93.5,93.5,0,93.5,0,93.5,0,74.9,0.248,74.9,0.248,93.5,0,93.5,0,93.5,0,93.5,0,93.5,0
17398,,,,,,,,,,,,,,,,,,,,,
17399,87,87,0,87,0,87,0,69.5,0.252,69.5,0.252,87,0,87,0,89,-0.0225,89,-0.0225,89,-0.0225
17400,35.5,35.5,0,35.5,0,35.5,0,28.9,0.228,28.9,0.228,35.5,0,35.5,0,35.5,0,35.5,0,35.5,0
17401,35.5,35.5,0,35.5,0,35.5,0,28.9,0.228,28.9,0.228,35.5,0,35.5,0,35.5,0,35.5,0,35.5,0
17404,,,,,,,,,,,,,,,,,,,,,
17409,,,,,,,,,,,,,,,,,,,,,
17410,,,,,,,,,,,,,,,,,,,,,
17423,113,113,0,,,,,113,0,113,0,99,0.141,135,-0.163,135,-0.163,135,-0.163,,
17432,,,,,,,,,,,,,,,,,,,,,
17469,,,,,,,,,,,,,,,,,,,,,
17474,42,42,0,42,0,,,42,0,42,0,42,0,42,0,42,0,42,0,42,0
17476,,,,,,,,,,,,,,,,,,,,,
17477,38.8,38.8,0,38.8,0,38.8,0,38.8,0,38.8,0,38.8,0,,,38.8,0,,,,
17485,47.5,47.5,0,47.5,0,47.5,0,47.5,0,47.5,0,47.5,0,47.5,0,,,,,,
17501,,,,,,,,,,,,,,,,,,,,,
17504,,,,,,,,,,,,,,,,,,,,,
17516,,,,,,,,,,,,,,,,,,,,,
17521,,,,,,,,,,,,,,,,,,,,,
17523,,,,,,,,,,,,,,,,,,,,,
17524,,,,,,,,,,,,,,,,,,,,,
17533,57,57,0,57,0,57,0,57,0,57,0,52,0.0962,69,-0.174,69,-0.174,69,-0.174,72,-0.208
17538,6.9,6.9,0,6.9,0,6.9,0,6.9,0,6.9,0,6.9,0,6.9,0,7.8,-0.115,7,-0.0143,9.5,-0.274
17543,,,,,,,,,,,,,,,,,,,,,
17546,8.9,8.9,0,8.9,0,8.9,0,8.9,0,8.9,0,8.9,0,8.9,0,8.9,0,8.9,0,8.9,0
17547,,,,,,,,,,,,,,,,,,,,,
17548,,,,,,,,,,,,,,,,,,,,,
17552,,,,,,,,,,,,,,,,,,,,,
17553,219,219,0,219,0,,,215,0.0186,215,0.0186,215,0.0186,215,0.0186,215,0.0186,215,0.0186,215,0.0186
17555,249,249,0,249,0,,,290,-0.141,290,-0.141,290,-0.141,290,-0.141,,,,,,
17556,,,,,,,,,,,,,,,,,,,,,
17570,,,,,,,,,,,,,,,,,,,,,
17571,,,,,,,,,,,,,,,,,,,,,
17572,,,,,,,,,,,,,,,,,,,,,
17575,6.2,6.2,0,6.2,0,6.2,0,6.2,0,6.2,0,6.2,0,6.2,0,6.2,0,6.2,0,6.2,0
17576,8.9,8.9,0,8.9,0,8.9,0,8.9,0,8.9,0,8.9,0,8.9,0,8.9,0,8.9,0,8.9,0
17577,6.2,6.2,0,6.2,0,6.2,0,6.2,0,6.2,0,6.2,0,6.2,0,6.2,0,6.2,0,6.2,0
17578,8.9,8.9,0,8.9,0,8.9,0,8.9,0,8.9,0,8.9,0,8.9,0,8.9,0,8.9,0,8.9,0
17579,6.2,6.2,0,6.2,0,6.2,0,6.2,0,6.2,0,6.2,0,6.2,0,6.2,0,6.2,0,6.2,0
17580,8.9,8.9,0,8.9,0,8.9,0,8.9,0,8.9,0,8.9,0,8.9,0,8.9,0,8.9,0,8.9,0
17584,,,,,,,,,,,,,,,,,,,,,
17585,,,,,,,,,,,,,,,,,,,,,
17586,,,,,,,,,,,,,,,,,,,,,
17587,,,,,,,,,,,,,,,,,,,,,
17588,,,,,,,,,,,,,,,,,,,,,
17590,56,56,0,56,0,56,0,56,0,56,0,56,0,56,0,56,0,56,0,56,0
17597,,,,,,,,,,,,,,,,,,,,,
17600,,,,,,,,,,,,,,,,,,,,,
17601,,,,,,,,,,,,,,,,,,,,,
17604,,,,,,,,,,,,,,,,,,,,,
17605,47.5,47.5,0,47.5,0,47.5,0,47.5,0,47.5,0,47.5,0,47.5,0,,,,,,
17612,8,8,0,,,8,0,8,0,8,0,8,0,8,0,8,0,8,0,7.8,0.0256
17615,,,,,,,,,,,,,,,,,,,,,
17616,5.9,5.9,0,5.9,0,5.9,0,5.5,0.0727,5.5,0.0727,5,0.18,4.8,0.229,7,-0.157,7,-0.157,8.6,-0.314
17624,28.5,28.5,0,28.5,0,28.5,0,28.5,0,28.5,0,28.5,0,,,28.5,0,28.5,0,28.5,0
17629,,,,,,,,,,,,,,,,,,,,,
17630,,,,,,,,,,,,,,,,,,,,,
17631,,,,,,,,,,,,,,,,,,,,,
17632,,,,,,,,,,,,,,,,,,,,,
17635,9.5,9.5,0,9.5,0,9.5,0,9.5,0,9.5,0,,,,,,,,,,
17636,17,17,0,17,0,17,0,17,0,17,0,15,0.133,15,0.133,15,0.133,15,0.133,15.5,0.0968
17642,135,135,0,135,0,,,135,0,135,0,135,0,135,0,135,0,135,0,121,0.116
17650,8,8,0,8,0,8,0,8,0,8,0,,,8,0,8,0,,,7,0.143
17652,,,,,,,,,,,,,,,,,,,,,
17653,23.5,23.5,0,23.5,0,23.5,0,23.5,0,23.5,0,21.5,0.093,21.5,0.093,21.5,0.093,21.5,0.093,21.5,0.093
17654,23.5,23.5,0,23.5,0,23.5,0,23.5,0,23.5,0,21.5,0.093,21.5,0.093,21.5,0.093,21.5,0.093,21.5,0.093
17665,,,,,,,,,,,,,,,,,,,,,
17668,45.5,45.5,0,45.5,0,,,45.5,0,45.5,0,45.5,0,45.5,0,,,,,,
17676,39,39,0,39,0,39,0,39,0,39,0,39,0,39,0,39,0,39,0,39,0
17677,44.5,44.5,0,44.5,0,44.5,0,44.5,0,44.5,0,,,44.5,0,44.5,0,36.9,0.206,44.5,0
17678,,,,,,,,,,,,,,,,,,,,,
17679,187,187,0,187,0,,,187,0,187,0,187,0,187,0,,,,,,
17680,185,185,0,185,0,,,185,0,185,0,185,0,185,0,,,,,,
17683,,,,,,,,,,,,,,,,,,,,,
17684,97.5,97.5,0,97.5,0,,,97.5,0,,,97.5,0,97.5,0,,,112,-0.133,112,-0.133
17685,97.5,97.5,0,97.5,0,,,97.5,0,97.5,0,97.5,0,97.5,0,97.5,0,112,-0.133,112,-0.133
17686,97.5,97.5,0,97.5,0,,,97.5,0,97.5,0,97.5,0,97.5,0,97.5,0,112,-0.133,112,-0.133
17691,52.5,52.5,0,52.5,0,,,43.5,0.207,43.5,0.207,52.5,0,45.9,0.144,52.5,0,44.9,0.169,44.9,0.169
17692,52.5,52.5,0,52.5,0,,,52.5,0,52.5,0,52.5,0,52.5,0,52.5,0,44.9,0.169,44.9,0.169
17697,31.5,31.5,0,31.5,0,31.5,0,31.5,0,31.5,0,31.5,0,34,-0.0735,31.5,0,27.5,0.145,,
17698,33,33,0,33,0,33,0,33,0,33,0,33,0,33,0,30.5,0.082,,,,
17699,29.5,29.5,0,29.5,0,29.5,0,29.5,0,29.5,0,29.5,0,29.5,0,27,0.0926,29.5,0,29.5,0
17700,32,32,0,32,0,32,0,32,0,32,0,32,0,32,0,30.8,0.039,26.5,0.208,30.8,0.039
17704,,,,,,,,,,,,,,,,,,,,,
17705,,,,,,,,,,,,,,,,,,,,,
17706,12,12,0,12,0,12,0,12,0,12,0,12,0,12,0,12,0,12,0,11.2,0.0714
17707,15,15,0,15,0,15,0,15,0,15,0,15,0,15,0,15,0,15,0,15,0
17708,11.5,11.5,0,11.5,0,11.5,0,11.5,0,12.5,-0.08,,,,,,,12.5,-0.08,12.5,-0.08
17710,,,,,,,,,,,,,,,,,,,,,
17714,,,,,,,,,,,,,,,,,,,,,
17721,51.5,51.5,0,51.5,0,51.5,0,51.5,0,51.5,0,51.5,0,90,-0.428,90,-0.428,,,,
17722,20,20,0,20,0,20,0,20,0,20,0,18,0.111,18,0.111,24,-0.167,24,-0.167,24,-0.167
17727,161,161,0,161,0,,,161,0,161,0,161,0,161,0,241,-0.332,241,-0.332,241,-0.332
17728,,,,,,,,,,,,,,,,,,,,,
17731,20,20,0,20,0,20,0,20,0,20,0,20,0,20,0,,,,,20,0
17732,,,,,,,,,,,,,,,,,,,,,
17737,,,,,,,,,,,,,,,,,,,,,
17739,36.5,36.5,0,36.5,0,,,36.5,0,36.5,0,36.5,0,36.5,0,36.5,0,36.5,0,36.5,0
17740,53.5,53.5,0,53.5,0,,,53.5,0,53.5,0,53.5,0,53.5,0,53.5,0,53.5,0,53.5,0
17748,,,,,,,,,,,,,,,,,,,,,
17753,,,,,,,,,,,,,,,,,,,,,
17761,11.5,11.5,0,11.5,0,11.5,0,11.5,0,11.5,0,11.5,0,11.5,0,11.5,0,11.5,0,,
17762,,,,,,,,,,,,,,,,,,,,,
17763,,,,,,,,,,,,,,,,,,,,,
17767,,,,,,,,,,,,,,,,,,,,,
17772,124,124,0,124,0,,,124,0,124,0,124,0,124,0,124,0,124,0,124,0
17773,115,115,0,115,0,,,115,0,115,0,115,0,115,0,115,0,115,0,115,0
17774,106,106,0,106,0,,,106,0,106,0,106,0,106,0,106,0,106,0,106,0
17776,,,,,,,,,,,,,,,,,,,,,
17778,8.8,8.8,0,8.8,0,8.8,0,8.8,0,8.8,0,8.8,0,8.8,0,8.8,0,8.8,0,8.8,0
17786,,,,,,,,,,,,,,,,,,,,,
17788,,,,,,,,,,,,,,,,,,,,,
17791,77.5,77.5,0,77.5,0,77.5,0,77.5,0,70,0.107,69.9,0.109,69.9,0.109,69.9,0.109,69.9,0.109,69.9,0.109
17792,77.5,77.5,0,77.5,0,77.5,0,77.5,0,69.9,0.109,69.9,0.109,69.9,0.109,54.9,0.412,69.9,0.109,69.9,0.109
17793,,,,,,,,,,,,,,,,,,,,,
17802,9.5,9.5,0,9.5,0,9.5,0,9.5,0,6.9,0.377,6.9,0.377,6.9,0.377,11,-0.136,11,-0.136,11,-0.136
17814,,,,,,,,,,,,,,,,,,,,,
17818,,,,,,,,,,,,,,,,,,,,,
17819,,,,,,,,,,,,,,,,,,,,,
17820,65,65,0,65,0,,,65,0,65,0,65,0,,,65,0,62.5,0.04,62.5,0.04
17821,,,,,,,,,,,,,,,,,,,,,
17822,449,449,0,449,0,,,429,0.0466,429,0.0466,429,0.0466,429,0.0466,429,0.0466,539,-0.167,539,-0.167
17823,33.5,33.5,0,33.5,0,,,33.5,0,33.5,0,33.5,0,33.5,0,33.5,0,33.5,0,33.5,0
17824,101,101,0,101,0,,,101,0,101,0,101,0,101,0,101,0,101,0,101,0
17827,,,,,,,,,,,,,,,,,,,,,
17831,37.4,37.4,0,37.4,0,37.4,0,37.4,0,37.4,0,,,37.4,0,,,37.4,0,37.4,0
17832,,,,,,,,,,,,,,,,,,,,,
17833,20,20,0,20,0,20,0,20,0,20,0,20,0,20,0,20,0,20,0,20,0
17837,24.5,24.5,0,24.5,0,24.5,0,24.5,0,24.5,0,19.9,0.231,19.9,0.231,24.5,0,24.5,0,24.5,0
17838,24.5,24.5,0,24.5,0,24.5,0,24.5,0,24.5,0,19.9,0.231,19.9,0.231,24.5,0,24.5,0,24.5,0
17845,,,,,,,,,,,,,,,,,,,,,
17847,78.5,78.5,0,78.5,0,,,78.5,0,78.5,0,78.5,0,78.5,0,78.5,0,78.5,0,78.5,0
17848,,,,,,,,,,,,,,,,,,,,,
17849,61.5,61.5,0,61.5,0,61.5,0,61.5,0,61.5,0,61.5,0,61.5,0,75,-0.18,75,-0.18,75,-0.18
17850,57,57,0,57,0,57,0,57,0,57,0,57,0,57,0,70,-0.186,70,-0.186,70,-0.186
17851,57,57,0,57,0,57,0,57,0,57,0,57,0,57,0,70,-0.186,70,-0.186,70,-0.186
17852,,,,,,,,,,,,,,,,,,,,,
17853,,,,,,,,,,,,,,,,,,,,,
17854,,,,,,,,,,,,,,,,,,,,,
17855,,,,,,,,,,,,,,,,,,,,,
17856,,,,,,,,,,,,,,,,,,,,,
17859,210,210,0,210,0,,,210,0,210,0,210,0,210,0,,,,,,
17861,102,102,0,102,0,,,98,0.0459,98,0.0459,98,0.0459,98,0.0459,98,0.0459,98,0.0459,98,0.0459
17862,,,,,,,,,,,,,,,,,,,,,
17864,,,,,,,,,,,,,,,,,,,,,
17870,,,,,,,,,,,,,,,,,,,,,
17871,,,,,,,,,,,,,,,,,,,,,
17873,16,16,0,16,0,16,0,16,0,16,0,16,0,16,0,16,0,16,0,16,0
17874,7,7,0,7,0,7,0,7,0,7,0,7,0,7,0,7,0,7,0,7,0
17876,163,163,0,163,0,,,163,0,163,0,163,0,163,0,163,0,163,0,163,0
17877,,,,,,,,,,,,,,,,,,,,,
17879,151,151,0,151,0,,,151,0,151,0,151,0,151,0,151,0,151,0,151,0
17883,25.5,25.5,0,25.5,0,25.5,0,25.5,0,25.5,0,25.5,0,25.5,0,22.9,0.114,23.9,0.0669,23.9,0.0669
17884,28.5,28.5,0,28.5,0,28.5,0,28.5,0,28.5,0,28.5,0,28.5,0,26,0.0962,24.5,0.163,26,0.0962
17885,69,69,0,69,0,69,0,69,0,,,69,0,88.5,-0.22,87.5,-0.211,87.5,-0.211,87.5,-0.211
17887,15.5,15.5,0,15.5,0,15.5,0,15.5,0,15.5,0,15.5,0,15.5,0,15.5,0,15.5,0,14,0.107
17890,11,11,0,11,0,11,0,,,11,0,11,0,,,11,0,,,11,0
17900,,,,,,,,,,,,,,,,,,,,,
17904,259,259,0,259,0,,,259,0,259,0,259,0,259,0,259,0,259,0,255,0.0157
17911,,,,,,,,,,,,,,,,,,,,,
17912,,,,,,,,,,,,,,,,,,,,,
17913,,,,,,,,,,,,,,,,,,,,,
17919,11.5,11.5,0,11.5,0,11.5,0,11.5,0,11.5,0,10,0.15,10,0.15,7.9,0.456,10,0.15,7.9,0.456
17920,,,,,,,,,,,,,,,,,,,,,
17921,31,31,0,31,0,31,0,31,0,25,0.24,26.5,0.17,26.5,0.17,30,0.0333,30,0.0333,30,0.0333
17923,47,47,0,47,0,47,0,47,0,47,0,47,0,47,0,47,0,45,0.0444,45,0.0444
17924,128,128,0,128,0,128,0,128,0,128,0,128,0,128,0,,,,,,
17926,,,,,,,,,,,,,,,,,,,,,
17927,,,,,,,,,,,,,,,,,,,,,
17931,,,,,,,,,,,,,,,,,,,,,
17932,,,,,,,,,,,,,,,,,,,,,
17933,,,,,,,,,,,,,,,,,,,,,
17935,,,,,,,,,,,,,,,,,,,,,
17936,,,,,,,,,,,,,,,,,,,,,
17937,,,,,,,,,,,,,,,,,,,,,
17941,,,,,,,,,,,,,,,,,,,,,
17942,31,31,0,31,0,31,0,31,0,25,0.24,26.5,0.17,26.5,0.17,,,,,30,0.0333
17943,31,31,0,31,0,31,0,31,0,25,0.24,27.5,0.127,27.5,0.127,30,0.0333,30,0.0333,30,0.0333
17947,,,,,,,,,,,,,,,,,,,,,
17950,45.5,45.5,0,45.5,0,45.5,0,45.5,0,45.5,0,45.5,0,45.5,0,,,,,,
17951,105,105,0,105,0,,,105,0,105,0,105,0,105,0,105,0,105,0,105,0
17953,29.5,29.5,0,29.5,0,,,29.5,0,29.5,0,29.5,0,29.5,0,29.5,0,39.5,-0.253,39.5,-0.253
17954,4.9,4.9,0,4.9,0,4.9,0,4.9,0,4.9,0,4.9,0,4.9,0,4.9,0,5.5,-0.109,5.5,-0.109
17955,4.9,4.9,0,4.9,0,4.9,0,4.9,0,4.9,0,4.9,0,4.9,0,4.9,0,5.5,-0.109,5.5,-0.109
17956,,,,,,,,,,,,,,,,,,,,,
17957,32,32,0,32,0,32,0,32,0,32,0,32,0,32,0,32,0,29.5,0.0847,29.5,0.0847
17958,6.3,6.3,0,6.3,0,6.3,0,6.3,0,6.3,0,6.3,0,6.3,0,6.5,-0.0308,6.3,0,6.3,0
17959,6.3,6.3,0,6.3,0,6.3,0,6.3,0,6.3,0,6.3,0,6.3,0,6.5,-0.0308,6.3,0,6.3,0
17960,6.3,6.3,0,6.3,0,6.3,0,6.3,0,6.3,0,6.3,0,6.3,0,6.5,-0.0308,6.3,0,6.3,0
17965,,,,,,,,,,,,,,,,,,,,,
17966,6.3,6.3,0,6.3,0,6.3,0,6.3,0,6.3,0,6.3,0,6.3,0,6.5,-0.0308,6.3,0,6.3,0
17967,6.3,6.3,0,6.3,0,6.3,0,6.3,0,6.3,0,,,,,6.5,-0.0308,6.3,0,,
17968,6.3,6.3,0,6.3,0,6.3,0,6.3,0,6.3,0,6.3,0,6.3,0,6.5,-0.0308,6.3,0,6.3,0
17971,14.5,14.5,0,14.5,0,14.5,0,14.5,0,14.5,0,14.5,0,14.5,0,14.5,0,12.5,0.16,12.5,0.16
17972,14.5,14.5,0,14.5,0,14.5,0,14.5,0,14.5,0,14.5,0,14.5,0,14.5,0,12.5,0.16,12.5,0.16
18004,,,,,,,,,,,,,,,,,,,,,
18005,,,,,,,,,,,,,,,,,,,,,
18017,18,18,0,18,0,18,0,18,0,18,0,18,0,18,0,18,0,18,0,15.5,0.161
18021,44,44,0,44,0,44,0,38,0.158,38,0.158,38,0.158,38,0.158,38,0.158,39.5,0.114,,
18022,,,,,,,,,,,,,,,,,,,,,
18023,44,44,0,44,0,44,0,38,0.158,38,0.158,,,,,38,0.158,39.5,0.114,,
18031,,,,,,,,,,,,,,,,,,,,,
18032,,,,,,,,,,,,,,,,,,,,,
18033,,,,,,,,,,,,,,,,,,,,,
18035,,,,,,,,,,,,,,,,,,,,,
18036,,,,,,,,,,,,,,,,,,,,,
18037,,,,,,,,,,,,,,,,,,,,,
18038,7.6,7.6,0,7.6,0,7.6,0,7.6,0,7.6,0,,,7.6,0,7.6,0,7.6,0,7.6,0
18053,,,,,,,,,,,,,,,,,,,,,
18058,,,,,,,,,,,,,,,,,,,,,
18064,289,289,0,289,0,,,289,0,289,0,289,0,289,0,289,0,289,0,289,0
18067,,,,,,,,,,,,,,,,,,,,,
18069,,,,,,,,,,,,,,,,,,,,,
18071,,,,,,,,,,,,,,,,,,,,,
18073,,,,,,,,,,,,,,,,,,,,,
18074,,,,,,,,,,,,,,,,,,,,,
18076,,,,,,,,,,,,,,,,,,,,,
18077,,,,,,,,,,,,,,,,,,,,,
18079,,,,,,,,,,,,,,,,,,,,,
18080,,,,,,,,,,,,,,,,,,,,,
18081,,,,,,,,,,,,,,,,,,,,,
18087,78.5,78.5,0,78.5,0,,,78.5,0,78.5,0,78.5,0,78.5,0,78.5,0,78.5,0,78.5,0
18097,,,,,,,,,,,,,,,,,,,,,
18113,,,,,,,,,,,,,,,,,,,,,
18143,,,,,,,,,,,,,,,,,,,,,
18619,,,,,,,,,,,,,,,,,,,,,
18710,200,200,0,200,0,,,195,0.0251,195,0.0251,195,0.0251,124,0.612,124,0.612,,,,
18717,115,115,0,114,0.0132,114,0.0132,114,0.0132,121,-0.0496,121,-0.0496,121,-0.0496,136,-0.154,136,-0.154,136,-0.154
18799,,,,,,,,,,,,,,,,,,,,,
19009,,,,,,,,,,,,,,,,,,,,,
19024,,,,,,,,,,,,,,,,,,,,,
19089,,,,,,,,,,,,,,,,,,,,,
19178,26,26,0,26,0,26,0,26,0,26,0,26,0,26,0,24.9,0.0442,24.9,0.0442,25.2,0.0317
19194,,,,,,,,,,,,,,,,,,,,,
19719,,,,,,,,,,,,,,,,,,,,,
19748,,,,,,,,,,,,,,,,,,,,,
19785,38,38,0,38,0,,,38,0,38,0,38,0,38,0,38,0,36.5,0.0411,34,0.118
19823,50,50,0,50,0,,,49,0.0204,49,0.0204,49,0.0204,49,0.0204,49,0.0204,44.9,0.114,52,-0.0385
19827,,,,,,,,,,,,,,,,,,,,,
20246,31,31,0,31,0,31,0,31,0,31,0,31,0,31,0,,,,,31,0
20487,17,17,0,17,0,17,0,17,0,17,0,15,0.133,15,0.133,15,0.133,15,0.133,15.5,0.0968
20488,299,299,0,299,0,,,299,0,299,0,299,0,299,0,299,0,299,0,,
20659,,,,,,,,,,,,,,,,,,,,,
20679,8.5,8.5,0,8.5,0,8.5,0,8.5,0,8.5,0,,,,,,,,,,
20781,32.5,32.5,0,32.5,0,32.5,0,32.5,0,32.5,0,,,,,32.5,0,32.5,0,32.5,0
20798,56,56,0,55.5,0.00901,55.5,0.00901,55.5,0.00901,55.5,0.00901,,,55.5,0.00901,55.5,0.00901,55.5,0.00901,48.5,0.155
20858,11.5,11.5,0,11.5,0,11.5,0,11.5,0,11.5,0,11.5,0,,,,,,,,
21401,23,23,0,23,0,23,0,23,0,23,0,23,0,,,23,0,23,0,23,0
21402,15,15,0,15,0,15,0,15,0,15,0,15,0,,,15,0,15,0,15,0
21577,,,,,,,,,,,,,,,,,,,,,
21784,,,,,,,,,,,,,,,,,,,,,
22052,,,,,,,,,,,,,,,,,,,,,
22195,21.9,21.9,0,21.5,0.0186,21.5,0.0186,21.5,0.0186,,,19.9,0.101,,,25.5,-0.141,25.5,-0.141,25.5,-0.141
22198,,,,,,,,,,,,,,,,,,,,,
22202,,,,,,,,,,,,,,,,,,,,,
22209,38,38,0,35.5,0.0704,35.5,0.0704,35.5,0.0704,37,0.027,33.9,0.121,33.9,0.121,40.5,-0.0617,35.5,0.0704,40,-0.05
22247,35,35,0,35,0,35,0,35,0,35,0,35,0,35,0,35,0,35,0,,
22342,26,26,0,26,0,26,0,26,0,26,0,26,0,26,0,26,0,,,,
22343,17.9,17.9,0,21,-0.148,21,-0.148,21,-0.148,21,-0.148,21,-0.148,21,-0.148,,,,,,
22344,20.9,20.9,0,24.5,-0.147,24.5,-0.147,24.5,-0.147,24.5,-0.147,24.5,-0.147,24.5,-0.147,,,,,22.4,-0.067
22346,69.9,69.9,0,69.9,0,,,69.9,0,69.9,0,69.9,0,69.9,0,69.9,0,58.5,0.195,88,-0.206
22347,10,10,0,10,0,10,0,10,0,11.5,-0.13,11.5,-0.13,11.5,-0.13,12,-0.167,12,-0.167,12,-0.167
22348,51,51,0,51,0,51,0,51,0,,,,,,,66,-0.227,66,-0.227,92,-0.446
22356,,,,,,,,,,,,,,,,,,,,,
22382,7.5,7.5,0,7.5,0,7.5,0,7.5,0,7.5,0,7.5,0,7.5,0,13,-0.423,,,13,-0.423
22701,33.9,,,30,0.13,30,0.13,30,0.13,30,0.13,30,0.13,30,0.13,30,0.13,30,0.13,,
22703,37,,,,,,,,,,,34,0.0882,34,0.0882,34.5,0.0725,34.5,0.0725,,
22750,13.5,13.5,0,13.5,0,13.5,0,13.5,0,13.5,0,13.5,0,13.5,0,13.5,0,13.5,0,13.5,0
22755,18.5,18.5,0,18.5,0,18.5,0,18.5,0,18.5,0,18.5,0,18.5,0,18.5,0,18.5,0,18.5,0
22757,36.5,36.5,0,36.5,0,36.5,0,36.5,0,36.5,0,36.5,0,36.5,0,36.5,0,36.5,0,36.5,0
22785,17.5,17.5,0,17.5,0,17.5,0,17.5,0,17.5,0,17.5,0,17.5,0,17.5,0,17.5,0,17.5,0
22790,,,,,,,,,,,,,,,,,,,,,
22793,,,,,,,,,,,,,,,,,,,,,
22794,,,,,,,,,,,,,,,,,,,,,
22805,30.9,30.9,0,30.9,0,30.9,0,29.5,0.0475,29.5,0.0475,29.5,0.0475,29.5,0.0475,29.5,0.0475,29.5,0.0475,29.5,0.0475
22806,31.5,31.5,0,31.5,0,31.5,0,30.5,0.0328,30.5,0.0328,30.5,0.0328,30.5,0.0328,30.5,0.0328,30.5,0.0328,30.5,0.0328
22807,12.3,12.3,0,12.3,0,12.3,0,12.3,0,12.3,0,12.3,0,12.3,0,12.3,0,,,12.3,0
23264,78.9,78.9,0,78.9,0,78.9,0,78.9,0,78.9,0,78.9,0,78.9,0,78.9,0,85,-0.0718,85,-0.0718
23272,84.9,84.9,0,84.9,0,84.9,0,84.9,0,84.9,0,84.9,0,84.9,0,84.9,0,61.9,0.372,110,-0.228
23329,,,,,,,,,,,,,,,,,,,,,
23477,48.9,48.9,0,48.9,0,48.9,0,42.8,0.143,42.8,0.143,43.8,0.116,43.8,0.116,57.3,-0.147,57.3,-0.147,57.3,-0.147
23523,12.2,12.2,0,12.2,0,12.2,0,12.2,0,12.2,0,12.2,0,12.2,0,,,,,,
23531,83.9,83.9,0,83.9,0,83.9,0,83.9,0,83.9,0,83.9,0,83.9,0,72.9,0.151,88,-0.0466,88,-0.0466
23540,24,24,0,24,0,24,0,24,0,24,0,24.5,-0.0204,24.5,-0.0204,24.5,-0.0204,22.9,0.048,24.5,-0.0204
24001,220,220,0,220,0,220,0,220,0,220,0,220,0,220,0,220,0,220,0,219,0.00457
24005,40,40,0,40,0,,,40,0,40,0,40,0,29.9,0.338,32.9,0.216,34.9,0.146,40,0
24007,24,24,0,24,0,24,0,24,0,24,0,26,-0.0769,,,35.5,-0.324,35.5,-0.324,35.5,-0.324
24016,12,12,0,12,0,12,0,12,0,,,,,,,10,0.2,15,-0.2,15,-0.2
24017,12,12,0,12,0,12,0,12,0,12,0,10,0.2,10,0.2,10,0.2,15,-0.2,15,-0.2
24018,10,10,0,10,0,10,0,10,0,10,0,10,0,10,0,10,0,10,0,9.8,0.0204
24019,10,10,0,,,,,,,,,,,,,10,0,10,0,9.8,0.0204
24020,109,109,0,109,0,109,0,,,,,109,0,,,135,-0.193,135,-0.193,135,-0.193
24029,28,28,0,28,0,,,28,0,28,0,28,0,28,0,28,0,,,,
24030,,,,,,,,,,,,,,,,,,,,,
24040,,,,,,,,,,,,,,,,,,,,,
24042,20,20,0,20,0,20,0,20,0,20,0,,,20,0,20,0,20,0,18.5,0.0811
24043,20,20,0,20,0,20,0,20,0,20,0,,,,,,,20,0,18.5,0.0811
24044,20,20,0,20,0,20,0,20,0,20,0,20,0,20,0,20,0,20,0,18.5,0.0811
24045,26,26,0,26,0,26,0,,,,,,,17,0.529,17,0.529,14.5,0.793,13.9,0.871
24046,26,26,0,26,0,26,0,,,,,,,17,0.529,17,0.529,14.5,0.793,13.9,0.871
24048,50,50,0,50,0,50,0,50,0,50,0,50,0,50,0,,,37.5,0.333,37.5,0.333
24049,35,35,0,35,0,35,0,35,0,35,0,35,0,35,0,35,0,35,0,35,0
24050,35,35,0,35,0,35,0,35,0,35,0,35,0,35,0,35,0,35,0,35,0
24051,12,12,0,12,0,12,0,12,0,12,0,12,0,12,0,12,0,11,0.0909,10,0.2
24052,12,12,0,12,0,12,0,12,0,12,0,12,0,12,0,12,0,11,0.0909,10,0.2
24056,,,,,,,,,,,,,,,,,,,,,
24062,,,,,,,,,,,,,,,,,,,,,
24064,35.9,35.9,0,35.9,0,35.9,0,35.9,0,35.9,0,35.9,0,,,,,36,-0.00278,36,-0.00278
24065,,,,,,,,,,,,,,,,,,,,,
24067,,,,,,,,,,,,,,,,,,,,,
24068,,,,,,,,,,,,,,,,,,,,,
24071,37,37,0,37,0,37,0,37,0,,,,,,,,,,,,
24072,11.5,11.5,0,11.5,0,11.5,0,11.5,0,11.5,0,11.5,0,11.5,0,11.5,0,11.7,-0.0171,11.7,-0.0171
24073,16,16,0,16,0,16,0,16,0,16,0,16,0,13.5,0.185,16,0,16,0,16,0
24075,,,,,,,,,,,,,,,,,,,,,
24076,,,,,,,,,,,,,,,,,,,,,
24077,,,,,,,,,,,,,,,,,,,,,
24078,,,,,,,,,,,,,,,,,,,,,
24079,,,,,,,,,,,,,,,,,,,,,
24080,309,309,0,309,0,,,275,0.124,275,0.124,275,0.124,275,0.124,289,0.0692,289,0.0692,289,0.0692
24081,309,309,0,309,0,,,275,0.124,275,0.124,275,0.124,275,0.124,289,0.0692,289,0.0692,289,0.0692
24083,7.5,7.5,0,7.5,0,7.5,0,7.5,0,7.5,0,7.5,0,7.5,0,7.5,0,6.5,0.154,6.5,0.154
24084,7.5,7.5,0,7.5,0,7.5,0,7.5,0,7.5,0,7.5,0,7.5,0,7.5,0,6.5,0.154,6.5,0.154
24085,6.5,6.5,0,7.5,-0.133,7.5,-0.133,7.5,-0.133,7.5,-0.133,7.5,-0.133,,,7.5,-0.133,6.5,0,6.5,0
24086,6.5,6.5,0,7.5,-0.133,7.5,-0.133,7.5,-0.133,7.5,-0.133,7.5,-0.133,7.5,-0.133,7.5,-0.133,6.5,0,6.5,0
24087,6.5,6.5,0,7.5,-0.133,7.5,-0.133,7.5,-0.133,7.5,-0.133,7.5,-0.133,,,7.5,-0.133,6.5,0,6.5,0
24088,7.5,7.5,0,7.5,0,7.5,0,7.5,0,7.5,0,7.5,0,7.5,0,7.5,0,6.5,0.154,6.5,0.154
24089,49.5,49.5,0,49.5,0,49.5,0,49.5,0,,,49.9,-0.00802,49.9,-0.00802,61.9,-0.2,61.9,-0.2,61.9,-0.2
24091,230,230,0,230,0,,,230,0,230,0,230,0,230,0,230,0,230,0,,
24092,439,439,0,439,0,,,439,0,439,0,439,0,439,0,439,0,439,0,,
24097,16.5,16.5,0,16.5,0,16.5,0,16,0.0312,16,0.0312,16,0.0312,16,0.0312,16,0.0312,16,0.0312,16,0.0312
24098,16,16,0,16,0,16,0,15,0.0667,15,0.0667,15,0.0667,15,0.0667,15,0.0667,18,-0.111,16.5,-0.0303
24099,16,16,0,16,0,16,0,15,0.0667,15,0.0667,15,0.0667,15,0.0667,15,0.0667,16,0,16.5,-0.0303
24100,16,16,0,16,0,16,0,15,0.0667,15,0.0667,15,0.0667,15,0.0667,15,0.0667,16,0,16.5,-0.0303
24102,94,94,0,94,0,94,0,94,0,,,94,0,,,,,,,,
24105,72.9,72.9,0,72.9,0,72.9,0,72.9,0,72.9,0,72.9,0,,,,,,,,
24106,129,129,0,129,0,129,0,129,0,129,0,129,0,,,,,,,,
24109,10,10,0,10,0,10,0,10,0,10,0,10,0,,,10,0,10,0,,
24111,14.5,14.5,0,14.5,0,14.5,0,,,14.5,0,12.5,0.16,12.5,0.16,12.5,0.16,12.5,0.16,12,0.208
24112,,,,,,,,,,,,,,,,,,,,,
24113,14.5,14.5,0,14.5,0,14.5,0,,,,,12.5,0.16,12.5,0.16,9.9,0.465,12.5,0.16,12.5,0.16
24116,,,,,,,,,,,,,,,,,,,,,
24117,16,16,0,16,0,16,0,15,0.0667,15,0.0667,15,0.0667,15,0.0667,15,0.0667,16,0,16.5,-0.0303
24118,12.5,12.5,0,12.5,0,12.5,0,9.5,0.316,9.5,0.316,,,9.5,0.316,9.5,0.316,10.5,0.19,11,0.136
24119,,,,,,,,,,,,,,,,,,,,,
24120,,,,,,,,,,,,,,,,,,,,,
24124,30.5,30.5,0,30.5,0,30.5,0,,,,,,,,,,,,,,
24125,30.5,30.5,0,,,,,,,,,,,,,,,,,,
24126,17,17,0,17,0,,,17,0,17,0,17,0,17,0,,,,,,
24127,8.6,8.6,0,8.6,0,8.6,0,8.6,0,8.6,0,8.6,0,8.6,0,8.6,0,8.6,0,8.6,0
24130,27,27,0,27,0,27,0,27,0,27,0,27,0,27,0,27,0,29,-0.069,35.5,-0.239
24131,27,27,0,27,0,27,0,27,0,27,0,27,0,27,0,27,0,29,-0.069,35.5,-0.239
24132,7.5,7.5,0,7.5,0,7.5,0,7,0.0714,,,,,7,0.0714,7,0.0714,8.5,-0.118,,
24133,7.5,7.5,0,7.5,0,7.5,0,7,0.0714,,,,,7,0.0714,7,0.0714,,,,
24134,7.5,7.5,0,7.5,0,7.5,0,7,0.0714,,,,,7,0.0714,7,0.0714,8.5,-0.118,9,-0.167
24135,2.5,2.5,0,2.5,0,2.5,0,2.3,0.087,,,,,2.3,0.087,2.3,0.087,2.9,-0.138,3.5,-0.286
24136,2.5,2.5,0,2.5,0,2.5,0,2.3,0.087,2.3,0.087,2.3,0.087,2.3,0.087,2.3,0.087,2.9,-0.138,3.5,-0.286
24137,2.5,2.5,0,2.5,0,2.5,0,2.3,0.087,2.3,0.087,,,,,2.3,0.087,2.9,-0.138,3.5,-0.286
24138,22,22,0,22,0,22,0,22,0,22,0,22,0,22,0,22,0,22,0,22,0
24140,22,22,0,22,0,22,0,22,0,22,0,22,0,22,0,22,0,22,0,22,0
24141,,,,,,,,,,,,,,,,,,,,,
24143,41.9,41.9,0,41.9,0,41.9,0,41.9,0,,,,,,,,,,,,
24145,44,44,0,44,0,44,0,44,0,44,0,,,,,,,,,,
24152,78,78,0,78,0,78,0,78,0,78,0,78,0,78,0,78,0,78,0,45,0.733
24153,114,114,0,114,0,114,0,114,0,114,0,114,0,114,0,114,0,114,0,76,0.493
24159,,,,,,,,,,,,,,,,,,,,,
24160,,,,,,,,,,,,,,,,,,,,,
24161,165,165,0,165,0,165,0,165,0,165,0,165,0,180,-0.0833,180,-0.0833,189,-0.127,189,-0.127
24162,165,165,0,165,0,165,0,165,0,165,0,165,0,180,-0.0833,,,189,-0.127,,
24163,,,,,,,,,,,,,,,,,,,,,
24164,,,,,,,,,,,,,,,,,,,,,
24170,34,34,0,34,0,34,0,34,0,34,0,34,0,,,,,34,0,34,0
24172,,,,,,,,,,,,,,,,,,,,,
24173,35.5,35.5,0,35.5,0,35.5,0,35.5,0,35.5,0,35.5,0,,,,,,,,
24174,,,,,,,,,,,,,,,,,,,,,
24175,18,18,0,18,0,18,0,18,0,18,0,18,0,18,0,18,0,18,0,16.5,0.0909
24176,,,,,,,,,,,,,,,,,,,,,
24306,86,86,0,86,0,,,86,0,86,0,86,0,86,0,99,-0.131,99,-0.131,,
24401,23,23,0,23,0,23,0,23,0,23,0,23,0,23,0,23,0,23,0,23,0
24402,41,41,0,41,0,41,0,41,0,41,0,41,0,41,0,41,0,41,0,41,0
24403,,,,,,,,,,,,,,,,,,,,,
24406,,,,,,,,,,,,,,,,,,,,,
24459,8.8,8.8,0,8.8,0,8.8,0,8.8,0,8.8,0,8.8,0,8.8,0,8.8,0,8.8,0,9,-0.0222
24463,8.8,8.8,0,8.8,0,8.8,0,8.8,0,8.8,0,8.8,0,8.8,0,8.8,0,8.8,0,9,-0.0222
24464,8.8,8.8,0,8.8,0,8.8,0,8.8,0,8.8,0,8.8,0,8.8,0,8.8,0,8.8,0,9,-0.0222
24465,8.8,8.8,0,8.8,0,8.8,0,8.8,0,8.8,0,8.8,0,8.8,0,8.8,0,8.8,0,9,-0.0222
24514,23,23,0,23,0,23,0,23,0,23,0,23,0,23,0,23,0,23,0,,
24515,47.5,47.5,0,47.5,0,47.5,0,47.5,0,47.5,0,47.5,0,47.5,0,,,47.5,0,47.5,0
24699,109,109,0,109,0,109,0,109,0,109,0,109,0,109,0,109,0,109,0,109,0
24870,,,,,,,,,,,,,,,,,,,,,
24887,,,,,,,,,,,,,,,,,,,,,
24888,14.5,14.5,0,14.5,0,14.5,0,14.5,0,14.5,0,14.5,0,14.5,0,14.5,0,14.5,0,14.5,0
24889,,,,,,,,,,,,,,,,,,,,,
24915,,,,,,,,,,,,,,,,,,,,,
25001,14,14,0,12.9,0.0853,12.9,0.0853,12.9,0.0853,,,11,0.273,11,0.273,16.5,-0.152,16.5,-0.152,16.5,-0.152
25004,,,,,,,,,,,,,,,,,,,,,
25006,48.5,48.5,0,48.5,0,48.5,0,48.5,0,48.5,0,,,,,63.8,-0.24,63.8,-0.24,63.8,-0.24
25009,,,,,,,,,,,,,,,,,,,,,
25012,,,,,,,,,,,,,,,,,,,,,
25016,,,,,,,,,,,,,,,,,,,,,
25017,,,,,,,,,,,,,,,,,,,,,
25018,,,,,,,,,,,,,,,,,,,,,
25019,,,,,,,,,,,,,,,,,,,,,
25020,,,,,,,,,,,,,,,,,,,,,
25021,14,14,0,14,0,,,14,0,14,0,14,0,14,0,,,,,,
25024,,,,,,,,,,,,,,,,,,,,,
25025,10.9,10.9,0,13.5,-0.193,13.5,-0.193,13.5,-0.193,13.5,-0.193,11.5,-0.0522,11.5,-0.0522,10.5,0.0381,10.9,0,15,-0.273
25026,10.5,10.5,0,10.5,0,10.5,0,10.5,0,10.5,0,8.8,0.193,8.8,0.193,8,0.312,10.5,0,11.5,-0.087
25030,,,,,,,,,,,,,,,,,,,,,
25031,11,11,0,,,,,,,,,,,,,,,,,,
25032,,,,,,,,,,,,,,,,,,,,,
25033,,,,,,,,,,,,,,,,,,,,,
25034,,,,,,,,,,,,,,,,,,,,,
25035,22,22,0,22,0,22,0,20.5,0.0732,20.5,0.0732,19,0.158,17.5,0.257,28.5,-0.228,26,-0.154,32,-0.312
25036,,,,,,,,,,,,,,,,,,,,,
25037,138,138,0,138,0,,,138,0,138,0,138,0,138,0,138,0,138,0,138,0
25049,99,99,0,99,0,99,0,99,0,99,0,99,0,99,0,99,0,99,0,87.5,0.131
25050,89.9,89.9,0,89.9,0,89.9,0,89.9,0,89.9,0,88,0.0216,89.9,0,99.9,-0.1,99.9,-0.1,115,-0.218
25052,,,,,,,,,,,,,,,,,,,,,
25057,,,,,,,,,,,,,,,,,,,,,
25059,9,9,0,9,0,9,0,9,0,9,0,9,0,9,0,9,0,9,0,9,0
25060,8.6,8.6,0,8.6,0,8.6,0,8.6,0,8.6,0,8.6,0,8.6,0,8.6,0,8.6,0,8.6,0
25061,8.6,8.6,0,8.6,0,8.6,0,8.6,0,8.6,0,8.6,0,8.6,0,8.6,0,,,8.6,0
25062,47,47,0,47,0,47,0,47,0,47,0,47,0,,,59.5,-0.21,59.5,-0.21,54.9,-0.144
25063,,,,,,,,,,,,,,,,,,,,,
25065,,,,,,,,,,,,,,,,,,,,,
25070,,,,,,,,,,,,,,,,,,,,,
25071,17.5,17.5,0,17.5,0,17.5,0,17.5,0,17.5,0,17.5,0,17.5,0,22,-0.205,22,-0.205,22,-0.205
25072,17.5,17.5,0,17.5,0,17.5,0,17.5,0,17.5,0,17.5,0,17.5,0,22,-0.205,22,-0.205,22,-0.205
25073,17.5,17.5,0,17.5,0,17.5,0,17.5,0,17.5,0,17.5,0,17.5,0,22,-0.205,22,-0.205,22,-0.205
25074,,,,,,,,,,,,,,,,,,,,,
25075,,,,,,,,,,,,,,,,,,,,,
25076,,,,,,,,,,,,,,,,,,,,,
25078,5,5,0,5,0,5,0,5,0,5,0,5,0,5,0,5,0,5,0,5,0
25087,8.6,8.6,0,8.6,0,8.6,0,8.6,0,8.6,0,8.6,0,8.6,0,8.6,0,8.6,0,8.6,0
25088,8.6,8.6,0,8.6,0,8.6,0,8.6,0,8.6,0,8.6,0,8.6,0,8.6,0,,,8.6,0
25093,9.5,9.5,0,9.5,0,9.5,0,9.5,0,9.5,0,9.5,0,,,9.5,0,9.5,0,,
25094,20,20,0,20,0,20,0,20,0,20,0,,,20,0,20,0,20,0,18.5,0.0811
25097,,,,,,,,,,,,,,,,,,,,,
25098,9.5,9.5,0,9.5,0,9.5,0,9.5,0,9.5,0,9.5,0,,,,,9.5,0,9.5,0
25099,26.9,26.9,0,26.9,0,26.9,0,26.9,0,26.9,0,26.9,0,26.9,0,,,,,,
25101,11,11,0,11,0,11,0,11,0,11,0,11,0,,,11,0,11,0,8.8,0.25
25102,,,,,,,,,,,,,,,,,,,,,
25104,23.5,23.5,0,23.5,0,23.5,0,23.5,0,22.9,0.0262,22.9,0.0262,22.9,0.0262,24.5,-0.0408,24.5,-0.0408,24.5,-0.0408
25108,14.5,14.5,0,14.5,0,14.5,0,14.5,0,14.5,0,,,14.5,0,14.5,0,13,0.115,12.5,0.16
25109,14.5,14.5,0,14.5,0,14.5,0,14.5,0,,,14.5,0,14.5,0,14.5,0,13,0.115,12.5,0.16
25110,14.5,14.5,0,14.5,0,14.5,0,14.5,0,14.5,0,,,14.5,0,,,13,0.115,12.5,0.16
25112,9.5,9.5,0,9.5,0,9.5,0,9.5,0,,,,,,,7.5,0.267,7.5,0.267,6.5,0.462
25113,7.5,7.5,0,7.5,0,7.5,0,7.5,0,7.5,0,7.5,0,7.5,0,7.5,0,7.5,0,6.5,0.154
25114,9.5,9.5,0,9.5,0,9.5,0,9.5,0,9.5,0,7.5,0.267,7.5,0.267,7.5,0.267,7.5,0.267,6.5,0.462
25115,,,,,,,,,,,,,,,,,,,,,
25117,15,15,0,,,,,,,,,,,,,,,,,,
25118,15,15,0,,,,,,,,,,,,,,,,,,
25120,149,149,0,149,0,,,149,0,149,0,149,0,149,0,149,0,149,0,149,0
25121,33,33,0,,,,,,,,,,,33,0,33,0,,,,
25122,33,33,0,,,,,,,,,,,33,0,33,0,33,0,33,0
25123,33,33,0,,,,,,,,,,,,,33,0,,,33,0
25124,,,,,,,,,,,,,,,,,,,,,
25125,,,,,,,,,,,,,,,,,,,,,
25126,,,,,,,,,,,,,,,,,,,,,
25127,,,,,,,,,,,,,,,,,,,,,
25128,,,,,,,,,,,,,,,,,,,,,
25129,,,,,,,,,,,,,,,,,,,,,
25130,19.8,19.8,0,19.8,0,19.8,0,19.8,0,19.8,0,19.8,0,19.8,0,19.8,0,19.8,0,19.8,0
25131,,,,,,,,,,,,,,,,,,,,,
25132,,,,,,,,,,,,,,,,,,,,,
25134,,,,,,,,,,,,,,,,,,,,,
25135,,,,,,,,,,,,,,,,,,,,,
25136,,,,,,,,,,,,,,,,,,,,,
25137,6.5,6.5,0,5.5,0.182,5.5,0.182,5.5,0.182,5,0.3,5,0.3,5,0.3,6.8,-0.0441,7.5,-0.133,6.9,-0.058
25139,7,7,0,7,0,7,0,7,0,7,0,7,0,,,7,0,7,0,7,0
25140,,,,,,,,,,,,,,,,,,,,,
25141,10.5,10.5,0,10.5,0,10.5,0,10.5,0,10.5,0,,,10.5,0,,,10.5,0,10.5,0
25142,,,,,,,,,,,,,,,,,,,,,
25144,,,,,,,,,,,,,,,,,,,,,
25145,19.5,19.5,0,19.5,0,19.5,0,19.5,0,19.5,0,19.5,0,19.5,0,19.5,0,19.5,0,19.5,0
25146,13.5,13.5,0,13.5,0,,,,,13.5,0,13.5,0,13.5,0,13.5,0,13.5,0,13.5,0
25149,,,,,,,,,,,,,,,,,,,,,
25150,,,,,,,,,,,,,,,,,,,,,
25151,,,,,,,,,,,,,,,,,,,,,
25152,11,11,0,11,0,11,0,11,0,11,0,11,0,11,0,,,11,0,11,0
25153,,,,,,,,,,,,,,,,,,,,,
25154,,,,,,,,,,,,,,,,,,,,,
25155,,,,,,,,,,,,,,,,,,,,,
25161,20,20,0,20,0,20,0,20,0,20,0,,,20,0,20,0,20,0,18.5,0.0811
25162,20,20,0,20,0,20,0,20,0,20,0,,,20,0,20,0,20,0,18.5,0.0811
25165,,,,,,,,,,,,,,,,,,,,,
25166,10.9,10.9,0,13.5,-0.193,13.5,-0.193,13.5,-0.193,13.5,-0.193,11.5,-0.0522,11.5,-0.0522,10.5,0.0381,10.9,0,15,-0.273
25167,,,,,,,,,,,,,,,,,,,,,
25168,,,,,,,,,,,,,,,,,,,,,
25169,,,,,,,,,,,,,,,,,,,,,
25170,,,,,,,,,,,,,,,,,,,,,
25173,4.5,4.5,0,4.5,0,4.5,0,4.5,0,4.5,0,4.5,0,4.5,0,4.5,0,4.5,0,4.5,0
25175,35,35,0,35,0,35,0,35,0,35,0,35,0,35,0,35,0,,,,
25180,20,20,0,20,0,20,0,20,0,20,0,20,0,20,0,,,27.8,-0.281,,
25181,,,,,,,,,,,,,,,,,,,,,
25185,46.9,46.9,0,46.9,0,46.9,0,37.9,0.237,37.9,0.237,46.9,0,46.9,0,64.5,-0.273,52.5,-0.107,63.5,-0.261
25188,8.8,8.8,0,8.8,0,8.8,0,8.8,0,8.8,0,8.8,0,8.8,0,8.8,0,8.8,0,8.8,0
25194,21.9,21.9,0,21.9,0,21.9,0,21.9,0,21.9,0,21.9,0,21.9,0,21.9,0,20.5,0.0683,,
25200,8.5,8.5,0,10,-0.15,10,-0.15,10,-0.15,10,-0.15,10,-0.15,7.9,0.0759,10,-0.15,10,-0.15,10,-0.15
25201,8.5,8.5,0,10,-0.15,10,-0.15,10,-0.15,10,-0.15,10,-0.15,7.9,0.0759,10,-0.15,10,-0.15,10,-0.15
25202,10,10,0,10,0,10,0,10,0,10,0,10,0,7.9,0.266,10,0,10,0,10,0
25203,8.5,8.5,0,10,-0.15,10,-0.15,10,-0.15,10,-0.15,10,-0.15,7.9,0.0759,10,-0.15,10,-0.15,10,-0.15
25210,,,,,,,,,,,,,,,,,,,,,
25211,2.5,2.5,0,2.5,0,2.5,0,2,0.25,2,0.25,2,0.25,2,0.25,2,0.25,2,0.25,2,0.25
25212,2,2,0,2,0,2,0,2,0,2,0,2,0,2,0,2,0,2,0,2,0
25213,2,2,0,2,0,2,0,2,0,2,0,2,0,2,0,2,0,2,0,2,0
25214,2.5,2.5,0,2.5,0,2.5,0,2,0.25,2,0.25,2,0.25,2,0.25,2,0.25,2,0.25,2,0.25
25223,8.9,8.9,0,8.9,0,8.9,0,8.9,0,8.9,0,8.9,0,8.9,0,8.9,0,8.9,0,8.9,0
25238,,,,,,,,,,,,,,,,,,,,,
25239,14.5,14.5,0,14.5,0,14.5,0,14.5,0,14.5,0,14.5,0,14.5,0,14.5,0,15,-0.0333,15,-0.0333
25240,63,63,0,63,0,63,0,63,0,63,0,63,0,63,0,63,0,,,,
25241,30,30,0,30,0,30,0,30,0,30,0,30,0,30,0,30,0,30,0,,
25242,,,,,,,,,,,,,,,,,,,,,
25243,8.5,8.5,0,8.5,0,8.5,0,8.5,0,8.5,0,8.5,0,8.5,0,9.5,-0.105,11.5,-0.261,11.9,-0.286
25244,8.5,8.5,0,8.5,0,8.5,0,8.5,0,8.5,0,8.5,0,8.5,0,9.5,-0.105,11.5,-0.261,11.9,-0.286
25245,15,15,0,,,,,,,,,,,,,,,,,,
25246,76,76,0,76,0,76,0,76,0,76,0,76,0,76,0,76,0,68,0.118,,
25247,,,,,,,,,,,,,,,,,,,,,
25249,,,,,,,,,,,,,,,,,,,,,
25254,,,,,,,,,,,,,,,,,,,,,
25255,2.5,2.5,0,2.5,0,2.5,0,2.5,0,2.5,0,2.5,0,,,,,,,2.5,0
25257,,,,,,,,,,,,,,,,,,,,,
25258,,,,,,,,,,,,,,,,,,,,,
25259,42,42,0,42,0,,,42,0,42,0,42,0,42,0,,,,,,
25260,19.5,19.5,0,19.5,0,19.5,0,19.5,0,19.5,0,19.5,0,19.5,0,,,,,,
25261,,,,,,,,,,,,,,,,,,,,,
25265,12.8,12.8,0,12.8,0,12.8,0,12.8,0,12.8,0,12.8,0,12.8,0,12.8,0,12.8,0,12.8,0
25266,14,14,0,14,0,14,0,14,0,14,0,14,0,14,0,14,0,14,0,14,0
25268,19.5,19.5,0,19.5,0,19.5,0,19.5,0,19.5,0,19.5,0,19.5,0,19.5,0,,,,
25269,19.5,19.5,0,19.5,0,19.5,0,19.5,0,19.5,0,19.5,0,19.5,0,19.5,0,17.5,0.114,,
25272,,,,,,,,,,,,,,,,,,,,,
25273,,,,,,,,,,,,,,,,,,,,,
25275,40,40,0,,,,,,,,,,,,,,,,,,
25276,34.5,34.5,0,,,,,,,,,,,,,,,,,,
25279,24.5,24.5,0,24.5,0,,,24.5,0,24.5,0,24.5,0,24.5,0,,,,,,
25282,,,,,,,,,,,,,,,,,,,,,
25286,18.5,18.5,0,18.5,0,18.5,0,18.5,0,18.5,0,18.5,0,18.5,0,18.5,0,,,,
25287,20.5,20.5,0,20.5,0,20.5,0,20.5,0,20.5,0,20.5,0,20.5,0,20.5,0,,,,
25289,17,17,0,17,0,17,0,17,0,17,0,17,0,17,0,17,0,17,0,,
25290,,,,,,,,,,,,,,,,,,,,,
25292,18.5,18.5,0,18.5,0,18.5,0,18.5,0,18.5,0,18.5,0,18.5,0,,,18.5,0,,
25294,68.5,68.5,0,68.5,0,68.5,0,68.5,0,68.5,0,68.5,0,68.5,0,68.5,0,,,,
25295,249,249,0,249,0,249,0,249,0,249,0,249,0,249,0,249,0,,,249,0
25298,50,50,0,50,0,,,50,0,50,0,50,0,50,0,50,0,50,0,,
25299,55,55,0,55,0,,,55,0,55,0,55,0,55,0,55,0,,,,
25303,13.9,13.9,0,13.9,0,13.9,0,13.9,0,13.9,0,13.9,0,13.9,0,13.9,0,13.9,0,,
25304,28.9,28.9,0,28.9,0,28.9,0,28.9,0,28.9,0,28.9,0,,,,,28.9,0,28.9,0
25307,109,109,0,109,0,,,109,0,109,0,109,0,109,0,109,0,109,0,,
25308,13.5,13.5,0,13.5,0,13.5,0,13.5,0,13.5,0,,,,,,,,,,
25314,24,24,0,24,0,24,0,22,0.0909,22,0.0909,22,0.0909,22,0.0909,22,0.0909,31,-0.226,31,-0.226
25315,7.5,7.5,0,7.5,0,7.5,0,7.5,0,7.5,0,7.5,0,7.5,0,7.5,0,7.5,0,,
25316,,,,,,,,,,,,,,,,,,,,,
25318,285,285,0,285,0,,,285,0,285,0,285,0,285,0,,,,,,
25320,26,26,0,26,0,26,0,20,0.3,20,0.3,20,0.3,20,0.3,20,0.3,20,0.3,20,0.3
25322,,,,,,,,,,,,,,,,,,,,,
25323,22,22,0,22,0,22,0,22,0,22,0,,,22,0,26,-0.154,26,-0.154,26,-0.154
25324,14.5,14.5,0,14.5,0,14.5,0,14.5,0,,,14.5,0,14.5,0,14.5,0,14.5,0,14.5,0
25325,26,26,0,26,0,26,0,20,0.3,20,0.3,20,0.3,20,0.3,20,0.3,20,0.3,20,0.3
25326,26,26,0,26,0,26,0,20,0.3,20,0.3,20,0.3,20,0.3,20,0.3,20,0.3,20,0.3
25327,26,26,0,26,0,26,0,20,0.3,20,0.3,20,0.3,20,0.3,20,0.3,20,0.3,20,0.3
25328,,,,,,,,,,,,,,,,,,,,,
25329,,,,,,,,,,,,,,,,,,,,,
25331,,,,,,,,,,,,,,,,,,,,,
25332,21.9,21.9,0,21.9,0,21.9,0,21.9,0,21.9,0,21.9,0,21.9,0,21.9,0,,,,
25333,,,,,,,,,,,,,,,,,,,,,
25334,44.5,44.5,0,44.5,0,44.5,0,44.5,0,44.5,0,,,44.5,0,44.5,0,44.5,0,44.5,0
25338,5,5,0,5,0,5,0,5,0,5,0,5,0,5,0,5,0,,,,
25341,38.9,38.9,0,38.9,0,38.9,0,38.9,0,38.9,0,38.9,0,38.9,0,39,-0.00256,34.9,0.115,,
25342,16.8,16.8,0,16.8,0,16.8,0,16.8,0,16.8,0,16.8,0,16.8,0,14.5,0.159,15.5,0.0839,,
25343,,,,,,,,,,,,,,,,,,,,,
25344,9.9,9.9,0,9.9,0,9.9,0,9.9,0,9.9,0,9.9,0,9.9,0,10.2,-0.0294,9.5,0.0421,,
25345,75,75,0,75,0,75,0,75,0,75,0,75,0,75,0,75,0,,,,
25346,75,75,0,75,0,75,0,75,0,75,0,75,0,75,0,75,0,75,0,,
25347,,,,,,,,,,,,,,,,,,,,,
25349,7.5,7.5,0,7.5,0,7.5,0,7.5,0,,,7.5,0,7.5,0,8.3,-0.0964,8.3,-0.0964,8.3,-0.0964
25350,7.5,7.5,0,7.5,0,7.5,0,7.5,0,7.5,0,7.5,0,7.5,0,8.3,-0.0964,8.3,-0.0964,8.3,-0.0964
25351,,,,,,,,,,,,,,,,,,,,,
25352,,,,,,,,,,,,,,,,,,,,,
25359,,,,,,,,,,,,,,,,,,,,,
25360,125,125,0,125,0,,,125,0,125,0,125,0,125,0,125,0,125,0,,
25363,305,305,0,305,0,,,305,0,305,0,305,0,305,0,305,0,305,0,,
25365,16,16,0,16,0,16,0,16,0,16,0,16,0,13.5,0.185,16,0,16,0,,
25369,14.9,14.9,0,17.5,-0.149,17.5,-0.149,17.5,-0.149,17.5,-0.149,17.5,-0.149,17.5,-0.149,16.9,-0.118,19.5,-0.236,20.9,-0.287
25377,155,155,0,155,0,,,155,0,155,0,155,0,155,0,155,0,155,0,,
25379,14,14,0,14,0,14,0,14,0,,,,,,,,,,,,
25386,,,,,,,,,,,,,,,,,,,,,
25387,71.5,71.5,0,71.5,0,71.5,0,71.5,0,71.5,0,71.5,0,71.5,0,,,,,,
25388,72.5,72.5,0,72.5,0,72.5,0,72.5,0,72.5,0,72.5,0,72.5,0,72.5,0,,,,
25389,,,,,,,,,,,,,,,,,,,,,
25390,,,,,,,,,,,,,,,,,,,,,
25392,25.5,25.5,0,25.5,0,25.5,0,25.5,0,25.5,0,,,,,,,,,,
25401,17.9,17.9,0,17.9,0,,,17.9,0,17.9,0,17.9,0,17.9,0,,,16,0.119,,
25402,17.9,17.9,0,17.9,0,,,17.9,0,17.9,0,17.9,0,17.9,0,17.9,0,,,,
25403,23.5,23.5,0,23.5,0,,,23.5,0,23.5,0,23.5,0,23.5,0,23.5,0,20,0.175,,
25404,12,12,0,12,0,12,0,12,0,,,,,,,,,,,,
25406,16,16,0,16,0,16,0,16,0,16,0,16,0,13.5,0.185,16,0,16,0,,
25407,23.5,23.5,0,23.5,0,23.5,0,23.5,0,22.9,0.0262,22.9,0.0262,22.9,0.0262,24.5,-0.0408,24.5,-0.0408,,
25408,,,,,,,,,,,,,,,,,,,,,
25409,29.9,29.9,0,29.9,0,29.9,0,29.9,0,29.9,0,29.9,0,29.9,0,34,-0.121,34,-0.121,,
25410,9.2,9.2,0,9.2,0,9.2,0,9.2,0,9.2,0,9.2,0,9.2,0,9.5,-0.0316,8,0.15,,
25427,65,65,0,65,0,65,0,65,0,65,0,65,0,65,0,65,0,59.5,0.0924,,
25428,32.5,32.5,0,32.5,0,32.5,0,32.5,0,32.5,0,32.5,0,,,32.5,0,29.5,0.102,,
25430,10.5,10.5,0,10.5,0,10.5,0,10.5,0,10.5,0,,,,,,,10.5,0,,
25431,9.5,9.5,0,9.5,0,9.5,0,9.5,0,9.5,0,9.5,0,9.5,0,9.5,0,9.5,0,,
25432,,,,,,,,,,,,,,,,,,,,,
25433,9.5,9.5,0,9.5,0,9.5,0,9.5,0,9.5,0,9.5,0,9.5,0,9.5,0,9.5,0,,
25440,,,,,,,,,,,,,,,,,,,,,
25441,50,50,0,50,0,,,50,0,50,0,50,0,50,0,50,0,50,0,,
25451,35,35,0,35,0,34.5,0.0145,34.5,0.0145,34.5,0.0145,34.5,0.0145,34.5,0.0145,34.5,0.0145,34.5,0.0145,,
25453,,,,,,,,,,,,,,,,,,,,,
25454,20,20,0,20,0,20,0,20,0,20,0,20,0,,,20,0,,,,
25455,,,,,,,,,,,,,,,,,,,,,
25456,,,,,,,,,,,,,,,,,,,,,
25457,,,,,,,,,,,,,,,,,,,,,
25461,11.5,11.5,0,11.5,0,11.5,0,11.5,0,11.5,0,11.5,0,11.5,0,11,0.0455,11,0.0455,,
25462,,,,,,,,,,,,,,,,,,,,,
25463,21,21,0,,,,,,,,,,,,,,,,,,
25469,,,,,,,,,,,,,,,,,,,,,
25483,112,112,0,112,0,,,112,0,112,0,112,0,112,0,112,0,112,0,,
25486,16,16,0,16,0,16,0,16,0,16,0,16,0,16,0,16,0,,,,
25487,16,16,0,16,0,16,0,16,0,16,0,16,0,16,0,16,0,,,,
25489,15.5,15.5,0,15.5,0,15.5,0,15.5,0,15.5,0,15.5,0,15.5,0,15.5,0,15.5,0,,
25490,,,,,,,,,,,,,,,,,,,,,
25493,15.5,15.5,0,15.5,0,15.5,0,15.5,0,15.5,0,15.5,0,15.5,0,15.5,0,15.5,0,,
25494,10.5,10.5,0,10.5,0,,,7.5,0.4,7.5,0.4,9,0.167,9,0.167,9,0.167,7.9,0.329,,
25495,17.5,17.5,0,17.5,0,17.5,0,17.5,0,17.5,0,16,0.0938,16,0.0938,16,0.0938,,,,
25496,,,,,,,,,,,,,,,,,,,,,
25640,43.5,43.5,0,43.5,0,43.5,0,43.5,0,43.5,0,43.5,0,43.5,0,63,-0.31,63,-0.31,63,-0.31
25771,13.3,13.3,0,13.3,0,13.3,0,13.6,-0.0221,13.6,-0.0221,,,,,13.6,-0.0221,13.6,-0.0221,14.5,-0.0828
25789,,,,,,,,,,,,,,,,,,,,,
25945,,,,,,,,,,,,,,,,,,,,,
25946,16.9,16.9,0,16.9,0,16.9,0,16.9,0,16.9,0,16,0.0562,16,0.0562,16,0.0562,,,,
25947,20.5,20.5,0,20.5,0,20.5,0,20.5,0,20.5,0,20,0.025,20,0.025,20,0.025,,,,
25948,16.9,16.9,0,16.9,0,16.9,0,16.9,0,16.9,0,16,0.0562,16,0.0562,16,0.0562,,,,
25950,48,48,0,48,0,48,0,48,0,48,0,48,0,48,0,,,,,,
25951,7,7,0,7,0,7,0,7,0,7,0,7,0,7,0,7,0,7,0,,
25952,7,7,0,7,0,7,0,7,0,7,0,7,0,7,0,7,0,7,0,,
25954,198,198,0,198,0,,,198,0,188,0.0533,188,0.0533,188,0.0533,188,0.0533,175,0.129,,
25955,11,11,0,11,0,11,0,11,0,11,0,11,0,11,0,11,0,,,,
25957,14.5,14.5,0,14.5,0,14.5,0,14.5,0,14.5,0,13.5,0.0741,13.5,0.0741,13.5,0.0741,,,,
25958,16.9,16.9,0,16.9,0,16.9,0,16.9,0,16.9,0,16,0.0562,16,0.0562,16,0.0562,,,,
25959,20,20,0,20,0,20,0,20,0,20,0,19.5,0.0256,19.5,0.0256,19.5,0.0256,,,,
25960,16.9,16.9,0,16.9,0,16.9,0,16.9,0,16.9,0,16,0.0562,16,0.0562,16,0.0562,,,,
25961,20,20,0,20,0,20,0,20,0,20,0,19.5,0.0256,19.5,0.0256,19.5,0.0256,,,,
25962,16.9,16.9,0,16.9,0,16.9,0,16.9,0,16.9,0,16,0.0562,16,0.0562,16,0.0562,,,,
25964,24.5,24.5,0,24.5,0,24.5,0,,,,,,,,,,,,,,
25965,28,28,0,28,0,28,0,,,,,,,,,,,,,,
25968,56.5,56.5,0,56.5,0,56.5,0,56.5,0,56.5,0,56.5,0,,,,,,,,
25969,56,56,0,56,0,56,0,56,0,56,0,56,0,56,0,56,0,69.5,-0.194,69.5,-0.194
25970,18,18,0,,,,,,,,,,,,,,,,,,
25971,,,,,,,,,,,,,,,,,,,,,
25977,,,,,,,,,,,,,,,,,,,,,
25978,8.5,8.5,0,8.5,0,8.5,0,8.5,0,8.5,0,8.5,0,8.5,0,9.5,-0.105,10.9,-0.22,,
25979,8.5,8.5,0,8.5,0,8.5,0,8.5,0,8.5,0,8.5,0,8.5,0,9.5,-0.105,10.9,-0.22,,
25980,17.5,17.5,0,17.5,0,17.5,0,,,17.5,0,17.5,0,13.9,0.259,15.5,0.129,18.5,-0.0541,,
25981,10.5,10.5,0,10.5,0,10.5,0,11.9,-0.118,,,,,,,11.9,-0.118,12.5,-0.16,,
25982,105,105,0,105,0,105,0,105,0,105,0,105,0,105,0,105,0,105,0,,
25985,6.9,6.9,0,6.9,0,6.9,0,6.9,0,6.9,0,,,5.5,0.255,,,,,,
25986,6.9,6.9,0,6.9,0,6.9,0,6.9,0,6.9,0,6.5,0.0615,5.5,0.255,5.9,0.169,,,,
25989,32,32,0,32,0,32,0,32,0,32,0,32,0,32,0,32,0,32,0,,
25990,24,24,0,24,0,24,0,24,0,24,0,24,0,24,0,24,0,,,,
25993,97.5,97.5,0,97.5,0,,,97.5,0,97.5,0,97.5,0,97.5,0,97.5,0,,,,
25994,97.5,97.5,0,97.5,0,,,97.5,0,97.5,0,97.5,0,97.5,0,97.5,0,,,,
25996,47.5,47.5,0,47.5,0,47.5,0,47.5,0,47.5,0,47.5,0,47.5,0,47.5,0,47.5,0,,
25997,37.5,37.5,0,37.5,0,37.5,0,37.5,0,37.5,0,37.5,0,37.5,0,37.5,0,37.5,0,,
25998,34.5,34.5,0,34.5,0,34.5,0,34.5,0,34.5,0,34.5,0,34.5,0,34.5,0,34.5,0,,
25999,12.5,12.5,0,12.5,0,12.5,0,12.5,0,12.5,0,13,-0.0385,13,-0.0385,10.9,0.147,13,-0.0385,,
26001,7.6,7.6,0,7.6,0,7.6,0,7.6,0,7.6,0,,,7.6,0,9,-0.156,7.5,0.0133,7.5,0.0133
26002,9.5,9.5,0,9.5,0,9.5,0,9.5,0,9.5,0,9.5,0,9.5,0,11,-0.136,8.9,0.0674,8.9,0.0674
26003,,,,,,,,,,,,,,,,,,,,,
26004,10.5,10.5,0,10.5,0,10.5,0,10.5,0,10.5,0,,,10.5,0,10.5,0,10,0.05,6.9,0.522
26005,,,,,,,,,,,,,,,,,,,,,
26006,,,,,,,,,,,,,,,,,,,,,
26007,,,,,,,,,,,,,,,,,,,,,
26013,,,,,,,,,,,,,,,,,,,,,
26014,,,,,,,,,,,,,,,,,,,,,
26015,57.5,57.5,0,57.5,0,57.5,0,57.5,0,57.5,0,57.5,0,57.5,0,57.5,0,57.5,0,57.5,0
26016,,,,,,,,,,,,,,,,,,,,,
26017,,,,,,,,,,,,,,,,,,,,,
26019,,,,,,,,,,,,,,,,,,,,,
26022,8.9,8.9,0,8.9,0,8.9,0,8.9,0,8.9,0,8.9,0,11.5,-0.226,11.5,-0.226,12,-0.258,9.8,-0.0918
26024,,,,,,,,,,,,,,,,,,,,,
26025,,,,,,,,,,,,,,,,,,,,,
26027,,,,,,,,,,,,,,,,,,,,,
26028,,,,,,,,,,,,,,,,,,,,,
26029,,,,,,,,,,,,,,,,,,,,,
26035,37.5,37.5,0,37.5,0,,,37.5,0,37.5,0,37.5,0,37.5,0,,,,,,
26036,37.5,37.5,0,37.5,0,,,37.5,0,37.5,0,37.5,0,37.5,0,37.5,0,37.5,0,37.5,0
26037,,,,,,,,,,,,,,,,,,,,,
26038,,,,,,,,,,,,,,,,,,,,,
26039,,,,,,,,,,,,,,,,,,,,,
26040,,,,,,,,,,,,,,,,,,,,,
26041,29,29,0,29,0,29,0,29,0,,,,,,,29,0,39.5,-0.266,39.5,-0.266
26042,24,24,0,24,0,24,0,,,,,,,24,0,24,0,33.5,-0.284,33.5,-0.284
26043,30.5,30.5,0,30.5,0,30.5,0,,,,,,,,,,,,,,
26045,104,104,0,104,0,,,104,0,104,0,104,0,132,-0.216,,,,,,
26046,205,205,0,205,0,,,205,0,205,0,205,0,288,-0.287,288,-0.287,288,-0.287,288,-0.287
26047,299,299,0,299,0,,,299,0,299,0,299,0,405,-0.262,405,-0.262,405,-0.262,405,-0.262
26049,19,19,0,19,0,19,0,19,0,19,0,19,0,19,0,19,0,19,0,19,0
26050,29.5,29.5,0,29.5,0,29.5,0,29.5,0,29.5,0,29.5,0,29.5,0,29.5,0,29.5,0,29.5,0
26051,,,,,,,,,,,,,,,,,,,,,
26052,,,,,,,,,,,,,,,,,,,,,
26054,69,69,0,69,0,69,0,69,0,69,0,69,0,69,0,69,0,60,0.15,60,0.15
26055,60,60,0,60,0,60,0,60,0,60,0,60,0,60,0,60,0,60,0,60,0
26056,92,92,0,92,0,,,92,0,92,0,92,0,92,0,92,0,92,0,92,0
26057,60,60,0,60,0,60,0,60,0,60,0,60,0,60,0,60,0,56,0.0714,,
26060,86,86,0,86,0,,,86,0,86,0,86,0,,,109,-0.211,109,-0.211,109,-0.211
26062,22,22,0,22,0,22,0,22,0,22,0,,,22,0,22,0,,,,
26063,19.5,19.5,0,19.5,0,19.5,0,19.5,0,19.5,0,19.5,0,19.5,0,19.5,0,,,,
26064,,,,,,,,,,,,,,,,,,,,,
26065,,,,,,,,,,,,,,,,,,,,,
26066,,,,,,,,,,,,,,,,,,,,,
26067,,,,,,,,,,,,,,,,,,,,,
26068,,,,,,,,,,,,,,,,,,,,,
26069,,,,,,,,,,,,,,,,,,,,,
26070,,,,,,,,,,,,,,,,,,,,,
26071,67.5,67.5,0,67.5,0,67.5,0,67.5,0,67.5,0,67.5,0,67.5,0,67.5,0,88,-0.233,,
26072,,,,,,,,,,,,,,,,,,,,,
26073,23,23,0,23,0,23,0,23,0,23,0,23,0,23,0,23,0,23,0,23,0
26074,23,23,0,23,0,23,0,23,0,23,0,23,0,23,0,23,0,23,0,23,0
26075,21.5,21.5,0,21.5,0,21.5,0,21.5,0,21.5,0,21.5,0,21.5,0,21.5,0,21.5,0,21.5,0
26082,12.5,12.5,0,14,-0.107,14,-0.107,14,-0.107,14,-0.107,14,-0.107,14,-0.107,14,-0.107,11.9,0.0504,14,-0.107
26090,,,,,,,,,,,,,,,,,,,,,
26092,30.9,30.9,0,30.9,0,30.9,0,30.9,0,30.9,0,,,,,,,30.9,0,30.9,0
26094,33.3,33.3,0,33.3,0,33.3,0,33.3,0,33.3,0,33.3,0,33.3,0,33.3,0,33.3,0,33.3,0
26095,32,32,0,32,0,32,0,32,0,32,0,32,0,32,0,,,26.5,0.208,30.9,0.0356
26101,,,,,,,,,,,,,,,,,,,,,
26102,,,,,,,,,,,,,,,,,,,,,
26103,,,,,,,,,,,,,,,,,,,,,
26104,,,,,,,,,,,,,,,,,,,,,
26106,33.3,33.3,0,33.3,0,33.3,0,33.3,0,33.3,0,33.3,0,33.3,0,33.3,0,33.3,0,33.3,0
26107,33.3,33.3,0,33.3,0,33.3,0,33.3,0,33.3,0,33.3,0,33.3,0,33.3,0,33.3,0,33.3,0
26108,33.3,33.3,0,33.3,0,33.3,0,33.3,0,33.3,0,33.3,0,33.3,0,,,33.3,0,33.3,0
26110,,,,,,,,,,,,,,,,,,,,,
26112,75,75,0,75,0,75,0,75,0,75,0,75,0,75,0,75,0,75,0,75,0
26113,75,75,0,75,0,75,0,75,0,75,0,75,0,75,0,75,0,75,0,,
26114,75,75,0,75,0,75,0,75,0,75,0,75,0,75,0,75,0,75,0,75,0
26117,63,63,0,63,0,63,0,63,0,63,0,63,0,53.5,0.178,53.5,0.178,53.5,0.178,53.5,0.178
26121,,,,,,,,,,,,,,,,,,,,,
26122,,,,,,,,,,,,,,,,,,,,,
26124,30.9,30.9,0,30.9,0,30.9,0,30.9,0,30.9,0,30.9,0,30.9,0,30.9,0,30.9,0,30.9,0
26125,33.3,33.3,0,33.3,0,33.3,0,33.3,0,33.3,0,33.3,0,33.3,0,33.3,0,33.3,0,33.3,0
26128,,,,,,,,,,,,,,,,,,,,,
26129,33.3,33.3,0,33.3,0,33.3,0,33.3,0,33.3,0,33.3,0,33.3,0,33.3,0,33.3,0,33.3,0
26130,33.3,33.3,0,33.3,0,33.3,0,33.3,0,33.3,0,33.3,0,33.3,0,33.3,0,33.3,0,33.3,0
26131,30.9,30.9,0,30.9,0,30.9,0,30.9,0,30.9,0,30.9,0,30.9,0,30.9,0,30.9,0,30.9,0
26132,33.3,33.3,0,33.3,0,33.3,0,33.3,0,33.3,0,33.3,0,33.3,0,33.3,0,,,33.3,0
26133,33.3,33.3,0,33.3,0,33.3,0,33.3,0,33.3,0,33.3,0,33.3,0,33.3,0,33.3,0,33.3,0
26134,30.9,30.9,0,30.9,0,30.9,0,30.9,0,30.9,0,30.9,0,30.9,0,30.9,0,30.9,0,30.9,0
26135,30.9,30.9,0,30.9,0,30.9,0,30.9,0,30.9,0,30.9,0,,,30.9,0,30.9,0,30.9,0
26150,30.5,30.5,0,,,,,,,,,30.5,0,,,30.5,0,27,0.13,27,0.13
26151,17.5,17.5,0,,,,,,,17.5,0,17.7,-0.0113,17.7,-0.0113,17.7,-0.0113,15.2,0.151,15.2,0.151
26155,,,,,,,,,,,,,,,,,,,,,
26162,26,26,0,26,0,26,0,26,0,26,0,22.5,0.156,22.5,0.156,22.5,0.156,22.5,0.156,21,0.238
26163,25.5,25.5,0,25.5,0,25.5,0,25.5,0,25.5,0,21.5,0.186,21.5,0.186,21.5,0.186,21.5,0.186,,
26164,63,63,0,63,0,63,0,63,0,63,0,63,0,53.5,0.178,53.5,0.178,53.5,0.178,53.5,0.178
26173,28.5,28.5,0,28.5,0,28.5,0,28.5,0,28.5,0,28.5,0,28.5,0,28.5,0,28.5,0,28.5,0
26174,28.5,28.5,0,28.5,0,28.5,0,28.5,0,28.5,0,28.5,0,28.5,0,28.5,0,28.5,0,28.5,0
26175,13.5,13.5,0,13.5,0,13.5,0,13.5,0,13.5,0,13.5,0,13.5,0,,,,,,
26176,13.5,13.5,0,13.5,0,13.5,0,13.5,0,13.5,0,13.5,0,13.5,0,13.5,0,13.5,0,,
26177,13.5,13.5,0,13.5,0,13.5,0,13.5,0,13.5,0,13.5,0,13.5,0,,,,,,
26178,13.5,13.5,0,13.5,0,13.5,0,13.5,0,13.5,0,13.5,0,13.5,0,,,,,,
26188,22,22,0,22,0,22,0,22,0,22,0,22,0,,,22,0,22,0,22,0
26189,22,22,0,22,0,22,0,22,0,,,22,0,,,22,0,,,,
26190,22,22,0,22,0,22,0,22,0,22,0,22,0,,,22,0,22,0,,
26191,53,53,0,53,0,,,,,,,,,,,,,52.5,0.00952,52.5,0.00952
26193,22,22,0,22,0,22,0,22,0,22,0,22,0,22,0,22,0,22,0,22,0
26194,51,51,0,51,0,51,0,51,0,51,0,51,0,51,0,51,0,51,0,51,0
26198,,,,,,,,,,,,,,,,,,,,,
26200,23.5,23.5,0,23.5,0,23.5,0,23.5,0,22.9,0.0262,,,22.9,0.0262,24.5,-0.0408,24.5,-0.0408,24.5,-0.0408
26216,33.9,33.9,0,33.9,0,33.9,0,31.5,0.0762,31.5,0.0762,33,0.0273,33,0.0273,,,33,0.0273,,
26217,26.5,26.5,0,26.5,0,26.5,0,26.5,0,26.5,0,31,-0.145,31,-0.145,31,-0.145,,,,
26219,,,,,,,,,,,,,,,,,,,,,
26220,,,,,,,,,,,,,,,,,,,,,
26232,28.5,28.5,0,28.5,0,28.5,0,28.5,0,28.5,0,28.5,0,28.5,0,28.5,0,,,,
26233,220,220,0,220,0,220,0,220,0,220,0,220,0,220,0,220,0,220,0,219,0.00457
26874,,,,,,,,,,,,,,,,,,,,,
27001,11,11,0,11,0,11,0,11,0,11,0,11,0,11,0,11,0,11,0,,
27003,,,,,,,,,,,,,,,,,,,,,
27005,11,11,0,11,0,11,0,11,0,11,0,11,0,,,,,13.5,-0.185,,
27008,13.7,13.7,0,11,0.245,11,0.245,11,0.245,11,0.245,11,0.245,,,,,13.5,0.0148,,
27010,,,,,,,,,,,,,,,,,,,,,
27011,,,,,,,,,,,,,,,,,,,,,
27015,125,125,0,125,0,,,125,0,125,0,125,0,125,0,120,0.0417,,,,
27018,11.5,11.5,0,11.5,0,11.5,0,11.5,0,11.5,0,11.5,0,,,,,,,,
27025,30,30,0,30,0,30,0,30,0,30,0,30,0,30,0,,,,,,
27026,30,30,0,30,0,30,0,30,0,,,30,0,30,0,,,,,,
27027,30,30,0,30,0,30,0,30,0,,,30,0,30,0,,,,,,
27028,30,30,0,30,0,30,0,30,0,30,0,30,0,30,0,,,,,,
27029,,,,,,,,,,,,,,,,,,,,,
27030,30,30,0,30,0,30,0,30,0,,,30,0,30,0,,,,,,
27031,30,30,0,30,0,30,0,30,0,30,0,30,0,30,0,,,,,,
27032,30,30,0,30,0,30,0,,,,,,,30,0,,,,,,
27033,30,30,0,30,0,30,0,30,0,30,0,,,30,0,,,,,,
27036,125,125,0,125,0,,,125,0,125,0,125,0,125,0,125,0,,,,
27037,108,108,0,108,0,,,108,0,108,0,108,0,108,0,108,0,,,,
27044,17.9,17.9,0,,,,,,,,,,,,,,,,,,
27047,39,39,0,,,,,,,,,,,,,,,,,,
27048,7.5,7.5,0,7.5,0,7.5,0,7.5,0,7.5,0,7.5,0,7.5,0,5.9,0.271,7.5,0,,
27049,7.5,7.5,0,7.5,0,7.5,0,7.5,0,7.5,0,7.5,0,,,5.9,0.271,7.5,0,,
27050,6.9,6.9,0,6.9,0,6.9,0,6.9,0,6.9,0,6.9,0,,,6.9,0,6.9,0,,
27051,20.5,20.5,0,20.5,0,,,20.5,0,20.5,0,20.5,0,,,,,,,,
27052,,,,,,,,,,,,,,,,,,,,,
27061,29.5,29.5,0,29.5,0,29.5,0,29.5,0,29.5,0,,,,,,,,,,
27065,,,,,,,,,,,,,,,,,,,,,
27066,,,,,,,,,,,,,,,,,,,,,
27067,16.9,16.9,0,16.9,0,16.9,0,16.9,0,,,,,,,,,,,,
27068,16,16,0,16,0,16,0,16,0,,,,,,,,,,,,
27073,16,16,0,16,0,16,0,15,0.0667,,,15,0.0667,15,0.0667,15,0.0667,,,,
27074,7.5,7.5,0,7.5,0,7.5,0,7,0.0714,,,,,7,0.0714,7,0.0714,,,,
27085,,,,,,,,,,,,,,,,,,,,,
27092,6,6,0,6,0,5,0.2,5,0.2,5,0.2,,,5,0.2,5,0.2,,,,
27093,30,30,0,30,0,24.5,0.224,24.5,0.224,24.5,0.224,24.5,0.224,24.5,0.224,24.5,0.224,,,,
27094,60,60,0,60,0,48,0.25,48,0.25,48,0.25,48,0.25,48,0.25,48,0.25,,,,
27096,36.9,36.9,0,36.9,0,36.9,0,,,,,36.9,0,36.9,0,36.9,0,,,,
27099,93.5,93.5,0,93.5,0,93.5,0,93.5,0,93.5,0,93.5,0,93.5,0,93.5,0,,,,
27100,,,,,,,,,,,,,,,,,,,,,
27101,,,,,,,,,,,,,,,,,,,,,
27102,,,,,,,,,,,,,,,,,,,,,
27110,13.5,13.5,0,13.5,0,13.5,0,13.5,0,13.5,0,11.5,0.174,11.5,0.174,10.5,0.286,15,-0.1,15,-0.1
27918,,,,,,,,,,,,,,,,,,,,,
29001,227,227,0,227,0,,,227,0,227,0,227,0,227,0,227,0,227,0,227,0
29003,15,15,0,15,0,15,0,15,0,15,0,15,0,15,0,15,0,15,0,15,0
29004,14.5,14.5,0,14.5,0,14.5,0,14.5,0,14.5,0,14.5,0,14.5,0,14.5,0,14.5,0,14.5,0
29005,5.9,5.9,0,5.9,0,5.9,0,5.9,0,4.5,0.311,4.5,0.311,4.5,0.311,4.5,0.311,4.5,0.311,,
29006,,,,,,,,,,,,,,,,,,,,,
29007,,,,,,,,,,,,,,,,,,,,,
29008,,,,,,,,,,,,,,,,,,,,,
29010,,,,,,,,,,,,,,,,,,,,,
29011,99,99,0,99,0,,,99,0,99,0,99,0,99,0,,,,,,
29012,,,,,,,,,,,,,,,,,,,,,
29014,,,,,,,,,,,,,,,,,,,,,
29015,30,30,0,30,0,30,0,30,0,30,0,,,30,0,30,0,30,0,30,0
29018,22.9,22.9,0,27.9,-0.179,27.9,-0.179,27.9,-0.179,27.9,-0.179,,,,,42,-0.455,42,-0.455,42,-0.455
29019,7.5,7.5,0,7.5,0,,,7.5,0,,,7.5,0,7.5,0,7.5,0,7.5,0,7,0.0714
29022,18.8,18.8,0,18.8,0,18.8,0,18.8,0,18.8,0,18.8,0,18.8,0,18.8,0,18.8,0,18.8,0
29023,8.9,8.9,0,8.9,0,8.9,0,8.9,0,8.9,0,8.9,0,11.5,-0.226,11.5,-0.226,12,-0.258,9.8,-0.0918
29040,,,,,,,,,,,,,,,,,,,,,
29041,,,,,,,,,,,,,,,,,,,,,
29042,17.5,17.5,0,17.5,0,17.5,0,17.5,0,17.5,0,,,,,16.9,0.0355,16.9,0.0355,16.9,0.0355
29043,17.5,17.5,0,17.5,0,17.5,0,17.5,0,17.5,0,17.5,0,16.9,0.0355,16.9,0.0355,16.9,0.0355,16.9,0.0355
29044,14.9,14.9,0,14.9,0,14.9,0,14.9,0,14.9,0,,,,,14.9,0,14.9,0,14.9,0
29045,102,102,0,102,0,102,0,102,0,102,0,102,0,102,0,102,0,102,0,102,0
29047,,,,,,,,,,,,,,,,,,,,,
29048,,,,,,,,,,,,,,,,,,,,,
29049,14.3,14.3,0,14.3,0,14.3,0,14.3,0,14.3,0,14.3,0,14.3,0,14.3,0,20.5,-0.302,20.5,-0.302
29052,,,,,,,,,,,,,,,,,,,,,
29053,,,,,,,,,,,,,,,,,,,,,
29054,,,,,,,,,,,,,,,,,,,,,
29055,31,31,0,31,0,31,0,31,0,31,0,31,0,31,0,31,0,31,0,27.5,0.127
29056,31,31,0,31,0,31,0,31,0,31,0,31,0,31,0,31,0,31,0,27.5,0.127
29057,21.5,21.5,0,21.5,0,21.5,0,21.5,0,21.5,0,21.5,0,21.5,0,21.5,0,21.5,0,21.5,0
29059,28.5,28.5,0,28.5,0,28.5,0,28.5,0,28.5,0,28.5,0,28.5,0,28.5,0,,,,
29064,435,435,0,435,0,,,435,0,435,0,435,0,435,0,435,0,435,0,435,0
29065,87.9,87.9,0,104,-0.151,,,104,-0.151,104,-0.151,,,,,104,-0.151,97.5,-0.0985,,
29066,15,15,0,15,0,,,15,0,15,0,15,0,15,0,15,0,15,0,15,0
29067,,,,,,,,,,,,,,,,,,,,,
29069,15,15,0,15,0,,,15,0,15,0,15,0,15,0,15,0,15,0,15,0
29070,20,20,0,20,0,20,0,20,0,20,0,20,0,20,0,20,0,,,,
29071,21,21,0,21,0,21,0,21,0,21,0,21,0,21,0,21,0,,,,
29072,15.5,15.5,0,15.5,0,15.5,0,15.5,0,15.5,0,15.5,0,15.5,0,15.5,0,,,,
29073,25,25,0,25,0,25,0,25,0,25,0,25,0,25,0,25,0,,,,
29074,21,21,0,21,0,21,0,21,0,21,0,21,0,21,0,21,0,,,,
29075,,,,,,,,,,,,,,,,,,,,,
29080,19.5,19.5,0,19.5,0,19.5,0,19.5,0,19.5,0,19.5,0,19.5,0,19.5,0,19.5,0,19.5,0
29081,19.5,19.5,0,19.5,0,19.5,0,19.5,0,19.5,0,19.5,0,19.5,0,19.5,0,19.5,0,19.5,0
29082,6,6,0,6,0,6,0,6,0,6,0,,,,,,,6,0,6,0
29086,,,,,,,,,,,,,,,,,,,,,
29088,,,,,,,,,,,,,,,,,,,,,
29094,,,,,,,,,,,,,,,,,,,,,
29099,,,,,,,,,,,,,,,,,,,,,
29100,,,,,,,,,,,,,,,,,,,,,
29101,,,,,,,,,,,,,,,,,,,,,
29102,20.5,20.5,0,20.5,0,20.5,0,20.5,0,20.5,0,20.5,0,20.5,0,20.5,0,,,,
29103,17.5,17.5,0,17.5,0,17.5,0,17.5,0,17.5,0,17.5,0,17.5,0,17.5,0,,,,
29104,10.5,10.5,0,10.5,0,10.5,0,10.5,0,10.5,0,10.5,0,10.5,0,10.5,0,,,,
29105,21,21,0,21,0,21,0,21,0,21,0,21,0,21,0,21,0,,,,
29107,20,20,0,20,0,20,0,20,0,20,0,20,0,20,0,20,0,,,,
29109,,,,,,,,,,,,,,,,,,,,,
29110,,,,,,,,,,,,,,,,,,,,,
29116,76.9,76.9,0,76.9,0,,,87,-0.116,87,-0.116,87,-0.116,87,-0.116,87,-0.116,87,-0.116,87,-0.116
29117,8.5,8.5,0,8.5,0,8.5,0,8.5,0,8.5,0,8.5,0,8.5,0,8.7,-0.023,10.5,-0.19,10.5,-0.19
29118,,,,,,,,,,,,,,,,,,,,,
29119,,,,,,,,,,,,,,,,,,,,,
29120,6.2,6.2,0,6.2,0,6.2,0,6.2,0,6.2,0,6.2,0,4.9,0.265,7.5,-0.173,7.5,-0.173,6.4,-0.0312
29121,5.5,5.5,0,6.2,-0.113,6.2,-0.113,6.2,-0.113,6.2,-0.113,6.2,-0.113,4.9,0.122,9.5,-0.421,7.9,-0.304,7.9,-0.304
29123,,,,,,,,,,,,,,,,,,,,,
29125,16,16,0,16,0,16,0,16,0,16,0,16,0,13.5,0.185,13.5,0.185,16,0,16,0
29126,,,,,,,,,,,,,,,,,,,,,
29127,,,,,,,,,,,,,,,,,,,,,
29129,58.6,58.6,0,58.6,0,58.6,0,58.6,0,58.6,0,58.6,0,58.6,0,,,,,,
29130,,,,,,,,,,,,,,,,,,,,,
29132,6.9,6.9,0,7.9,-0.127,7.9,-0.127,7.9,-0.127,7.9,-0.127,7.9,-0.127,6.5,0.0615,6.9,0,8.7,-0.207,6.9,0
29136,18.5,18.5,0,18.5,0,18.5,0,18.5,0,18.5,0,18.5,0,18.5,0,18.5,0,18.5,0,18.5,0
29137,18.5,18.5,0,18.5,0,18.5,0,18.5,0,18.5,0,18.5,0,18.5,0,18.5,0,18.5,0,18.5,0
29138,60,60,0,60,0,60,0,60,0,60,0,60,0,60,0,60,0,56,0.0714,,
29139,60,60,0,60,0,60,0,60,0,60,0,60,0,60,0,60,0,56,0.0714,,
29140,,,,,,,,,,,,,,,,,,,,,
29141,,,,,,,,,,,,,,,,,,,,,
29142,60,60,0,60,0,60,0,60,0,60,0,60,0,60,0,60,0,56,0.0714,,
29144,130,130,0,130,0,,,130,0,130,0,130,0,130,0,130,0,,,130,0
29145,85,85,0,85,0,,,85,0,85,0,85,0,85,0,,,,,,
29146,,,,,,,,,,,,,,,,,,,,,
29147,67.5,67.5,0,67.5,0,67.5,0,67.5,0,,,,,67.5,0,67.5,0,55,0.227,,
29148,12.5,12.5,0,12.5,0,12.5,0,12.5,0,12.5,0,12.5,0,12.5,0,12,0.0417,12,0.0417,12,0.0417
29156,,,,,,,,,,,,,,,,,,,,,
29157,,,,,,,,,,,,,,,,,,,,,
29246,8.5,8.5,0,8.5,0,8.5,0,8.5,0,8.5,0,8.5,0,8.5,0,8.5,0,,,9.1,-0.0659
29254,,,,,,,,,,,,,,,,,,,,,
29789,24,24,0,24,0,24,0,24,0,24,0,24,0,24,0,24,0,24,0,24,0
29790,24,24,0,24,0,24,0,24,0,24,0,24,0,24,0,24,0,24,0,24,0
29799,,,,,,,,,,,,,,,,,,,,,
30101,14,14,0,14,0,14,0,14,0,14,0,14,0,14,0,14,0,14,0,14,0
30102,14,14,0,14,0,14,0,14,0,14,0,14,0,14,0,14,0,14,0,14,0
30103,12,12,0,12,0,12,0,12,0,12,0,12,0,12,0,12,0,12,0,12,0
30114,,,,,,,,,,,,,,,,,,,,,
30115,,,,,,,,,,,,,,,,,,,,,
30122,,,,,,,,,,,,,,,,,,,,,
30123,29.5,29.5,0,29.5,0,29.5,0,29.5,0,29.5,0,29.5,0,,,29.5,0,46.5,-0.366,46.5,-0.366
30124,35,35,0,35,0,35,0,35,0,35,0,35,0,,,,,,,,
30126,,,,,,,,,,,,,,,,,,,,,
30127,5,5,0,5,0,5,0,4.5,0.111,4.5,0.111,,,,,4.5,0.111,4.9,0.0204,5,0
30136,,,,,,,,,,,,,,,,,,,,,
30138,,,,,,,,,,,,,,,,,,,,,
30143,,,,,,,,,,,,,,,,,,,,,
30145,,,,,,,,,,,,,,,,,,,,,
30149,,,,,,,,,,,,,,,,,,,,,
30150,,,,,,,,,,,,,,,,,,,,,
30151,,,,,,,,,,,,,,,,,,,,,
30153,35,35,0,35,0,35,0,35,0,35,0,35,0,35,0,35,0,55.5,-0.369,55.5,-0.369
30154,,,,,,,,,,,,,,,,,,,,,
30158,30,30,0,30,0,30,0,30,0,30,0,30,0,30,0,30,0,30,0,26,0.154
30159,,,,,,,,,,,,,,,,,,,,,
30160,88.9,88.9,0,88.9,0,88.9,0,88.9,0,76.5,0.162,76.5,0.162,76.5,0.162,,,,,,
30161,88.9,88.9,0,88.9,0,88.9,0,88.9,0,76.5,0.162,89,-0.00112,89,-0.00112,,,,,,
30162,11.5,11.5,0,11.5,0,11.5,0,11.5,0,11.5,0,11.5,0,11.5,0,11.5,0,11.5,0,11.5,0
30164,31.5,31.5,0,31.5,0,31.5,0,31.5,0,31.5,0,31.5,0,31.5,0,33.5,-0.0597,33.5,-0.0597,33.5,-0.0597
30165,7.5,7.5,0,7.5,0,7.5,0,7.5,0,7.5,0,7.5,0,7.5,0,7.5,0,7.5,0,7.5,0
30173,241,241,0,241,0,,,241,0,241,0,241,0,241,0,,,,,,
30174,4,4,0,4,0,4,0,4,0,4,0,4,0,4,0,4,0,4,0,4,0
30176,,,,,,,,,,,,,,,,,,,,,
30179,,,,,,,,,,,,,,,,,,,,,
30180,12,12,0,12,0,12,0,12,0,12,0,12,0,12,0,12,0,12,0,12,0
30181,12,12,0,12,0,12,0,12,0,12,0,12,0,12,0,12,0,12,0,12,0
30182,,,,,,,,,,,,,,,,,,,,,
30187,,,,,,,,,,,,,,,,,,,,,
30191,,,,,,,,,,,,,,,,,,,,,
30192,,,,,,,,,,,,,,,,,,,,,
30193,125,125,0,125,0,125,0,125,0,115,0.0861,115,0.0861,115,0.0861,115,0.0861,115,0.0861,115,0.0861
30194,125,125,0,125,0,125,0,125,0,115,0.0861,,,115,0.0861,115,0.0861,115,0.0861,115,0.0861
30195,,,,,,,,,,,,,,,,,,,,,
30196,,,,,,,,,,,,,,,,,,,,,
30197,5.5,5.5,0,5.5,0,5.5,0,5.5,0,5.5,0,5.5,0,5.5,0,5.5,0,5.5,0,5.5,0
30202,,,,,,,,,,,,,,,,,,,,,
30203,,,,,,,,,,,,,,,,,,,,,
30217,,,,,,,,,,,,,,,,,,,,,
30218,,,,,,,,,,,,,,,,,,,,,
30219,11,11,0,11,0,11,0,11,0,11,0,11,0,11,0,14,-0.214,14,-0.214,14,-0.214
30221,66.5,66.5,0,66.5,0,66.5,0,66.5,0,66.5,0,66.5,0,66.5,0,66.5,0,66.5,0,66.5,0
30227,,,,,,,,,,,,,,,,,,,,,
30230,,,,,,,,,,,,,,,,,,,,,
30233,,,,,,,,,,,,,,,,,,,,,
30234,,,,,,,,,,,,,,,,,,,,,
30237,11.5,11.5,0,11.5,0,,,11.5,0,11.5,0,11.5,0,11.5,0,10,0.15,11.5,0,10,0.15
30238,7.8,7.8,0,7.8,0,7.8,0,7.8,0,7.8,0,7.8,0,7.8,0,7.8,0,7.8,0,7.8,0
30242,7.5,7.5,0,7.5,0,7.5,0,,,7.5,0,7.5,0,7.5,0,7.5,0,7.5,0,7.5,0
30243,62.5,62.5,0,62.5,0,62.5,0,62.5,0,62.5,0,62.5,0,,,62.5,0,62.5,0,62.5,0
30246,,,,,,,,,,,,,,,,,,,,,
30247,48.5,48.5,0,48.5,0,48.5,0,48.5,0,48.5,0,48.5,0,48.5,0,,,38.5,0.26,47.5,0.0211
30248,,,,,,,,,,,,,,,,,,,,,
30251,19.5,19.5,0,19.5,0,19.5,0,19.5,0,19.5,0,19.5,0,19.5,0,19.5,0,20.5,-0.0488,,
30253,,,,,,,,,,,,,,,,,,,,,
30265,94.9,94.9,0,94.9,0,,,94.9,0,95,-0.00105,84.9,0.118,84.9,0.118,,,74.9,0.267,80,0.186
30266,59.9,59.9,0,59.9,0,,,59.9,0,62.5,-0.0416,62.5,-0.0416,54.9,0.0911,60,-0.00167,52,0.152,52,0.152
30267,39.9,39.9,0,39.9,0,,,39.9,0,41,-0.0268,41,-0.0268,34.9,0.143,40,-0.0025,33.5,0.191,33.5,0.191
30268,,,,,,,,,,,,,,,,,,,,,
30269,,,,,,,,,,,,,,,,,,,,,
30270,,,,,,,,,,,,,,,,,,,,,
30272,,,,,,,,,,,,,,,,,,,,,
30273,,,,,,,,,,,,,,,,,,,,,
30275,16.9,16.9,0,16.9,0,16.9,0,16.9,0,16.9,0,16.9,0,16.9,0,16.9,0,16.9,0,16.9,0
30277,56,56,0,56,0,56,0,56,0,56,0,56,0,56,0,,,46,0.217,57,-0.0175
30278,56,56,0,,,,,,,56,0,56,0,56,0,46,0.217,46,0.217,,
30280,56,56,0,,,,,,,56,0,56,0,56,0,,,46,0.217,57,-0.0175
30281,,,,,,,,,,,,,,,,,,,,,
30283,5.4,5.4,0,6,-0.1,6,-0.1,6,-0.1,6,-0.1,6,-0.1,6,-0.1,6,-0.1,6,-0.1,6,-0.1
30284,5.4,5.4,0,6,-0.1,6,-0.1,6,-0.1,6,-0.1,6,-0.1,6,-0.1,6,-0.1,6,-0.1,6,-0.1
30285,5.4,5.4,0,6,-0.1,6,-0.1,6,-0.1,6,-0.1,6,-0.1,6,-0.1,6,-0.1,6,-0.1,6,-0.1
30286,,,,,,,,,,,,,,,,,,,,,
30297,,,,,,,,,,,,,,,,,,,,,
30298,,,,,,,,,,,,,,,,,,,,,
30315,38,38,0,37,0.027,37,0.027,37,0.027,34.5,0.101,37.5,0.0133,37.5,0.0133,,,42.9,-0.114,42.9,-0.114
30316,,,,,,,,,,,,,,,,,,,,,
30332,4.9,4.9,0,6,-0.183,6,-0.183,6,-0.183,6,-0.183,6,-0.183,6,-0.183,6,-0.183,6.5,-0.246,6.5,-0.246
30334,6.5,6.5,0,6.5,0,6.5,0,6.5,0,6.5,0,6.5,0,6.5,0,6.5,0,6.5,0,6.5,0
30337,13,13,0,13,0,13,0,13,0,13,0,13,0,13,0,13,0,11,0.182,10,0.3
30338,13,13,0,13,0,13,0,13,0,13,0,13,0,13,0,13,0,11,0.182,10,0.3
30339,13,13,0,13,0,13,0,13,0,13,0,13,0,13,0,13,0,11,0.182,10,0.3
30353,20,20,0,20,0,,,20,0,20,0,20,0,20,0,20,0,20,0,20,0
30357,745,745,0,745,0,,,745,0,745,0,745,0,745,0,745,0,745,0,745,0
30359,,,,,,,,,,,,,,,,,,,,,
30360,,,,,,,,,,,,,,,,,,,,,
30362,,,,,,,,,,,,,,,,,,,,,
30363,,,,,,,,,,,,,,,,,,,,,
30402,37,37,0,37,0,37,0,33.8,0.0947,33.8,0.0947,33.8,0.0947,33.8,0.0947,33.8,0.0947,33.8,0.0947,33.8,0.0947
30408,27.5,27.5,0,27.5,0,27.5,0,27.5,0,27.5,0,27.5,0,27.5,0,27.5,0,27.5,0,27.5,0
30409,34.5,34.5,0,34.5,0,34.5,0,31.5,0.0952,31.5,0.0952,31.5,0.0952,31.5,0.0952,31.5,0.0952,31.5,0.0952,31.5,0.0952
30410,41,41,0,41,0,41,0,39.5,0.038,39.5,0.038,39.5,0.038,39.5,0.038,39.5,0.038,39.5,0.038,39.5,0.038
30411,20,20,0,20,0,20,0,20,0,20,0,20,0,20,0,20,0,20,0,20,0
30412,13.5,13.5,0,13.5,0,13.5,0,12.5,0.08,12.5,0.08,12.5,0.08,12.5,0.08,12.5,0.08,12.5,0.08,12.5,0.08
30413,20,20,0,20,0,20,0,20,0,20,0,20,0,20,0,20,0,20,0,20,0
30415,20,20,0,20,0,20,0,20,0,20,0,20,0,20,0,20,0,20,0,20,0
30416,33,33,0,33,0,33,0,31.5,0.0476,31.5,0.0476,31.5,0.0476,,,31.5,0.0476,31.5,0.0476,31.5,0.0476
30450,,,,,,,,,,,,,,,,,,,,,
30453,,,,,,,,,,,,,,,,,,,,,
30454,,,,,,,,,,,,,,,,,,,,,
30465,,,,,,,,,,,,,,,,,,,,,
30466,,,,,,,,,,,,,,,,,,,,,
30468,,,,,,,,,,,,,,,,,,,,,
30469,19,19,0,19,0,19,0,19,0,19,0,,,19,0,19,0,18.9,0.00529,21,-0.0952
30470,28,28,0,28,0,28,0,28,0,28,0,28,0,28,0,28,0,27.9,0.00358,31.5,-0.111
30471,20.5,20.5,0,20.5,0,20.5,0,20.5,0,20.5,0,20.5,0,20.5,0,20.5,0,19.9,0.0302,22.5,-0.0889
30472,12.4,12.4,0,12.4,0,12.4,0,12.4,0,12.4,0,12.4,0,12.4,0,14.7,-0.156,14.7,-0.156,,
30473,15.5,15.5,0,15.5,0,15.5,0,15.5,0,15.5,0,15.5,0,17.5,-0.114,20.9,-0.258,21,-0.262,16.9,-0.0828
30474,15.5,15.5,0,15.5,0,15.5,0,15.5,0,15.5,0,15.5,0,17.5,-0.114,20.5,-0.244,21,-0.262,16.9,-0.0828
30475,23,23,0,23,0,23,0,23,0,23,0,23,0,23,0,24.3,-0.0535,24.3,-0.0535,24.3,-0.0535
30476,18,18,0,18,0,18,0,18,0,18,0,18,0,20,-0.1,23.5,-0.234,23.5,-0.234,23.5,-0.234
30477,28.8,28.8,0,28.8,0,28.8,0,28.8,0,28.8,0,28.8,0,28.8,0,28.8,0,28.8,0,28.8,0
30478,,,,,,,,,,,,,,,,,,,,,
30479,33.5,33.5,0,33.5,0,33.5,0,33.5,0,33.5,0,33.5,0,33.5,0,33.5,0,39.5,-0.152,39.5,-0.152
30483,,,,,,,,,,,,,,,,,,,,,
30486,69.9,69.9,0,69.9,0,,,69.9,0,69.9,0,69.9,0,69.9,0,69.9,0,59.9,0.167,59.9,0.167
30487,,,,,,,,,,,,,,,,,,,,,
30488,,,,,,,,,,,,,,,,,,,,,
30490,,,,,,,,,,,,,,,,,,,,,
30493,82,82,0,82,0,,,82,0,82,0,,,,,82,0,81.5,0.00613,81.5,0.00613
30496,,,,,,,,,,,,,,,,,,,,,
30497,,,,,,,,,,,,,,,,,,,,,
30501,,,,,,,,,,,,,,,,,,,,,
30502,,,,,,,,,,,,,,,,,,,,,
30503,18.9,18.9,0,18.9,0,18.9,0,18.9,0,18.9,0,18.9,0,29,-0.348,29,-0.348,31,-0.39,31,-0.39
30504,21.5,21.5,0,21.5,0,21.5,0,21.5,0,21.5,0,21.5,0,29,-0.259,29,-0.259,39.5,-0.456,39.5,-0.456
30505,18.9,18.9,0,18.9,0,18.9,0,18.9,0,18.9,0,18.9,0,29,-0.348,29,-0.348,39.5,-0.522,39.5,-0.522
30508,97.5,97.5,0,97.5,0,97.5,0,97.5,0,97.5,0,97.5,0,97.5,0,97.5,0,104,-0.0625,104,-0.0625
30509,97.5,97.5,0,97.5,0,97.5,0,97.5,0,97.5,0,97.5,0,97.5,0,97.5,0,104,-0.0625,,
30510,329,329,0,329,0,329,0,329,0,329,0,329,0,329,0,329,0,329,0,329,0
30515,44.5,44.5,0,44.5,0,44.5,0,44.5,0,44.5,0,44.5,0,44.5,0,44.5,0,44.5,0,47.5,-0.0632
30518,22.5,22.5,0,22.5,0,23.5,-0.0426,23.5,-0.0426,23.5,-0.0426,23.5,-0.0426,23.5,-0.0426,23.5,-0.0426,20,0.125,20,0.125
30519,13.5,13.5,0,13.5,0,13.5,0,13.5,0,13.5,0,13.5,0,13.5,0,13.5,0,12,0.125,11,0.227
30520,13.5,13.5,0,13.5,0,13.5,0,13.5,0,13.5,0,13.5,0,13.5,0,13.5,0,12,0.125,11,0.227
30531,,,,,,,,,,,,,,,,,,,,,
30532,,,,,,,,,,,,,,,,,,,,,
30533,,,,,,,,,,,,,,,,,,,,,
30534,,,,,,,,,,,,,,,,,,,,,
30535,13.8,13.8,0,13.8,0,13.8,0,13.8,0,,,13.8,0,13.8,0,,,13.8,0,,
30536,13.8,13.8,0,13.8,0,13.8,0,13.8,0,,,,,13.8,0,13.8,0,13.8,0,,
30539,,,,,,,,,,,,,,,,,,,,,
30542,,,,,,,,,,,,,,,,,,,,,
30544,20.5,20.5,0,20.5,0,20.5,0,20.5,0,,,20.5,0,20.5,0,23,-0.109,23,-0.109,23,-0.109
30545,,,,,,,,,,,,,,,,,,,,,
30546,,,,,,,,,,,,,,,,,,,,,
30547,199,199,0,199,0,,,280,-0.289,280,-0.289,280,-0.289,280,-0.289,280,-0.289,280,-0.289,280,-0.289
30549,,,,,,,,,,,,,,,,,,,,,
30551,,,,,,,,,,,,,,,,,,,,,
30552,,,,,,,,,,,,,,,,,,,,,
30554,78,78,0,78,0,,,78,0,78,0,78,0,78,0,78,0,78,0,78,0
30556,,,,,,,,,,,,,,,,,,,,,
30557,,,,,,,,,,,,,,,,,,,,,
30558,,,,,,,,,,,,,,,,,,,,,
30559,,,,,,,,,,,,,,,,,,,,,
30561,,,,,,,,,,,,,,,,,,,,,
30562,,,,,,,,,,,,,,,,,,,,,
30563,,,,,,,,,,,,,,,,,,,,,
30564,,,,,,,,,,,,,,,,,,,,,
30565,11,11,0,11,0,11,0,11,0,11,0,11,0,11,0,11,0,11,0,9,0.222
30569,18.5,18.5,0,,,18.5,0,18.5,0,18.5,0,18.5,0,,,,,18.5,0,18.5,0
30571,,,,,,,,,,,,,,,,,,,,,
30572,,,,,,,,,,,,,,,,,,,,,
30573,,,,,,,,,,,,,,,,,,,,,
30574,,,,,,,,,,,,,,,,,,,,,
30575,,,,,,,,,,,,,,,,,,,,,
30576,,,,,,,,,,,,,,,,,,,,,
30577,,,,,,,,,,,,,,,,,,,,,
30578,,,,,,,,,,,,,,,,,,,,,
30579,,,,,,,,,,,,,,,,,,,,,
30581,,,,,,,,,,,,,,,,,,,,,
30582,,,,,,,,,,,,,,,,,,,,,
30583,,,,,,,,,,,,,,,,,,,,,
30584,178,178,0,178,0,,,178,0,178,0,178,0,178,0,178,0,155,0.146,178,0
30585,,,,,,,,,,,,,,,,,,,,,
30587,67,67,0,67,0,67,0,67,0,67,0,67,0,67,0,67,0,58,0.155,,
30588,,,,,,,,,,,,,,,,,,,,,
30589,,,,,,,,,,,,,,,,,,,,,
30593,120,120,0,120,0,120,0,115,0.0426,115,0.0426,115,0.0426,115,0.0426,115,0.0426,115,0.0426,115,0.0426
30597,108,108,0,108,0,,,108,0,108,0,108,0,108,0,108,0,108,0,108,0
30598,52.5,52.5,0,52.5,0,52.5,0,52.5,0,52.5,0,52.5,0,52.5,0,52.5,0,52.5,0,50,0.05
30599,,,,,,,,,,,,,,,,,,,,,
30600,48.8,48.8,0,48.8,0,48.8,0,48.8,0,48.8,0,48.8,0,48.8,0,48.8,0,48.8,0,48.8,0
30601,,,,,,,,,,,,,,,,,,,,,
30602,189,189,0,189,0,189,0,189,0,189,0,189,0,189,0,189,0,189,0,189,0
30603,,,,,,,,,,,,,,,,,,,,,
30606,,,,,,,,,,,,,,,,,,,,,
30607,,,,,,,,,,,,,,,,,,,,,
30609,,,,,,,,,,,,,,,,,,,,,
30610,8.8,8.8,0,8.8,0,8.8,0,8.8,0,8.8,0,8.8,0,8.8,0,8.8,0,8.8,0,8.8,0
30613,29,29,0,29,0,29,0,29,0,29,0,29,0,29,0,29,0,29,0,,
30614,36,36,0,36,0,36,0,36,0,36,0,36,0,36,0,36,0,36,0,36,0
30615,,,,,,,,,,,,,,,,,,,,,
30616,29.5,29.5,0,29.5,0,29.5,0,29.5,0,29.5,0,29.5,0,29.5,0,,,29.5,0,29.5,0
30617,,,,,,,,,,,,,,,,,,,,,
30618,,,,,,,,,,,,,,,,,,,,,
30619,,,,,,,,,,,,,,,,,,,,,
30620,26,26,0,26,0,26,0,,,26,0,,,,,17,0.529,14.5,0.793,13.9,0.871
30621,26,26,0,26,0,26,0,,,26,0,17,0.529,17,0.529,17,0.529,14.5,0.793,13.9,0.871
30622,26,26,0,26,0,26,0,26,0,,,17,0.529,17,0.529,17,0.529,14.5,0.793,13.9,0.871
30623,26,,,,,,,,,,,,,,,17,0.529,14.5,0.793,13.9,0.871
30624,43.5,43.5,0,43.5,0,43.5,0,43.5,0,,,,,,,43.5,0,,,37.5,0.16
30626,42,42,0,42,0,42,0,42,0,42,0,42,0,42,0,42,0,42,0,42,0
30627,,,,,,,,,,,,,,,,,,,,,
30628,,,,,,,,,,,,,,,,,,,,,
30633,,,,,,,,,,,,,,,,,,,,,
30638,,,,,,,,,,,,,,,,,,,,,
30641,,,,,,,,,,,,,,,,,,,,,
30642,,,,,,,,,,,,,,,,,,,,,
30643,,,,,,,,,,,,,,,,,,,,,
30644,33,33,0,33,0,33,0,33,0,33,0,33,0,33,0,,,,,33.5,-0.0149
30645,33,33,0,33,0,33,0,33,0,33,0,33,0,33,0,,,27,0.222,33.5,-0.0149
30647,13.5,13.5,0,13.5,0,13.5,0,13.5,0,13.5,0,13.5,0,13.5,0,13.5,0,11,0.227,10.5,0.286
30648,13.5,13.5,0,13.5,0,13.5,0,13.5,0,13.5,0,,,13.5,0,13.5,0,11,0.227,10.5,0.286
30652,13,13,0,13,0,13,0,13,0,13,0,10.5,0.238,13,0,12.9,0.00775,,,12.9,0.00775
30653,,,,,,,,,,,,,,,,,,,,,
30654,59.5,59.5,0,59.5,0,59.5,0,59.5,0,59.5,0,59.5,0,,,59.5,0,59.5,0,43.5,0.368
30655,26,26,0,26,0,26,0,26,0,26,0,26,0,26,0,26,0,26,0,26,0
30656,45.5,45.5,0,45.5,0,45.5,0,45.5,0,45.5,0,45.5,0,45.5,0,45.5,0,45.5,0,45.5,0
30657,71.5,71.5,0,71.5,0,71.5,0,71.5,0,71.5,0,71.5,0,,,71.5,0,71.5,0,71.5,0
30658,,,,,,,,,,,,,,,,,,,,,
30660,,,,,,,,,,,,,,,,,,,,,
30661,,,,,,,,,,,,,,,,,,,,,
30662,,,,,,,,,,,,,,,,,,,,,
30663,,,,,,,,,,,,,,,,,,,,,
30664,,,,,,,,,,,,,,,,,,,,,
30665,,,,,,,,,,,,,,,,,,,,,
30666,,,,,,,,,,,,,,,,,,,,,
30667,,,,,,,,,,,,,,,,,,,,,
30670,187,187,0,187,0,,,187,0,187,0,187,0,187,0,187,0,187,0,187,0
30671,187,187,0,187,0,,,187,0,187,0,187,0,187,0,187,0,187,0,187,0
30676,5,5,0,5,0,5,0,5,0,5,0,5,0,5,0,4.5,0.111,4.5,0.111,5,0
30677,,,,,,,,,,,,,,,,,,,,,
30680,6.8,6.8,0,6.8,0,6.8,0,6.8,0,6.8,0,,,6.8,0,6.8,0,6.8,0,7,-0.0286
30699,293,293,0,293,0,,,293,0,293,0,293,0,293,0,293,0,264,0.11,264,0.11
30701,,,,,,,,,,,,,,,,,,,,,
30708,,,,,,,,,,,,,,,,,,,,,
30710,,,,,,,,,,,,,,,,,,,,,
30711,,,,,,,,,,,,,,,,,,,,,
30712,,,,,,,,,,,,,,,,,,,,,
30713,,,,,,,,,,,,,,,,,,,,,
30714,,,,,,,,,,,,,,,,,,,,,
30717,,,,,,,,,,,,,,,,,,,,,
30718,,,,,,,,,,,,,,,,,,,,,
30725,44.5,44.5,0,44.5,0,44.5,0,44.5,0,44.5,0,44.5,0,44.5,0,44.5,0,44.5,0,44.5,0
30726,9.5,9.5,0,9.5,0,9.5,0,9.5,0,,,,,,,9.5,0,9.5,0,9.5,0
30728,,,,,,,,,,,,,,,,,,,,,
30729,,,,,,,,,,,,,,,,,,,,,
30732,,,,,,,,,,,,,,,,,,,,,
30733,,,,,,,,,,,,,,,,,,,,,
30734,,,,,,,,,,,,,,,,,,,,,
30735,,,,,,,,,,,,,,,,,,,,,
30736,99,99,0,99,0,99,0,99,0,99,0,99,0,99,0,99,0,99,0,,
30738,37.9,37.9,0,37.9,0,37.9,0,37.9,0,37.9,0,37.9,0,37.9,0,41,-0.0756,41,-0.0756,41,-0.0756
30739,37.9,37.9,0,37.9,0,37.9,0,37.9,0,37.9,0,,,37.9,0,41,-0.0756,36.5,0.0384,41,-0.0756
30741,,,,,,,,,,,,,,,,,,,,,
30742,125,125,0,125,0,125,0,125,0,125,0,125,0,125,0,140,-0.107,140,-0.107,,
30743,19.5,19.5,0,15.9,0.226,15.9,0.226,15.9,0.226,13,0.5,13,0.5,13,0.5,18,0.0833,18,0.0833,18,0.0833
30744,19.5,19.5,0,15.9,0.226,15.9,0.226,15.9,0.226,13,0.5,13,0.5,13,0.5,17,0.147,17,0.147,14.5,0.345
30745,35,35,0,35,0,35,0,35,0,35,0,35,0,35,0,35,0,35,0,35,0
30746,43.5,43.5,0,43.5,0,43.5,0,43.5,0,43.5,0,43.5,0,43.5,0,43.5,0,43.5,0,43.5,0
30747,62.5,62.5,0,62.5,0,62.5,0,62.5,0,62.5,0,62.5,0,62.5,0,62.5,0,62.5,0,62.5,0
30750,81,81,0,81,0,81,0,79.5,0.0189,79.5,0.0189,79.5,0.0189,,,79.5,0.0189,79.5,0.0189,79.5,0.0189
30753,,,,,,,,,,,,,,,,,,,,,
30755,,,,,,,,,,,,,,,,,,,,,
30756,44.5,44.5,0,44.5,0,44.5,0,44.5,0,44.5,0,44.5,0,44.5,0,44.5,0,44.5,0,33.5,0.328
30757,,,,,,,,,,,,,,,,,,,,,
30758,23,23,0,23,0,,,23,0,23,0,23,0,24,-0.0417,24,-0.0417,24,-0.0417,24,-0.0417
30759,23,23,0,23,0,,,23,0,23,0,23,0,24,-0.0417,24,-0.0417,24,-0.0417,24,-0.0417
30760,23,23,0,23,0,,,23,0,23,0,23,0,24,-0.0417,24,-0.0417,24,-0.0417,24,-0.0417
30761,,,,,,,,,,,,,,,,,,,,,
30763,20,20,0,20,0,20,0,20,0,20,0,18,0.111,18,0.111,24,-0.167,24,-0.167,24,-0.167
30766,,,,,,,,,,,,,,,,,,,,,
30768,15,15,0,15,0,15,0,15,0,15,0,,,,,,,,,,
30770,,,,,,,,,,,,,,,,,,,,,
30771,125,125,0,125,0,125,0,125,0,125,0,125,0,125,0,140,-0.107,140,-0.107,140,-0.107
30775,,,,,,,,,,,,,,,,,,,,,
30776,,,,,,,,,,,,,,,,,,,,,
30777,,,,,,,,,,,,,,,,,,,,,
30779,15,15,0,15,0,15,0,15,0,15,0,,,,,,,,,,
30780,,,,,,,,,,,,,,,,,,,,,
30781,,,,,,,,,,,,,,,,,,,,,
30784,99.5,99.5,0,99.5,0,,,89,0.118,89,0.118,89,0.118,89,0.118,135,-0.263,142,-0.302,142,-0.302
30788,,,,,,,,,,,,,,,,,,,,,
30789,5.7,5.7,0,5.7,0,5.7,0,5.7,0,5.7,0,5.7,0,5.7,0,6,-0.05,5.5,0.0364,6.7,-0.149
30790,5.7,5.7,0,5.7,0,5.7,0,5.7,0,5.7,0,5.7,0,5.7,0,6,-0.05,5.5,0.0364,6.7,-0.149
30795,,,,,,,,,,,,,,,,,,,,,
30796,,,,,,,,,,,,,,,,,,,,,
30798,,,,,,,,,,,,,,,,,,,,,
30799,,,,,,,,,,,,,,,,,,,,,
30800,22.5,22.5,0,22.5,0,22.5,0,22.5,0,22.5,0,22.5,0,,,,,,,22.5,0
30801,52.5,52.5,0,52.5,0,,,43.5,0.207,43.5,0.207,52.5,0,52.5,0,52.5,0,44.9,0.169,44.9,0.169
30802,,,,,,,,,,,,,,,,,,,,,
30803,,,,,,,,,,,,,,,,,,,,,
30805,9,9,0,9,0,9,0,9,0,9,0,9,0,9,0,9,0,6.9,0.304,9,0
30807,,,,,,,,,,,,,,,,,,,,,
30808,7.8,7.8,0,7.8,0,7.8,0,7.8,0,7.8,0,7.8,0,7.8,0,7.8,0,7.8,0,7.8,0
30812,45.5,45.5,0,45.5,0,45.5,0,45.5,0,45.5,0,,,,,,,,,,
30818,18,18,0,18,0,,,18,0,18,0,18,0,18,0,,,18,0,,
30819,,,,,,,,,,,,,,,,,,,,,
30822,,,,,,,,,,,,,,,,,,,,,
30823,,,,,,,,,,,,,,,,,,,,,
30829,,,,,,,,,,,,,,,,,,,,,
30830,5,5,0,5,0,5,0,5,0,5,0,5,0,5,0,5,0,5,0,5,0
30831,5,5,0,5,0,5,0,5,0,5,0,,,,,5,0,,,,
30835,58,58,0,58,0,58,0,58,0,58,0,58,0,58,0,58,0,58,0,,
30837,4,4,0,4,0,2.9,0.379,2.9,0.379,,,2.9,0.379,2.9,0.379,2.9,0.379,2.7,0.481,2.7,0.481
30838,4,4,0,4,0,2.9,0.379,2.9,0.379,2.9,0.379,2.9,0.379,2.9,0.379,2.9,0.379,2.7,0.481,2.7,0.481
30840,36,36,0,36,0,36,0,36,0,36,0,,,36,0,36,0,36,0,36,0
30848,,,,,,,,,,,,,,,,,,,,,
30849,,,,,,,,,,,,,,,,,,,,,
30852,,,,,,,,,,,,,,,,,,,,,
30853,,,,,,,,,,,,,,,,,,,,,
30854,11,11,0,11,0,11,0,11,0,11,0,11,0,11,0,11,0,11,0,,
30855,115,115,0,115,0,115,0,115,0,115,0,115,0,115,0,115,0,99,0.162,69,0.667
30856,,,,,,,,,,,,,,,,,,,,,
30857,,,,,,,,,,,,,,,,,,,,,
30858,,,,,,,,,,,,,,,,,,,,,
30859,,,,,,,,,,,,,,,,,,,,,
30861,,,,,,,,,,,,,,,,,,,,,
30863,26.5,26.5,0,26.5,0,26.5,0,26.5,0,26.5,0,26.5,0,26.5,0,26.5,0,26.5,0,23.9,0.109
30865,44,44,0,44,0,44,0,43.5,0.0115,43.5,0.0115,48.5,-0.0928,,,62,-0.29,62,-0.29,49.9,-0.118
30866,59.9,59.9,0,59.9,0,59.9,0,55.9,0.0716,55.9,0.0716,,,,,76,-0.212,76,-0.212,76,-0.212
30867,65,65,0,,,,,,,,,,,,,69.9,-0.0701,69.9,-0.0701,68.5,-0.0511
30868,,,,,,,,,,,,,,,,,,,,,
30869,14,14,0,14,0,,,14,0,14,0,14,0,14,0,14,0,13.5,0.037,13.5,0.037
30871,41,41,0,41,0,,,41,0,41,0,41,0,36.9,0.111,36,0.139,35,0.171,35,0.171
30872,41,41,0,41,0,,,41,0,41,0,41,0,36.9,0.111,36,0.139,35,0.171,35,0.171
30873,21.5,21.5,0,21.5,0,21.5,0,21.5,0,21.5,0,21.5,0,21.5,0,21.5,0,21.5,0,20.9,0.0287
30874,21,21,0,,,,,,,,,,,,,24,-0.125,24,-0.125,23.5,-0.106
30875,34.9,34.9,0,34.5,0.0116,34.5,0.0116,34.5,0.0116,30,0.163,30,0.163,30,0.163,34.9,0,34.9,0,34.9,0
30877,13.5,13.5,0,13.5,0,13.5,0,13.5,0,13.5,0,13.5,0,13.5,0,15.5,-0.129,18.5,-0.27,19.8,-0.318
30878,13.5,13.5,0,13.5,0,13.5,0,13.5,0,13.5,0,13.5,0,13.5,0,,,,,,
30879,,,,,,,,,,,,,,,,,,,,,
30881,,,,,,,,,,,,,,,,,,,,,
30882,,,,,,,,,,,,,,,,,,,,,
30885,,,,,,,,,,,,,,,,,,,,,
30886,,,,,,,,,,,,,,,,,,,,,
30887,,,,,,,,,,,,,,,,,,,,,
30888,,,,,,,,,,,,,,,,,,,,,
30889,41,41,0,41,0,,,41,0,41,0,41,0,36.9,0.111,,,,,,
30890,,,,,,,,,,,,,,,,,,,,,
30891,,,,,,,,,,,,,,,,,,,,,
30892,33,33,0,33,0,33,0,33,0,33,0,33,0,33,0,36.5,-0.0959,43.5,-0.241,43.5,-0.241
30893,9.5,9.5,0,9.5,0,,,9.5,0,9.5,0,,,,,9.5,0,,,,
30895,6.5,6.5,0,6.5,0,6.5,0,6.5,0,6.5,0,6.5,0,6.5,0,6.5,0,6.5,0,4.9,0.327
30896,13,13,0,13,0,13,0,13,0,13,0,13,0,13,0,13,0,12,0.0833,12,0.0833
30897,17.5,17.5,0,17.5,0,17.5,0,17.5,0,17.5,0,15,0.167,15,0.167,13.9,0.259,14.5,0.207,19.5,-0.103
30898,9,9,0,9,0,9,0,9,0,9,0,7.8,0.154,7.8,0.154,7,0.286,7.5,0.2,8.9,0.0112
30899,,,,,,,,,,,,,,,,,,,,,
30900,25,25,0,25,0,,,,,25,0,25,0,25,0,,,22.5,0.111,27.9,-0.104
30903,187,187,0,187,0,187,0,187,0,187,0,187,0,187,0,,,,,,
30909,16.9,16.9,0,16.9,0,,,16.9,0,16.9,0,16.9,0,16.9,0,,,,,,
30911,16.9,16.9,0,16.9,0,,,16.9,0,16.9,0,16.9,0,16.9,0,,,,,,
30912,16.5,16.5,0,16.5,0,,,16.5,0,16.5,0,16.5,0,16.5,0,16.5,0,16.5,0,,
30913,,,,,,,,,,,,,,,,,,,,,
30914,,,,,,,,,,,,,,,,,,,,,
30916,,,,,,,,,,,,,,,,,,,,,
30917,8.9,8.9,0,8.9,0,8.9,0,8.9,0,8.9,0,8.9,0,11.5,-0.226,11.5,-0.226,12,-0.258,9.8,-0.0918
30918,21.5,21.5,0,21.5,0,21.5,0,21.5,0,21.5,0,21.5,0,21.5,0,21.5,0,21.5,0,21.5,0
30919,21.5,21.5,0,21.5,0,21.5,0,21.5,0,21.5,0,21.5,0,21.5,0,21.5,0,21.5,0,,
30920,,,,,,,,,,,,,,,,,,,,,
30921,249,249,0,249,0,249,0,249,0,249,0,249,0,249,0,,,,,,
30922,8,8,0,8,0,8,0,8,0,8,0,8,0,8,0,8,0,8,0,8,0
30923,8,8,0,8,0,8,0,8,0,8,0,8,0,8,0,8,0,8,0,,
30924,8,8,0,8,0,8,0,8,0,8,0,8,0,8,0,8,0,8,0,8,0
30925,,,,,,,,,,,,,,,,,,,,,
30926,,,,,,,,,,,,,,,,,,,,,
30929,16.5,16.5,0,16.5,0,16.5,0,16.5,0,16.5,0,16.5,0,14.5,0.138,26.4,-0.375,26.4,-0.375,26.4,-0.375
30930,,,,,,,,,,,,,,,,,,,,,
30931,,,,,,,,,,,,,,,,,,,,,
30932,17.5,17.5,0,17.5,0,17.5,0,17.5,0,17.5,0,17.5,0,17.5,0,,,,,31.6,-0.446
30933,8.6,8.6,0,8.6,0,8.6,0,8.6,0,8.6,0,8.5,0.0118,7.5,0.147,12.5,-0.312,12.5,-0.312,13.2,-0.348
30934,,,,,,,,,,,,,,,,,,,,,
30935,115,115,0,115,0,115,0,115,0,115,0,115,0,115,0,,,99,0.162,,
30938,5,5,0,5,0,5,0,5,0,5,0,5,0,5,0,5,0,5,0,5,0
30939,5,5,0,5,0,5,0,5,0,5,0,5,0,5,0,5,0,5,0,5,0
30940,5,5,0,5,0,5,0,5,0,5,0,5,0,5,0,5,0,5,0,,
30941,6,6,0,6,0,6,0,6,0,6,0,5.5,0.0909,5.5,0.0909,11,-0.455,10.5,-0.429,12.9,-0.535
30942,,,,,,,,,,,,,,,,,,,,,
30943,,,,,,,,,,,,,,,,,,,,,
30945,9.5,9.5,0,9.5,0,9.5,0,9.5,0,9.5,0,9.5,0,9.5,0,9.5,0,12,-0.208,12,-0.208
30946,9.5,9.5,0,9.5,0,9.5,0,9.5,0,9.5,0,9.5,0,9.5,0,9.5,0,11.7,-0.188,11.7,-0.188
30947,5,5,0,5,0,5,0,5,0,5,0,5,0,5,0,5,0,6.7,-0.254,6.7,-0.254
30948,5,5,0,5,0,5,0,5,0,5,0,5,0,5,0,5,0,6.7,-0.254,6.7,-0.254
30949,65,65,0,,,,,,,,,,,,,73.5,-0.116,,,,
30950,24.5,24.5,0,24.5,0,24.5,0,24.5,0,24.5,0,24.5,0,24.5,0,24.5,0,24.5,0,24.5,0
30952,11.5,11.5,0,11.5,0,11.5,0,11.5,0,,,10,0.15,10,0.15,10,0.15,10,0.15,10,0.15
30953,11.5,11.5,0,11.5,0,11.5,0,11.5,0,11.5,0,10,0.15,10,0.15,10,0.15,10,0.15,10,0.15
30957,58,58,0,58,0,58,0,58,0,58,0,58,0,58,0,58,0,58,0,58,0
30958,23.5,23.5,0,23.5,0,23.5,0,23.5,0,23.5,0,23.5,0,23.5,0,,,,,,
30961,187,187,0,187,0,,,187,0,187,0,187,0,187,0,187,0,187,0,187,0
30962,97,97,0,97,0,97,0,97,0,97,0,97,0,97,0,97,0,97,0,97,0
30966,14.5,14.5,0,14.5,0,15.9,-0.0881,,,,,15.9,-0.0881,15.9,-0.0881,15.9,-0.0881,11.9,0.218,14,0.0357
30968,,,,,,,,,,,,,,,,,,,,,
30969,20,20,0,20,0,20,0,20,0,20,0,20,0,20,0,20,0,20,0,20,0
30970,25,25,0,25,0,25,0,25,0,25,0,25,0,25,0,25,0,25,0,25,0
30996,16.5,16.5,0,16.5,0,16.5,0,16.5,0,16.5,0,16.5,0,16.5,0,16.5,0,16.5,0,16.5,0
30997,,,,,,,,,,,,,,,,,,,,,
30998,31.5,31.5,0,31.5,0,31.5,0,31.5,0,31.5,0,30,0.05,30,0.05,30,0.05,30,0.05,30,0.05
31007,3.9,3.9,0,3.9,0,3.9,0,3.9,0,3.9,0,3.9,0,3.9,0,4.5,-0.133,4.5,-0.133,4.5,-0.133
31008,,,,,,,,,,,,,,,,,,,,,
31010,,,,,,,,,,,,,,,,,,,,,
31013,83,83,0,83,0,,,83,0,83,0,83,0,83,0,83,0,83,0,83,0
31014,83,83,0,83,0,,,83,0,83,0,83,0,83,0,83,0,83,0,83,0
31026,,,,,,,,,,,,,,,,,,,,,
31027,,,,,,,,,,,,,,,,,,,,,
31028,,,,,,,,,,,,,,,,,,,,,
31029,5.9,5.9,0,8,-0.262,,,8,-0.262,8,-0.262,10.9,-0.459,10.9,-0.459,12.5,-0.528,10.5,-0.438,9.9,-0.404
31030,61,61,0,61,0,61,0,61,0,61,0,61,0,61,0,61,0,61,0,61,0
31031,42,42,0,42,0,42,0,42,0,42,0,42,0,42,0,42,0,42,0,42,0
31032,26,26,0,26,0,26,0,26,0,26,0,26,0,26,0,26,0,26,0,26,0
31035,14,14,0,14,0,14,0,14,0,14,0,14,0,,,14,0,,,14,0
31037,23.5,23.5,0,23.5,0,,,23.5,0,23.5,0,23.5,0,23.5,0,23.5,0,20,0.175,,
31039,23.5,23.5,0,23.5,0,,,23.5,0,23.5,0,23.5,0,23.5,0,23.5,0,20,0.175,,
31043,12,12,0,12,0,12,0,12,0,12,0,12,0,12,0,12,0,12,0,12,0
31044,,,,,,,,,,,,,,,,,,,,,
31045,17.5,17.5,0,17.5,0,17.5,0,17.5,0,17.5,0,17.5,0,17.5,0,17.5,0,17.5,0,17.5,0
31046,28,28,0,28,0,28,0,28,0,28,0,28,0,28,0,28,0,28,0,28,0
31047,29,29,0,29,0,29,0,29,0,29,0,29,0,29,0,29,0,29,0,29,0
31048,59.9,59.9,0,59.9,0,59.9,0,59.9,0,59.9,0,,,59.9,0,59.9,0,59.9,0,59.9,0
31049,22,22,0,22,0,22,0,20.5,0.0732,20.5,0.0732,19,0.158,17.5,0.257,29,-0.241,26,-0.154,32,-0.312
31050,14,14,0,14,0,14,0,14,0,14,0,14,0,,,14,0,,,14,0
31052,,,,,,,,,,,,,,,,,,,,,
31053,64.5,64.5,0,64.5,0,64.5,0,64.5,0,64.5,0,64.5,0,64.5,0,64.5,0,64.5,0,64.5,0
31061,,,,,,,,,,,,,,,,,,,,,
31064,209,209,0,209,0,,,209,0,209,0,209,0,209,0,209,0,209,0,209,0
31065,,,,,,,,,,,,,,,,,,,,,
31066,209,209,0,209,0,,,209,0,209,0,209,0,209,0,209,0,209,0,209,0
31067,,,,,,,,,,,,,,,,,,,,,
31068,,,,,,,,,,,,,,,,,,,,,
31075,209,209,0,209,0,,,209,0,209,0,209,0,209,0,209,0,209,0,209,0
31078,35.9,35.9,0,35.9,0,35.9,0,35.9,0,35.9,0,35.9,0,,,,,,,36,-0.00278
31080,,,,,,,,,,,,,,,,,,,,,
31094,,,,,,,,,,,,,,,,,,,,,
31095,22.5,22.5,0,22.5,0,22.5,0,22.5,0,22.5,0,22.5,0,22.5,0,22.5,0,22.5,0,22.5,0
31100,,,,,,,,,,,,,,,,,,,,,
31101,,,,,,,,,,,,,,,,,,,,,
31102,65,65,0,65,0,,,,,65,0,65,0,65,0,,,,,61,0.0656
31104,,,,,,,,,,,,,,,,,,,,,
31108,26,26,0,26,0,,,26,0,26,0,26,0,26,0,,,21.5,0.209,21.5,0.209
31109,26,26,0,26,0,,,26,0,26,0,26,0,,,26,0,24,0.0833,24,0.0833
31111,,,,,,,,,,,,,,,,,,,,,
31112,115,115,0,115,0,115,0,115,0,115,0,115,0,115,0,115,0,99,0.162,79,0.456
31113,,,,,,,,,,,,,,,,,,,,,
31120,12.4,12.4,0,12.4,0,12.4,0,12.4,0,12.4,0,,,12.4,0,14.5,-0.145,11.9,0.042,14.7,-0.156
31121,42,42,0,42,0,,,42,0,42,0,42,0,42,0,42,0,42,0,42,0
31130,,,,,,,,,,,,,,,,,,,,,
31131,43,43,0,43,0,43,0,43,0,43,0,43,0,43,0,43,0,43,0,43,0
31132,,,,,,,,,,,,,,,,,,,,,
31133,,,,,,,,,,,,,,,,,,,,,
31134,,,,,,,,,,,,,,,,,,,,,
31139,281,281,0,281,0,,,281,0,281,0,281,0,281,0,281,0,,,,
31140,30.9,30.9,0,30.9,0,30.9,0,30.9,0,30.9,0,30.9,0,30.9,0,39.5,-0.218,39.5,-0.218,39.5,-0.218
31141,,,,,,,,,,,,,,,,,,,,,
31142,,,,,,,,,,,,,,,,,,,,,
31143,28,28,0,28,0,,,28,0,28,0,28,0,28,0,28,0,28,0,28,0
31144,19,19,0,19,0,19,0,19,0,19,0,19,0,19,0,19,0,19,0,19,0
31145,,,,,,,,,,,,,,,,,,,,,
31146,205,205,0,205,0,,,205,0,205,0,205,0,205,0,199,0.0302,199,0.0302,,
31148,,,,,,,,,,,,,,,,,,,,,
31149,,,,,,,,,,,,,,,,,,,,,
31150,57.5,57.5,0,57.5,0,57.5,0,55.5,0.036,55.5,0.036,55.5,0.036,55.5,0.036,55.5,0.036,55.5,0.036,55.5,0.036
31152,13,13,0,13,0,13,0,12.3,0.0569,12.3,0.0569,12.3,0.0569,12.3,0.0569,12.3,0.0569,12.3,0.0569,12.3,0.0569
31153,18,18,0,18,0,18,0,18,0,18,0,18,0,18,0,18,0,18,0,18,0
31154,10,10,0,10,0,10,0,10,0,10,0,10,0,10,0,10,0,10,0,10,0
31155,40,40,0,40,0,40,0,40,0,40,0,40,0,40,0,40,0,40,0,40,0
31157,18.5,18.5,0,18.5,0,18.5,0,18.5,0,18.5,0,18.5,0,18.5,0,18.5,0,18.5,0,18.5,0
31158,34.5,34.5,0,34.5,0,34.5,0,34.5,0,34.5,0,34.5,0,34.5,0,34.5,0,34.5,0,34.5,0
31163,,,,,,,,,,,,,,,,,,,,,
31164,,,,,,,,,,,,,,,,,,,,,
31165,,,,,,,,,,,,,,,,,,,,,
31166,,,,,,,,,,,,,,,,,,,,,
31167,,,,,,,,,,,,,,,,,,,,,
31168,,,,,,,,,,,,,,,,,,,,,
31169,11.5,11.5,0,11.5,0,11.5,0,11.5,0,11.5,0,13.5,-0.148,13.5,-0.148,15,-0.233,15,-0.233,15,-0.233
31172,,,,,,,,,,,,,,,,,,,,,
31173,,,,,,,,,,,,,,,,,,,,,
31183,,,,,,,,,,,,,,,,,,,,,
31185,8.7,8.7,0,8.7,0,8.7,0,8.7,0,8.7,0,8.7,0,8.7,0,8.7,0,8.7,0,8.7,0
31186,14.5,14.5,0,14.5,0,,,14.5,0,14.5,0,14.5,0,14.5,0,14.5,0,14.5,0,14.5,0
31187,14.5,14.5,0,14.5,0,,,14.5,0,14.5,0,14.5,0,14.5,0,14.5,0,14.5,0,14.5,0
31200,7.9,7.9,0,7.9,0,7.9,0,7.9,0,7.9,0,7.9,0,7.9,0,7.9,0,9.9,-0.202,,
31205,114,114,0,114,0,,,93.5,0.219,93.5,0.219,93.5,0.219,93.5,0.219,93.5,0.219,,,,
31206,,,,,,,,,,,,,,,,,,,,,
31209,,,,,,,,,,,,,,,,,,,,,
31210,,,,,,,,,,,,,,,,,,,,,
31215,,,,,,,,,,,,,,,,,,,,,
31218,115,115,0,115,0,,,115,0,115,0,115,0,115,0,120,-0.0417,120,-0.0417,120,-0.0417
31219,120,120,0,120,0,,,120,0,120,0,120,0,120,0,120,0,120,0,120,0
31222,,,,,,,,,,,,,,,,,,,,,
31228,,,,,,,,,,,,,,,,,,,,,
31231,20,20,0,20,0,,,20,0,20,0,20,0,20,0,20,0,20,0,20,0
31233,48.5,48.5,0,48.5,0,48.5,0,48.5,0,48.5,0,,,,,,,,,,
31235,4.7,4.7,0,4.7,0,4.7,0,4.7,0,4.7,0,,,,,4.7,0,4.7,0,4.7,0
31236,,,,,,,,,,,,,,,,,,,,,
31239,,,,,,,,,,,,,,,,,,,,,
31241,,,,,,,,,,,,,,,,,,,,,
31242,,,,,,,,,,,,,,,,,,,,,
31243,,,,,,,,,,,,,,,,,,,,,
31244,,,,,,,,,,,,,,,,,,,,,
31251,,,,,,,,,,,,,,,,,,,,,
31252,,,,,,,,,,,,,,,,,,,,,
31253,19.5,19.5,0,19.5,0,19.5,0,19.5,0,,,,,,,19.5,0,20.5,-0.0488,20.5,-0.0488
31255,,,,,,,,,,,,,,,,,,,,,
31257,,,,,,,,,,,,,,,,,,,,,
31261,,,,,,,,,,,,,,,,,,,,,
31262,20,20,0,20,0,20,0,20,0,20,0,20,0,20,0,20,0,20,0,20,0
31263,112,112,0,112,0,,,112,0,112,0,112,0,112,0,112,0,112,0,97.5,0.149
31264,112,112,0,112,0,,,112,0,112,0,112,0,112,0,112,0,112,0,,
31265,112,112,0,112,0,,,112,0,112,0,112,0,112,0,112,0,112,0,97.5,0.149
31266,,,,,,,,,,,,,,,,,,,,,
31268,31,31,0,31,0,31,0,31,0,31,0,31,0,31,0,31,0,31,0,31,0
31269,31,31,0,31,0,31,0,31,0,31,0,,,,,31,0,31,0,,
31272,4.7,4.7,0,4.7,0,4.7,0,4.7,0,4.7,0,,,4.7,0,,,,,4.7,0
31276,,,,,,,,,,,,,,,,,,,,,
31277,,,,,,,,,,,,,,,,,,,,,
31278,,,,,,,,,,,,,,,,,,,,,
31280,,,,,,,,,,,,,,,,,,,,,
31281,,,,,,,,,,,,,,,,,,,,,
31282,,,,,,,,,,,,,,,,,,,,,
31286,155,155,0,155,0,,,155,0,155,0,155,0,155,0,155,0,155,0,155,0
31287,155,155,0,155,0,,,155,0,155,0,155,0,,,155,0,155,0,155,0
31289,,,,,,,,,,,,,,,,,,,,,
31296,8.5,8.5,0,8.5,0,8.5,0,8.5,0,8.5,0,,,,,8.5,0,8,0.0625,7.5,0.133
31297,8,8,0,8,0,8,0,8,0,8,0,8,0,8,0,8,0,8,0,8,0
31299,,,,,,,,,,,,,,,,,,,,,
31308,100,100,0,100,0,,,100,0,100,0,100,0,100,0,100,0,100,0,100,0
31310,42.5,42.5,0,42.5,0,42.5,0,42.5,0,42.5,0,42.5,0,42.5,0,42.5,0,38.5,0.104,38.5,0.104
31312,61,61,0,61,0,,,61,0,48.5,0.258,48.5,0.258,49.5,0.232,74.5,-0.181,74.5,-0.181,74.5,-0.181
31316,,,,,,,,,,,,,,,,,,,,,
31317,,,,,,,,,,,,,,,,,,,,,
31320,,,,,,,,,,,,,,,,,,,,,
31331,42.5,42.5,0,42.5,0,42.5,0,42.5,0,42.5,0,42.5,0,42.5,0,42.5,0,38.5,0.104,38.5,0.104
31337,,,,,,,,,,,,,,,,,,,,,
31338,,,,,,,,,,,,,,,,,,,,,
31339,6,6,0,5,0.2,5,0.2,5,0.2,4,0.5,4,0.5,4,0.5,7,-0.143,7,-0.143,7,-0.143
31340,6,6,0,4,0.5,4,0.5,4,0.5,4,0.5,4,0.5,4,0.5,6,0,6,0,6,0
31341,,,,,,,,,,,,,,,,,,,,,
31342,,,,,,,,,,,,,,,,,,,,,
31343,,,,,,,,,,,,,,,,,,,,,
31344,,,,,,,,,,,,,,,,,,,,,
31345,,,,,,,,,,,,,,,,,,,,,
31351,45,45,0,45,0,,,40,0.125,40,0.125,40,0.125,40,0.125,40,0.125,42.5,0.0588,42.5,0.0588
31353,,,,,,,,,,,,,,,,,,,,,
31356,,,,,,,,,,,,,,,,,,,,,
31358,19.5,19.5,0,19.5,0,19.5,0,19.5,0,19.5,0,19.5,0,19.5,0,19.5,0,19.5,0,19.5,0
31359,26,26,0,26,0,26,0,26,0,26,0,26,0,26,0,22.5,0.156,22.5,0.156,,
31360,26,26,0,26,0,26,0,26,0,26,0,26,0,26,0,22.5,0.156,22.5,0.156,22.5,0.156
31361,22.5,22.5,0,22.5,0,22.5,0,22.5,0,22.5,0,22.5,0,22.5,0,18.5,0.216,,,18.5,0.216
31362,,,,,,,,,,,,,,,,,,,,,
31363,36,36,0,36,0,36,0,36,0,36,0,36,0,36,0,32.5,0.108,32.5,0.108,32.5,0.108
31364,36,36,0,36,0,36,0,36,0,36,0,36,0,36,0,32.5,0.108,32.5,0.108,32.5,0.108
31365,20.5,20.5,0,20.5,0,20.5,0,20.5,0,20.5,0,20.5,0,23,-0.109,26.5,-0.226,26.5,-0.226,26.5,-0.226
31370,56,56,0,56,0,,,56,0,56,0,56,0,56,0,56,0,56,0,,
31372,122,122,0,122,0,,,122,0,122,0,122,0,122,0,122,0,122,0.0041,122,0.0041
31373,122,122,0,122,0,,,122,0,122,0,122,0,122,0,122,0,122,0.0041,122,0.0041
31374,,,,,,,,,,,,,,,,,,,,,
31376,,,,,,,,,,,,,,,,,,,,,
31379,,,,,,,,,,,,,,,,,,,,,
31380,,,,,,,,,,,,,,,,,,,,,
31381,,,,,,,,,,,,,,,,,,,,,
31384,,,,,,,,,,,,,,,,,,,,,
31385,,,,,,,,,,,,,,,,,,,,,
31386,9,9,0,9,0,,,,,9,0,9,0,9,0,9,0,9,0,9,0
31387,,,,,,,,,,,,,,,,,,,,,
31391,25,,,,,,,,,,,,,,,33.5,-0.254,33.5,-0.254,,
31392,,,,,,,,,,,,,,,,,,,,,
31393,,,,,,,,,,,,,,,,,,,,,
31395,22.5,22.5,0,,,,,,,,,22.5,0,22.5,0,22.5,0,19.9,0.131,19.9,0.131
31396,5,5,0,5,0,5,0,5,0,5,0,5,0,5,0,5,0,,,5,0
31397,,,,,,,,,,,,,,,,,,,,,
31399,,,,,,,,,,,,,,,,,,,,,
31400,,,,,,,,,,,,,,,,,,,,,
31404,128,128,0,128,0,128,0,128,0,128,0,128,0,128,0,128,0,,,,
31406,,,,,,,,,,,,,,,,,,,,,
31408,,,,,,,,,,,,,,,,,,,,,
31409,,,,,,,,,,,,,,,,,,,,,
31410,,,,,,,,,,,,,,,,,,,,,
31413,12.2,12.2,0,12.2,0,12.2,0,12.2,0,12.2,0,12.2,0,,,12.2,0,12.2,0,12.2,0
31416,359,359,0,359,0,,,359,0,359,0,359,0,349,0.0287,349,0.0287,349,0.0287,349,0.0287
31420,,,,,,,,,,,,,,,,,,,,,
31423,7,7,0,7,0,7,0,7,0,7,0,,,7,0,7,0,7,0,7,0
31427,,,,,,,,,,,,,,,,,,,,,
31428,24.5,24.5,0,,,,,,,22,0.114,22,0.114,22,0.114,22,0.114,22,0.114,22,0.114
31429,15,15,0,,,,,,,,,,,,,15,0,15,0,15,0
31430,,,,,,,,,,,,,,,,,,,,,
31431,4.8,4.8,0,4.8,0,4.8,0,4.8,0,,,3.5,0.371,3.5,0.371,3.5,0.371,3.5,0.371,3.5,0.371
31432,4.8,4.8,0,4.8,0,4.8,0,4.8,0,4.8,0,3.5,0.371,3.5,0.371,3.5,0.371,3.5,0.371,3.5,0.371
31443,13.5,13.5,0,13.5,0,13.5,0,13.5,0,13.5,0,13.5,0,13.5,0,19.5,-0.308,19.5,-0.308,19.5,-0.308
31444,15,15,0,15,0,15,0,15,0,15,0,15,0,15,0,19.5,-0.231,19.5,-0.231,19.5,-0.231
31463,188,188,0,188,0,,,188,0,188,0,188,0,188,0,188,0,188,0,188,0
31464,,,,,,,,,,,,,,,,,,,,,
31466,,,,,,,,,,,,,,,,,,,,,
31467,,,,,,,,,,,,,,,,,,,,,
31468,,,,,,,,,,,,,,,,,,,,,
31469,20,20,0,20,0,20,0,20,0,20,0,20,0,,,20,0,20,0,,
31470,30,30,0,30,0,30,0,30,0,30,0,,,,,23,0.304,23,0.304,,
31472,28,28,0,28,0,,,28,0,28,0,28,0,28,0,28,0,28,0,28,0
31473,42,42,0,42,0,,,42,0,42,0,42,0,42,0,42,0,42,0,42,0
31475,28,28,0,28,0,,,28,0,28,0,28,0,28,0,28,0,28,0,28,0
31476,42,42,0,42,0,,,42,0,42,0,42,0,42,0,42,0,42,0,42,0
31477,25,25,0,25,0,25,0,25,0,25,0,,,25,0,25,0,24,0.0417,,
31478,25,25,0,25,0,25,0,25,0,25,0,25,0,25,0,25,0,24,0.0417,25,0
31479,19.5,19.5,0,19.5,0,19.5,0,19.5,0,19.5,0,19.5,0,19.5,0,19.5,0,17.5,0.114,16.9,0.154
31480,25,25,0,25,0,25,0,25,0,25,0,25,0,25,0,25,0,24,0.0417,,
31481,19.5,19.5,0,19.5,0,19.5,0,19.5,0,19.5,0,19.5,0,19.5,0,19.5,0,17.5,0.114,16.9,0.154
31482,19.5,19.5,0,19.5,0,19.5,0,19.5,0,19.5,0,,,19.5,0,19.5,0,17.5,0.114,16.9,0.154
31483,,,,,,,,,,,,,,,,,,,,,
31484,,,,,,,,,,,,,,,,,,,,,
31485,,,,,,,,,,,,,,,,,,,,,
31486,,,,,,,,,,,,,,,,,,,,,
31487,21,21,0,21,0,21,0,21,0,21,0,25,-0.16,25,-0.16,32,-0.344,,,32,-0.344
31488,,,,,,,,,,,,,,,,,,,,,
31489,21,21,0,21,0,21,0,21,0,21,0,25,-0.16,25,-0.16,32,-0.344,,,32,-0.344
31490,,,,,,,,,,,,,,,,,,,,,
31491,,,,,,,,,,,,,,,,,,,,,
31492,,,,,,,,,,,,,,,,,,,,,
31493,,,,,,,,,,,,,,,,,,,,,
31495,24.5,24.5,0,24.5,0,24.5,0,24.5,0,24.5,0,24.5,0,24.5,0,19.9,0.231,,,,
31496,24.5,24.5,0,24.5,0,24.5,0,24.5,0,24.5,0,24.5,0,24.5,0,19.9,0.231,24.5,0,24.5,0
31499,,,,,,,,,,,,,,,,,,,,,
31501,,,,,,,,,,,,,,,,,,,,,
31503,,,,,,,,,,,,,,,,,,,,,
31504,,,,,,,,,,,,,,,,,,,,,
31505,,,,,,,,,,,,,,,,,,,,,
31506,,,,,,,,,,,,,,,,,,,,,
31507,187,187,0,187,0,,,187,0,187,0,187,0,187,0,187,0,187,0,187,0
31508,,,,,,,,,,,,,,,,,,,,,
31510,,,,,,,,,,,,,,,,,,,,,
31515,,,,,,,,,,,,,,,,,,,,,
31517,,,,,,,,,,,,,,,,,,,,,
31519,,,,,,,,,,,,,,,,,,,,,
31520,,,,,,,,,,,,,,,,,,,,,
31521,,,,,,,,,,,,,,,,,,,,,
31522,,,,,,,,,,,,,,,,,,,,,
31527,,,,,,,,,,,,,,,,,,,,,
31528,,,,,,,,,,,,,,,,,,,,,
31529,,,,,,,,,,,,,,,,,,,,,
31531,,,,,,,,,,,,,,,,,,,,,
31532,,,,,,,,,,,,,,,,,,,,,
31533,187,187,0,187,0,,,187,0,187,0,187,0,187,0,187,0,187,0,187,0
31535,208,208,0,208,0,,,208,0,208,0,208,0,230,-0.0957,230,-0.0957,230,-0.0957,230,-0.0957
31536,,,,,,,,,,,,,,,,,,,,,
31537,,,,,,,,,,,,,,,,,,,,,
31538,36,36,0,36,0,36,0,36,0,36,0,36,0,36,0,36,0,33.5,0.0746,36,0
31540,,,,,,,,,,,,,,,,,,,,,
31541,16.9,16.9,0,16.9,0,,,16.9,0,16.9,0,,,16.9,0,16.9,0,,,,
31543,16.9,16.9,0,16.9,0,,,16.9,0,16.9,0,16.9,0,16.9,0,16.9,0,,,,
31545,,,,,,,,,,,,,,,,,,,,,
31549,,,,,,,,,,,,,,,,,,,,,
31551,,,,,,,,,,,,,,,,,,,,,
31552,,,,,,,,,,,,,,,,,,,,,
31553,8,8,0,8,0,8,0,8,0,8,0,8,0,8,0,8,0,8,0,8,0
31554,,,,,,,,,,,,,,,,,,,,,
31556,180,180,0,180,0,,,180,0,180,0,180,0,180,0,319,-0.436,319,-0.436,319,-0.436
31558,9.8,9.8,0,9.8,0,9.8,0,9.8,0,9.8,0,9.8,0,9.8,0,9.8,0,9.8,0,9.8,0
31559,,,,,,,,,,,,,,,,,,,,,
31560,12,12,0,12,0,12,0,12,0,12,0,,,,,,,10,0.2,10,0.2
31561,10,10,0,10,0,10,0,10,0,10,0,,,10,0,,,10,0,,
31567,,,,,,,,,,,,,,,,,,,,,
31568,,,,,,,,,,,,,,,,,,,,,
31571,,,,,,,,,,,,,,,,,,,,,
31572,16.5,16.5,0,16.5,0,16.5,0,16,0.0312,16,0.0312,16,0.0312,16,0.0312,16,0.0312,16,0.0312,16,0.0312
31573,16.5,16.5,0,16.5,0,16.5,0,16,0.0312,16,0.0312,16,0.0312,16,0.0312,16,0.0312,16,0.0312,16,0.0312
31578,12,12,0,12,0,12,0,,,12,0,12,0,10,0.2,,,10,0.2,,
31581,26.5,26.5,0,26.5,0,26.5,0,26.5,0,21,0.262,21,0.262,21,0.262,25.5,0.0392,25.5,0.0392,25.5,0.0392
31582,26.5,26.5,0,26.5,0,26.5,0,26.5,0,21,0.262,21,0.262,21,0.262,25.5,0.0392,25.5,0.0392,25.5,0.0392
31583,26.5,26.5,0,26.5,0,26.5,0,26.5,0,,,21.5,0.233,21.5,0.233,22.5,0.178,25.5,0.0392,25.5,0.0392
31592,,,,,,,,,,,,,,,,,,,,,
31594,,,,,,,,,,,,,,,,,,,,,
31595,,,,,,,,,,,,,,,,,,,,,
31599,68,68,0,68,0,68,0,68,0,68,0,68,0,68,0,68,0,68,0,68,0
31601,,,,,,,,,,,,,,,,,,,,,
32182,23,23,0,23,0,23,0,23,0,23,0,23,0,23,0,23,0,23,0,23,0
33413,,,,,,,,,,,,,,,,,,,,,
33464,,,,,,,,,,,,,,,,,,,,,
33502,,,,,,,,,,,,,,,,,,,,,
33510,,,,,,,,,,,,,,,,,,,,,
33687,38.5,38.5,0,38.5,0,38.5,0,38.5,0,38.5,0,32.5,0.185,32.5,0.185,30,0.283,42,-0.0833,42,-0.0833
33770,28,28,0,28,0,28,0,28,0,28,0,28,0,28,0,28,0,28,0,25.5,0.098
33771,28,28,0,28,0,28,0,28,0,28,0,28,0,28,0,28,0,28,0,25.5,0.098
33773,,,,,,,,,,,,,,,,,,,,,
33774,,,,,,,,,,,,,,,,,,,,,
33775,,,,,,,,,,,,,,,,,,,,,
33878,15.5,15.5,0,15.5,0,15.5,0,,,,,,,15.5,0,15.5,0,15.5,0,14,0.107
34114,39.5,39.5,0,39.5,0,39.5,0,39.5,0,39.5,0,39.5,0,39.5,0,39.5,0,49.5,-0.202,49.5,-0.202
34115,39.5,39.5,0,,,,,,,,,,,,,39.5,0,49.5,-0.202,,
34717,36.5,36.5,0,36.5,0,36.5,0,36.5,0,36.5,0,36.5,0,36.5,0,36.5,0,36.5,0,36.5,0
34811,35,35,0,,,,,,,35,0,35,0,35,0,35,0,35,0,35,0
34871,8.7,8.7,0,8.7,0,,,8.7,0,8.7,0,8.7,0,8.7,0,8.7,0,,,,
35070,36,36,0,36,0,36,0,36,0,36,0,36,0,29.5,0.22,29.5,0.22,29.5,0.22,,
35071,68,68,0,68,0,68,0,68,0,68,0,,,54.5,0.248,54.5,0.248,54.5,0.248,,
35072,205,205,0,205,0,205,0,205,0,205,0,,,165,0.242,165,0.242,165,0.242,,
35073,36.5,36.5,0,36.5,0,36.5,0,36.5,0,36.5,0,36.5,0,29.5,0.237,29.5,0.237,29.5,0.237,,
35075,38,38,0,38,0,38,0,38,0,38,0,38,0,30.5,0.246,30.5,0.246,30.5,0.246,,
35076,73.5,73.5,0,73.5,0,73.5,0,73.5,0,73.5,0,73.5,0,59,0.246,59,0.246,59,0.246,,
35077,35,35,0,,,35,0,35,0,35,0,,,28.5,0.228,28.5,0.228,28.5,0.228,,
35078,,,,,,,,,,,,,,,,,,,,,
35133,,,,,,,,,,,,,,,,,,,,,
35400,33.3,33.3,0,33.3,0,33.3,0,33.3,0,33.3,0,33.3,0,33.3,0,33.3,0,33.3,0,33.3,0
35401,,,,,,,,,,,,,,,,,,,,,
35403,30.9,30.9,0,30.9,0,30.9,0,30.9,0,30.9,0,30.9,0,30.9,0,30.9,0,30.9,0,30.9,0
35445,50,50,0,50,0,,,43.9,0.139,43.9,0.139,50,0,50,0,,,,,,
35446,50,50,0,50,0,,,43.9,0.139,43.9,0.139,50,0,50,0,47.5,0.0526,47.5,0.0526,,
35447,50,50,0,50,0,,,43.9,0.139,43.9,0.139,50,0,50,0,47.5,0.0526,47.5,0.0526,,
35788,25.5,25.5,0,25.5,0,25.5,0,25.5,0,25.5,0,25.5,0,,,25.5,0,25.5,0,,
35789,25.5,25.5,0,25.5,0,25.5,0,25.5,0,25.5,0,25.5,0,25.5,0,25.5,0,25.5,0,25.5,0
35790,25.5,25.5,0,25.5,0,25.5,0,25.5,0,25.5,0,25.5,0,,,25.5,0,25.5,0,25.5,0
35791,9.8,9.8,0,9.8,0,9.8,0,9.8,0,9.8,0,9.8,0,9.8,0,10,-0.02,10,-0.02,10,-0.02
35792,18,18,0,18,0,18,0,18,0,18,0,18,0,18,0,18.5,-0.027,18.5,-0.027,18.5,-0.027
35793,8.9,8.9,0,8.9,0,8.9,0,8.9,0,8.9,0,8.9,0,8.9,0,8.9,0,8.9,0,10.5,-0.152
35794,18.9,18.9,0,18.9,0,18.9,0,18.9,0,18.9,0,18.9,0,,,20.9,-0.0957,20.9,-0.0957,20.9,-0.0957
35795,10.9,10.9,0,10.9,0,10.9,0,10.9,0,10.9,0,10.9,0,10.9,0,10.9,0,10.9,0,13,-0.162
35796,24.9,24.9,0,24.9,0,24.9,0,24.9,0,24.9,0,24.9,0,24.9,0,26,-0.0423,26,-0.0423,26,-0.0423
35797,44.9,44.9,0,44.9,0,44.9,0,44.9,0,44.9,0,44.9,0,44.9,0,46,-0.0239,46,-0.0239,46,-0.0239
35798,11.5,11.5,0,11.5,0,11.5,0,11.5,0,11.5,0,11.5,0,11.5,0,13,-0.115,13,-0.115,13,-0.115
35799,26.5,26.5,0,26.5,0,26.5,0,26.5,0,26.5,0,26.5,0,26.5,0,26.5,0,26.5,0,26.5,0
36329,,,,,,,,,,,,,,,,,,,,,
36589,32.5,32.5,0,32.5,0,32.5,0,32.5,0,32.5,0,32.5,0,32.5,0,32.5,0,32.5,0,32.5,0
36590,32.5,32.5,0,32.5,0,32.5,0,32.5,0,,,32.5,0,32.5,0,32.5,0,32.5,0,32.5,0
36779,,,,,,,,,,,,,,,,,,,,,
37003,,,,,,,,,,,,,,,,,,,,,
37041,9.5,9.5,0,9.5,0,,,,,,,,,,,,,,,,
37340,,,,,,,,,,,,,,,,,,,,,
37341,,,,,,,,,,,,,,,,,,,,,
37343,,,,,,,,,,,,,,,,,,,,,
37345,,,,,,,,,,,,,,,,,,,,,
37350,,,,,,,,,,,,,,,,,,,,,
37353,,,,,,,,,,,,,,,,,,,,,
37356,60,60,0,60,0,,,60,0,60,0,92,-0.348,92,-0.348,92,-0.348,92,-0.348,92,-0.348
37359,8,8,0,8,0,,,8,0,8,0,10,-0.2,10,-0.2,10,-0.2,10,-0.2,10,-0.2
37361,,,,,,,,,,,,,,,,,,,,,
37363,,,,,,,,,,,,,,,,,,,,,
37365,,,,,,,,,,,,,,,,,,,,,
37366,,,,,,,,,,,,,,,,,,,,,
37372,,,,,,,,,,,,,,,,,,,,,
37385,,,,,,,,,,,,,,,,,,,,,
37387,,,,,,,,,,,,,,,,,,,,,
37392,,,,,,,,,,,,,,,,,,,,,
37398,,,,,,,,,,,,,,,,,,,,,
37399,,,,,,,,,,,,,,,,,,,,,
37400,21.5,,,,,,,,,,,,,,,21.5,0,25,-0.14,25,-0.14
37401,22.5,22.5,0,22.5,0,22.5,0,22.5,0,22.5,0,22.5,0,,,22.5,0,19.9,0.131,22.5,0
37402,19.5,19.5,0,19.5,0,19.5,0,19.5,0,19.5,0,16.5,0.182,16.5,0.182,12.5,0.56,18.9,0.0317,21.4,-0.0888
37409,,,,,,,,,,,,,,,,,,,,,
37410,,,,,,,,,,,,,,,,,,,,,
37412,,,,,,,,,,,,,,,,,,,,,
37413,144,144,0,144,0,,,144,0,144,0,144,0,144,0,144,0,144,0,144,0
37418,,,,,,,,,,,,,,,,,,,,,
37425,,,,,,,,,,,,,,,,,,,,,
37428,275,275,0,275,0,,,275,0,275,0,275,0,275,0,275,0,275,0,265,0.0377
37438,,,,,,,,,,,,,,,,,,,,,
37439,,,,,,,,,,,,,,,,,,,,,
37441,,,,,,,,,,,,,,,,,,,,,
37715,8.5,8.5,0,8.5,0,8.5,0,8.5,0,8.5,0,10,-0.15,10,-0.15,10,-0.15,10.2,-0.167,8.5,0
38110,27,27,0,27,0,27,0,27,0,27,0,,,,,,,,,21.5,0.256
38111,26.5,26.5,0,26.5,0,26.5,0,26.5,0,26.5,0,26.5,0,26.5,0,26.5,0,26.5,0,23.5,0.128
38172,46,46,0,46,0,46,0,46,0,46,0,46,0,46,0,46,0,46,0,46,0
38199,205,205,0,205,0,,,179,0.145,179,0.145,179,0.145,179,0.145,179,0.145,257,-0.202,257,-0.202
38234,11.5,11.5,0,11.5,0,,,11.5,0,11.5,0,11.5,0,11.5,0,11.5,0,11.5,0,11.5,0
38296,63,63,0,63,0,,,63,0,63,0,63,0,61,0.0328,61,0.0328,58,0.0862,55.5,0.135
38297,198,198,0,198,0,,,198,0,198,0,198,0,198,0,179,0.106,,,190,0.0427
38300,38.5,38.5,0,38.5,0,,,,,38.5,0,38.5,0,,,36,0.0694,29.9,0.288,33.6,0.146
38318,,,,,,,,,,,,,,,,,,,,,
38326,,,,,,,,,,,,,,,,,,,,,
38342,13,13,0,13,0,13,0,13,0,13,0,13,0,13,0,13,0,12,0.0833,12,0.0833
38350,13,13,0,13,0,13,0,13,0,13,0,13,0,,,13,0,12,0.0833,12,0.0833
38369,,,,,,,,,,,,,,,,,,,,,
38407,4.5,4.5,0,4.5,0,4.5,0,4.5,0,4.5,0,,,,,4.5,0,4,0.125,4,0.125
38415,4.5,4.5,0,4.5,0,4.5,0,4.5,0,4.5,0,4.5,0,4.5,0,4.5,0,4,0.125,4,0.125
38425,4.6,4.6,0,4.6,0,4.6,0,4.6,0,4.6,0,4.6,0,,,,,,,,
38788,12.5,12.5,0,12.5,0,12.5,0,12.5,0,12.5,0,12.5,0,12.5,0,14,-0.107,14,-0.107,14,-0.107
38789,11.3,11.3,0,11.3,0,11.3,0,11.3,0,11.3,0,11.3,0,11.3,0,11.3,0,13.5,-0.163,13.5,-0.163
38881,3.8,3.8,0,3.8,0,3.8,0,3.8,0,3.8,0,3.8,0,,,,,,,,
38882,7.5,7.5,0,7.5,0,7.5,0,7.5,0,7.5,0,7.5,0,7.5,0,7.5,0,7.5,0,7.5,0
38938,4.3,4.3,0,4.3,0,4.3,0,4.3,0,4.3,0,4.3,0,,,,,,,,
38946,8,8,0,,,,,,,,,8,0,,,8,0,8,0,,
38962,3.2,3.2,0,3.2,0,3.2,0,3.2,0,3.2,0,3.2,0,3.2,0,3.2,0,3.2,0,3.2,0
39616,28.5,28.5,0,28.5,0,28.5,0,28.5,0,28.5,0,28.5,0,28.5,0,33.5,-0.149,33.5,-0.149,33.5,-0.149
39717,,,,,,,,,,,,,,,,,,,,,
39718,87,87,0,87,0,,,87,0,87,0,87,0,87,0,97,-0.103,97,-0.103,88,-0.0114
40001,22,22,0,22,0,22,0,,,,,,,17.5,0.257,28.5,-0.228,26,-0.154,32,-0.312
40002,,,,,,,,,,,,,,,,,,,,,
40010,,,,,,,,,,,,,,,,,,,,,
40011,45,45,0,45,0,45,0,45,0,45,0,45,0,45,0,45,0,69.5,-0.353,69.5,-0.353
40467,18.5,18.5,0,18.5,0,18.5,0,18.5,0,18.5,0,18.5,0,18.5,0,18.5,0,17.9,0.0335,20,-0.075
40470,152,152,0,152,0,152,0,152,0,152,0,152,0,152,0,152,0,152,0,,
41516,125,125,0,125,0,125,0,125,0,125,0,125,0,125,0,189,-0.339,189,-0.339,189,-0.339
41717,,,,,,,,,,,,,,,,,,,,,
41720,,,,,,,,,,,,,,,,,,,,,
41977,42,42,0,42,0,,,42,0,42,0,42,0,42,0,42,0,42,0,42,0
42056,19.7,18.3,0.0765,18.3,0.0765,18.3,0.0765,18.3,0.0765,18.7,0.0535,17.9,0.101,17.9,0.101,17.9,0.101,22.3,-0.117,22.3,-0.117
42064,19.7,18.3,0.0765,18.3,0.0765,18.3,0.0765,18.3,0.0765,18.7,0.0535,17.9,0.101,17.9,0.101,17.9,0.101,20.7,-0.0483,22.3,-0.117
42161,63,60.6,0.0396,60.6,0.0396,60.6,0.0396,60.6,0.0396,60.6,0.0396,54.6,0.154,54.6,0.154,50,0.26,67.5,-0.0667,67.6,-0.068
43354,73.5,73.5,0,73.5,0,,,73.5,0,73.5,0,73.5,0,,,73.5,0,57,0.289,57,0.289
44977,17.5,17.5,0,17.5,0,17.5,0,17.5,0,17.5,0,17.5,0,17.5,0,18.5,-0.0541,18.5,-0.0541,17.9,-0.0223
45233,120,120,0,120,0,120,0,120,0,120,0,,,,,120,0,120,0,120,0
45314,24.9,24.9,0,24.9,0,24.9,0,24.9,0,22.9,0.0873,22.9,0.0873,21.9,0.137,25.5,-0.0235,29.5,-0.156,39.5,-0.37
45549,22.5,22.5,0,22.5,0,22.5,0,22.5,0,22.5,0,22.5,0,22.5,0,22.5,0,22.5,0,,
45688,,,,,,,,,,,,,,,,,,,,,
45788,76,76,0,76,0,76,0,76,0,76,0,76,0,72,0.0556,,,,,,
45789,40,40,0,40,0,40,0,40,0,40,0,40,0,36,0.111,36,0.111,36,0.111,36,0.111
45792,,,,,,,,,,,,,,,,,,,,,
45793,18.5,18.5,0,18.5,0,18.5,0,18.5,0,18.5,0,18.5,0,18.5,0,18.5,0,18.5,0,,
46106,6,6,0,6,0,6,0,6,0,6,0,6,0,6,0,6,0,6,0,6,0
46107,,,,,,,,,,,,,,,,,,,,,
46108,5.5,5.5,0,5.5,0,5.5,0,5.5,0,5.5,0,5.5,0,5.5,0,5.5,0,5.5,0,5.5,0
46135,5.5,5.5,0,5.5,0,5.5,0,5.5,0,5.5,0,5.5,0,5.5,0,5.5,0,5.5,0,,
46351,18,18,0,18,0,18,0,18,0,18,0,18,0,18,0,18,0,18,0,15.5,0.161
46655,35.4,35.4,0,38,-0.0684,38,-0.0684,38,-0.0684,38,-0.0684,29.3,0.208,29.3,0.208,30.6,0.157,40.8,-0.132,40.8,-0.132
46663,35.4,35.4,0,38,-0.0684,38,-0.0684,38,-0.0684,38,-0.0684,30.6,0.157,30.6,0.157,30.6,0.157,42.1,-0.159,42,-0.157
46710,5.8,5.8,0,5.8,0,5.8,0,5.8,0,5.8,0,,,5.8,0,5.8,0,6.5,-0.108,6.5,-0.108
47187,7,7,0,7,0,6.3,0.111,6.3,0.111,6.3,0.111,6.3,0.111,,,7,0,7,0,7,0
47189,75.5,75.5,0,75.5,0,75.5,0,75.5,0,75.5,0,75.5,0,75.5,0,75.5,0,75.5,0,75.5,0
47391,,,,,,,,,,,,,,,,,,,,,
47392,519,519,0,519,0,,,599,-0.134,599,-0.134,599,-0.134,599,-0.134,599,-0.134,649,-0.2,649,-0.2
47397,19,19,0,19,0,19,0,19,0,19,0,,,,,,,,,,
47398,15,15,0,15,0,15,0,15,0,15,0,,,,,,,,,,
47457,165,165,0,165,0,,,165,0,165,0,165,0,165,0,165,0,189,-0.127,189,-0.127
47678,649,649,0,649,0,,,649,0,649,0,649,0,649,0,615,0.0553,699,-0.0715,699,-0.0715
48526,41.5,41.5,0,41.5,0,41.5,0,41.5,0,41.5,0,52,-0.202,52,-0.202,52,-0.202,52,-0.202,52,-0.202
48534,,,,,,,,,,,,,,,,,,,,,
48658,12.7,12.7,0,12.7,0,12.7,0,12.7,0,12.7,0,12.7,0,12.7,0,15,-0.153,15,-0.153,15,-0.153
48666,16.9,16.9,0,16.9,0,16.9,0,16.9,0,16.9,0,16.9,0,16.9,0,16.9,0,16.5,0.0242,20,-0.155
48674,82,82,0,82,0,82,0,82,0,81.9,0.00122,81.9,0.00122,81.9,0.00122,95.5,-0.141,95.5,-0.141,95.5,-0.141
48704,16.9,16.9,0,16.9,0,16.9,0,16.9,0,16.9,0,16.9,0,16.9,0,16.9,0,16.5,0.0242,20,-0.155
48720,81.9,81.9,0,81.9,0,81.9,0,81.9,0,81.9,0,81.9,0,81.9,0,95.5,-0.142,95.5,-0.142,,
48778,18.5,18.5,0,18.5,0,18.5,0,18.5,0,18.5,0,18.5,0,15.9,0.164,18.5,0,16.5,0.121,,
49069,,,,,,,,,,,,,,,,,,,,,
49085,,,,,,,,,,,,,,,,,,,,,
49220,,,,,,,,,,,,,,,,,,,,,
49701,37.9,37.9,0,37.9,0,37.9,0,37.9,0,37.9,0,,,,,,,,,,
49905,132,132,0,132,0,,,132,0,132,0,132,0,132,0,164,-0.195,164,-0.195,,
50000,,,,,,,,,,,,,,,,,,,,,
50005,,,,,,,,,,,,,,,,,,,,,
50006,,,,,,,,,,,,,,,,,,,,,
50011,,,,,,,,,,,,,,,,,,,,,
50015,,,,,,,,,,,,,,,,,,,,,
50030,165,165,0,165,0,,,155,0.0645,155,0.0645,198,-0.167,198,-0.167,198,-0.167,198,-0.167,198,-0.167
50032,11,11,0,11,0,11,0,11,0,11,0,11,0,11,0,11,0,11,0,11,0
50035,,,,,,,,,,,,,,,,,,,,,
50066,84.9,84.9,0,84.9,0,84.9,0,84.9,0,84.9,0,59.9,0.417,59.9,0.417,59.9,0.417,59.9,0.417,61.9,0.372
50075,319,319,0,319,0,,,319,0,319,0,319,0,319,0,319,0,349,-0.086,349,-0.086
50096,,,,,,,,,,,,,,,,,,,,,
50106,19.9,19.9,0,19.9,0,19.9,0,19.9,0,19.9,0,19.9,0,19.9,0,19.9,0,19.9,0,,
50145,79.5,79.5,0,79.5,0,79.5,0,79.5,0,79.5,0,79.5,0,79.5,0,79.5,0,79.5,0,79.5,0
51061,,,,,,,,,,,,,,,,,,,,,
51062,,,,,,,,,,,,,,,,,,,,,
51063,,,,,,,,,,,,,,,,,,,,,
51064,64.5,64.5,0,64.5,0,64.5,0,64.5,0,64.5,0,64.5,0,64.5,0,64.5,0,64.5,0,64.5,0
51284,26,26,0,26,0,26,0,26,0,26,0,26,0,,,23.5,0.106,23.5,0.106,23.5,0.106
51322,,,,,,,,,,,,,,,,,,,,,
51471,5,5,0,5,0,5,0,5,0,5,0,5,0,5,0,5,0,5,0,5,0
51616,134,134,0,134,0,134,0,134,0,134,0,134,0,134,0,134,0,125,0.0729,125,0.0729
51993,9.3,9.3,0,9.3,0,9.3,0,9.3,0,9.3,0,,,9.3,0,9.3,0,9.3,0,9.3,0
52257,339,339,0,339,0,,,279,0.215,279,0.215,279,0.215,279,0.215,279,0.215,449,-0.245,449,-0.245
53767,,,,,,,,,,,,,,,,,,,,,
53937,,,,,,,,,,,,,,,,,,,,,
53970,,,,,,,,,,,,,,,,,,,,,
54060,11.5,11.5,0,11.5,0,11.5,0,11.5,0,,,11.5,0,11.5,0,12.5,-0.08,12,-0.0417,,
54061,11,11,0,11,0,11,0,11,0,11,0,,,,,12.5,-0.12,12,-0.0833,11.6,-0.0517
54062,16.5,16.5,0,19.9,-0.171,19.9,-0.171,19.9,-0.171,19.9,-0.171,19.9,-0.171,,,22,-0.25,21.5,-0.233,21.5,-0.233
54063,16.5,16.5,0,19.9,-0.171,19.9,-0.171,19.9,-0.171,19.9,-0.171,19.9,-0.171,19.9,-0.171,22,-0.25,21.5,-0.233,21,-0.214
55080,,,,,,,,,,,,,,,,,,,,,
56030,120,120,0,120,0,120,0,120,0,124,-0.0283,124,-0.0283,124,-0.0283,136,-0.118,136,-0.118,136,-0.118
56057,68,68,0,68,0,68,0,68,0,68,0,68,0,68,0,68,0,99,-0.313,99,-0.313
57093,,,,,,,,,,,,,,,,,,,,,
57117,35.5,35.5,0,33.5,0.0597,33.5,0.0597,33.5,0.0597,27.5,0.291,,,,,27.5,0.291,26.5,0.34,,
57771,33,33,0,33,0,33,0,33,0,33,0,33,0,33,0,35.5,-0.0704,35.5,-0.0704,33.9,-0.0265
57773,32.5,32.5,0,32.5,0,32.5,0,32.5,0,32.5,0,32.5,0,32.5,0,33.9,-0.0413,33.9,-0.0413,33.9,-0.0413
57888,,,,,,,,,,,,,,,,,,,,,
58360,29.5,29.5,0,29.5,0,29.5,0,32.9,-0.103,,,32.9,-0.103,32.9,-0.103,29.9,-0.0134,31,-0.0484,,
58378,16.9,16.9,0,16.9,0,16.9,0,16.9,0,16.9,0,,,16.9,0,16.9,0,16.9,0,16.9,0
58408,37.8,37.8,0,,,,,,,37.8,0,36,0.05,36,0.05,,,37,0.0216,,
58424,18.9,18.9,0,18.9,0,18.9,0,18.9,0,18.9,0,18,0.05,18,0.05,,,18.5,0.0216,,
58432,94.5,94.5,0,94.5,0,,,,,,,,,,,,,,,,
58718,,,,,,,,,,,,,,,,,,,,,
59041,6.5,6.5,0,6.5,0,6.5,0,6.5,0,6.5,0,,,,,6.5,0,6.5,0,6.5,0
59366,10.5,10.5,0,10.5,0,10.5,0,10.5,0,10.5,0,10.5,0,10.5,0,10.5,0,10.5,0,10.5,0
60002,56,56,0,,,,,,,,,,,,,,,,,,
60005,175,175,0,175,0,,,175,0,175,0,,,,,,,,,,
60013,82.5,82.5,0,82.5,0,82.5,0,82.5,0,,,,,,,,,,,,
60028,26,26,0,26,0,26,0,26,0,,,,,,,,,,,,
60051,8.5,8.5,0,,,,,,,,,,,,,,,,,,
60053,29.5,29.5,0,29.5,0,,,29.5,0,,,,,,,,,,,,
60063,26,26,0,,,,,,,,,,,,,,,,,,
60064,26,26,0,,,,,,,,,,,,,,,,,,
60065,26,26,0,,,,,,,,,,,,,,,,,,
60066,30,30,0,,,,,,,,,,,,,,,,,,
60086,28,28,0,28,0,28,0,,,,,,,,,,,,,,
60089,8,8,0,8,0,8,0,,,,,,,,,,,,,,
60090,8,8,0,8,0,8,0,,,,,,,,,,,,,,
60091,8,8,0,8,0,8,0,,,,,,,,,,,,,,
60092,7.5,7.5,0,7.5,0,7.5,0,,,,,,,,,,,,,,
60109,42,42,0,,,,,,,,,,,,,,,,,,
60468,95.5,95.5,0,95.5,0,,,95.5,0,95.5,0,95.5,0,95.5,0,95.5,0,95.5,0,95.5,0
61509,,,,,,,,,,,,,,,,,,,,,
61719,24.9,24.9,0,31.5,-0.21,31.5,-0.21,31.5,-0.21,31.5,-0.21,31.5,-0.21,,,48,-0.481,48,-0.481,,
61731,,,,,,,,,,,,,,,,,,,,,
61972,199,199,0,199,0,199,0,,,,,,,,,,,,,,
62151,,,,,,,,,,,,,,,,,,,,,
62190,6.5,6.5,0,6.5,0,6.5,0,6.5,0,6.5,0,,,6.5,0,6.9,-0.058,8.5,-0.235,8.9,-0.27
62191,,,,,,,,,,,,,,,,,,,,,
62510,36.5,36.5,0,36.5,0,36.5,0,36.5,0,36.5,0,36.5,0,36.5,0,36.5,0,36.5,0,36.5,0
62511,36.5,36.5,0,36.5,0,36.5,0,36.5,0,36.5,0,36.5,0,36.5,0,36.5,0,,,,
62618,34,34,0,34,0,34,0,34,0,34,0,34,0,39,-0.128,45,-0.244,45,-0.244,45,-0.244
62626,19.5,19.5,0,19.5,0,19.5,0,19.5,0,19.5,0,19.5,0,24.5,-0.204,24.5,-0.204,24.5,-0.204,24.5,-0.204
62669,37.5,37.5,0,37.5,0,37.5,0,37.5,0,37.5,0,37.5,0,37.5,0,37.5,0,30.9,0.214,29,0.293
62717,18,18,0,18,0,,,18,0,18,0,18,0,18,0,18,0,18,0,,
62718,,,,,,,,,,,,,,,,,,,,,
62722,,,,,,,,,,,,,,,,,,,,,
62725,,,,,,,,,,,,,,,,,,,,,
62726,,,,,,,,,,,,,,,,,,,,,
62728,,,,,,,,,,,,,,,,,,,,,
62730,,,,,,,,,,,,,,,,,,,,,
62779,,,,,,,,,,,,,,,,,,,,,
62780,,,,,,,,,,,,,,,,,,,,,
62782,,,,,,,,,,,,,,,,,,,,,
62801,,,,,,,,,,,,,,,,,,,,,
62802,,,,,,,,,,,,,,,,,,,,,
62803,,,,,,,,,,,,,,,,,,,,,
63101,71,71,0,71,0,,,71,0,71,0,71,0,71,0,71,0,71,0,71,0
63102,138,138,0,138,0,,,138,0,138,0,138,0,138,0,138,0,138,0,138,0
63401,5.5,5.5,0,5.5,0,5.5,0,5.5,0,5.5,0,5.5,0,5.5,0,5.5,0,4.9,0.122,4.9,0.122
63402,5.5,5.5,0,5.5,0,5.5,0,5.5,0,5.5,0,5.5,0,5.5,0,5.5,0,4.9,0.122,4.9,0.122
63403,5.5,5.5,0,5.5,0,5.5,0,5.5,0,5.5,0,5.5,0,5.5,0,5.5,0,4.9,0.122,4.9,0.122
63404,5.5,5.5,0,5.5,0,5.5,0,5.5,0,5.5,0,5.5,0,5.5,0,5.5,0,4.9,0.122,4.9,0.122
63789,76,76,0,76,0,76,0,76,0,76,0,76,0,76,0,76,0,62.9,0.208,76,0
63975,,,,,,,,,,,,,,,,,,,,,
64003,38.9,38.9,0,38.9,0,38.9,0,38.9,0,38.9,0,38.9,0,38.9,0,38.9,0,,,,
64017,82.5,82.5,0,82.5,0,82.5,0,82.5,0,82.5,0,82.5,0,82.5,0,82.5,0,82.5,0,82.5,0
64084,,,,,,,,,,,,,,,,,,,,,
64190,3.5,3.5,0,3.5,0,3.5,0,3.5,0,3.5,0,,,3.5,0,3.5,0,,,,
64262,8.8,8.8,0,8.8,0,8.8,0,8.8,0,8.8,0,8.8,0,8.8,0,8.8,0,8.8,0,8.8,0
64289,59.9,59.9,0,74.5,-0.196,74.5,-0.196,74.5,-0.196,74.5,-0.196,74.5,-0.196,74.5,-0.196,73.9,-0.189,73.9,-0.189,59.9,0
64291,26,26,0,26,0,26,0,26,0,26,0,26,0,26,0,26,0,,,23.5,0.106
64292,14.9,14.9,0,14.9,0,,,14.9,0,14.9,0,14.9,0,14.9,0,,,14.9,0,14.9,0
64297,36.9,36.9,0,45,-0.18,45,-0.18,35.9,0.0279,35.9,0.0279,45,-0.18,45,-0.18,36.9,0,36.9,0,34.9,0.0573
64378,,,,,,,,,,,,,,,,,,,,,
64394,,,,,,,,,,,,,,,,,,,,,
64408,,,,,,,,,,,,,,,,,,,,,
64416,34,34,0,34,0,34,0,34,0,34,0,34,0,34,0,,,34,0,34,0
64424,37,37,0,37,0,37,0,37,0,37,0,37,0,37,0,37,0,37,0,37,0
64440,,,,,,,,,,,,,,,,,,,,,
64459,,,,,,,,,,,,,,,,,,,,,
64710,30,30,0,30,0,30,0,30,0,30,0,30,0,,,23,0.304,23,0.304,,
64715,,,,,,,,,,,,,,,,,,,,,
64769,,,,,,,,,,,,,,,,,,,,,
64770,53.5,53.5,0,53.5,0,53.5,0,53.5,0,,,,,48.5,0.103,48.5,0.103,48.5,0.103,,
64771,73.9,73.9,0,73.9,0,73.9,0,73.9,0,73.9,0,73.9,0,73.9,0,73.9,0,,,,
64866,20,20,0,20,0,20,0,20,0,20,0,,,,,19.9,0.00503,19.9,0.00503,19.9,0.00503
64874,,,,,,,,,,,,,,,,,,,,,
64882,,,,,,,,,,,,,,,,,,,,,
65005,,,,,,,,,,,,,,,,,,,,,
65108,,,,,,,,,,,,,,,,,,,,,
65149,,,,,,,,,,,,,,,,,,,,,
65293,12.9,12.9,0,15.5,-0.168,15.5,-0.168,15.5,-0.168,15.5,-0.168,15.5,-0.168,15.5,-0.168,15.5,-0.168,12.9,0,15.5,-0.168
65390,,,,,,,,,,,,,,,,,,,,,
65410,,,,,,,,,,,,,,,,,,,,,
65411,26.5,26.5,0,26.5,0,26.5,0,26.5,0,26.5,0,26.5,0,22.5,0.178,26.5,0,22.5,0.178,26.5,0
65416,30,30,0,,,,,,,,,27,0.111,,,37,-0.189,,,,
65417,47.5,47.5,0,47.5,0,47.5,0,43.5,0.092,43.5,0.092,43.5,0.092,60,-0.208,60,-0.208,60,-0.208,,
66508,,,,,,,,,,,,,,,,,,,,,
66818,32.5,32.5,0,32.5,0,32.5,0,29.5,0.102,29.5,0.102,,,,,49.5,-0.343,49.5,-0.343,39.9,-0.185
67047,41.9,41.9,0,41.9,0,41.9,0,41.9,0,41.9,0,41.9,0,41.9,0,44.9,-0.0668,62.5,-0.33,62.5,-0.33
67096,16,16,0,16,0,16,0,16,0,16,0,16,0,16,0,16,0,16,0,16,0
67097,16,16,0,16,0,16,0,16,0,16,0,16,0,16,0,16,0,16,0,16,0
67117,28,28,0,28,0,28,0,28,0,28,0,28,0,28,0,38,-0.263,38,-0.263,38,-0.263
67130,,,,,,,,,,,,,,,,,,,,,
67520,,,,,,,,,,,,,,,,,,,,,
67580,14,14,0,14,0,14,0,14,0,14,0,14.5,-0.0345,14.5,-0.0345,21,-0.333,21,-0.333,21,-0.333
67679,14,14,0,14,0,14,0,14,0,14,0,14.5,-0.0345,14.5,-0.0345,21,-0.333,21,-0.333,21,-0.333
67681,5.5,5.5,0,5.5,0,5.5,0,5.5,0,5.5,0,5.9,-0.0678,5.9,-0.0678,5.5,0,7.5,-0.267,7.5,-0.267
67683,18.9,18.9,0,22.5,-0.16,22.5,-0.16,22.5,-0.16,22.5,-0.16,,,23.5,-0.196,22.5,-0.16,27.5,-0.313,27.5,-0.313
67684,,,,,,,,,,,,,,,,,,,,,
67685,,,,,,,,,,,,,,,,,,,,,
67781,31.9,31.9,0,31.9,0,31.9,0,29.5,0.0814,29.5,0.0814,36,-0.114,36,-0.114,36,-0.114,36,-0.114,38.9,-0.18
67791,,,,,,,,,,,,,,,,,,,,,
67980,33.5,33.5,0,33.5,0,,,33.5,0,33.5,0,33.5,0,33.5,0,33.5,0,32.5,0.0308,31.5,0.0635
67992,,,,,,,,,,,,,,,,,,,,,
68110,13,13,0,13,0,13,0,13,0,13,0,13,0,13,0,15,-0.133,15,-0.133,15,-0.133
68438,30,30,0,30,0,30,0,30,0,35,-0.143,29,0.0345,29,0.0345,29,0.0345,29,0.0345,29,0.0345
68718,12.5,12.5,0,12.5,0,,,12.5,0,12.5,0,12.5,0,12.5,0,12.5,0,12.5,0,12.5,0
68837,17.5,17.5,0,17.5,0,17.5,0,17.5,0,17.5,0,17.5,0,17.5,0,17.5,0,14.5,0.207,17.5,0
68845,35,35,0,35,0,35,0,27.9,0.254,27.9,0.254,,,35,0,39.9,-0.123,39.9,-0.123,46.8,-0.252
68926,24,24,0,24,0,24,0,24,0,24,0,24,0,24,0,24,0,24,0,,
68934,13.5,13.5,0,13.5,0,13.5,0,13.5,0,,,,,11.8,0.144,10.9,0.239,14.5,-0.069,15.4,-0.123
68977,11.5,11.5,0,13.5,-0.148,13.5,-0.148,13.5,-0.148,13.5,-0.148,11.8,-0.0254,,,10.9,0.055,10.9,0.055,15,-0.233
69000,13.5,13.5,0,13.5,0,13.5,0,13.5,0,13.5,0,11.8,0.144,11.8,0.144,10.9,0.239,,,,
69001,,,,,,,,,,,,,,,,,,,,,
69003,,,,,,,,,,,,,,,,,,,,,
69004,,,,,,,,,,,,,,,,,,,,,
69027,13.5,13.5,0,13.5,0,,,,,,,11.8,0.144,11.8,0.144,,,11.5,0.174,15.4,-0.123
69051,13.5,13.5,0,13.5,0,13.5,0,13.5,0,13.5,0,11.8,0.144,11.8,0.144,10.9,0.239,,,,
69094,13.5,13.5,0,13.5,0,13.5,0,13.5,0,13.5,0,11.8,0.144,11.8,0.144,10.9,0.239,13.9,-0.0288,15.4,-0.123
69124,13.5,13.5,0,13.5,0,13.5,0,13.5,0,13.5,0,11.8,0.144,11.8,0.144,10.9,0.239,13.9,-0.0288,15.4,-0.123
69140,,,,,,,,,,,,,,,,,,,,,
69159,,,,,,,,,,,,,,,,,,,,,
69167,,,,,,,,,,,,,,,,,,,,,
69175,,,,,,,,,,,,,,,,,,,,,
69230,29.5,29.5,0,29.5,0,29.5,0,29.5,0,29.5,0,25.5,0.157,25.5,0.157,,,,,,
69248,27.5,27.5,0,27.5,0,27.5,0,27.5,0,27.5,0,23,0.196,,,26.5,0.0377,26.5,0.0377,26.5,0.0377
69256,28,28,0,28,0,28,0,28,0,28,0,,,,,28.9,-0.0311,28.9,-0.0311,31.5,-0.111
69523,,,,,,,,,,,,,,,,,,,,,
69548,18.5,18.5,0,18.5,0,18.5,0,18.5,0,18.5,0,18.5,0,,,18.5,0,18,0.0278,18,0.0278
69719,23,23,0,23,0,23,0,23,0,23,0,23,0,23,0,23,0,29.5,-0.22,29.5,-0.22
69730,,,,,,,,,,,,,,,,,,,,,
69850,24,24,0,24,0,24,0,24,0,24,0,25,-0.04,24,0,25,-0.04,32,-0.25,34,-0.294
69868,42,42,0,42,0,42,0,42,0,42,0,42,0,43,-0.0233,56,-0.25,56,-0.25,60,-0.3
69876,42,42,0,42,0,42,0,42,0,42,0,42,0,46,-0.087,56,-0.25,56,-0.25,60,-0.3
69877,58.5,58.5,0,58.5,0,58.5,0,58.5,0,58.5,0,58.5,0,58.5,0,58.5,0,58.5,0,58.5,0
69884,53,53,0,53,0,53,0,53,0,53,0,53,0,58,-0.0862,57,-0.0702,71,-0.254,74,-0.284
69892,75,75,0,75,0,75,0,75,0,75,0,75,0,75,0,82,-0.0854,99,-0.242,106,-0.292
69906,24,24,0,24,0,24,0,24,0,24,0,25,-0.04,25,-0.04,25,-0.04,32,-0.25,34,-0.294
69914,41,41,0,41,0,41,0,41,0,41,0,38,0.0789,38,0.0789,44,-0.0682,55,-0.255,58,-0.293
71064,84,84,0,84,0,84,0,84,0,84,0,,,,,,,,,109,-0.229
71072,,,,,,,,,,,,,,,,,,,,,
71129,84,84,0,84,0,84,0,84,0,84,0,,,,,,,,,109,-0.229
71161,,,,,,,,,,,,,,,,,,,,,
71170,89.9,89.9,0,89.9,0,89.9,0,89.9,0,89.9,0,88,0.0216,89.9,0,99.9,-0.1,99.9,-0.1,115,-0.218
71173,39.5,39.5,0,39.5,0,39.5,0,39.5,0,39.5,0,39.5,0,39.5,0,39.5,0,39.5,0,37.5,0.0533
71174,,,,,,,,,,,,,,,,,,,,,
71612,,,,,,,,,,,,,,,,,,,,,
71650,42,42,0,42,0,42,0,42,0,42,0,38.2,0.0995,38.2,0.0995,47.5,-0.116,47.5,-0.116,47.7,-0.119
71714,42,42,0,42,0,42,0,42,0,42,0,38.2,0.0995,38.2,0.0995,38.2,0.0995,47.7,-0.119,47.7,-0.119
72150,193,193,0,193,0,,,193,0,193,0,193,0,193,0,193,0,193,0,173,0.116
72160,20,20,0,20,0,,,20,0,20,0,20,0,20,0,20,0,20,0,20,0
72166,69.5,69.5,0,69.5,0,69.5,0,69.5,0,69.5,0,,,69.5,0,69.5,0,69.5,0,69.5,0
72169,34.5,34.5,0,34.5,0,34.5,0,34.5,0,34.5,0,34.5,0,34.5,0,34.5,0,34.5,0,25,0.38
72171,29.5,29.5,0,29.5,0,29.5,0,29.5,0,29.5,0,29.5,0,29.5,0,29.5,0,29.5,0,29.5,0
72172,,,,,,,,,,,,,,,,,,,,,
72173,30,30,0,30,0,30,0,30,0,30,0,30,0,30,0,30,0,30,0,30,0
72184,193,193,0,193,0,,,193,0,193,0,193,0,193,0,185,0.0432,185,0.0432,173,0.116
72214,193,193,0,193,0,,,193,0,193,0,193,0,193,0,193,0,193,0,173,0.116
72230,225,225,0,225,0,,,225,0,225,0,225,0,225,0,205,0.0976,205,0.0976,205,0.0976
72320,,,,,,,,,,,,,,,,,,,,,
73326,66,66,0,66,0,66,0,66,0,66,0,60,0.1,60,0.1,60,0.1,75,-0.12,82.1,-0.196
73458,24,24,0,24,0,24,0,24,0,24,0,21.9,0.0959,21.9,0.0959,21.9,0.0959,27.3,-0.121,27.4,-0.124
73466,38,38,0,38,0,38,0,38,0,38,0,34.8,0.092,34.8,0.092,34.8,0.092,43.5,-0.126,49.5,-0.232
73490,51,51,0,51,0,51,0,51,0,51,0,46.5,0.0968,46.5,0.0968,46.5,0.0968,58,-0.121,46,0.109
73512,22,22,0,22,0,22,0,22,0,22,0,20.2,0.0891,20.2,0.0891,20.2,0.0891,25.3,-0.13,25.3,-0.13
73687,,,,,,,,,,,,,,,,,,,,,
74454,81,81,0,81,0,81,0,81,0,81,0,81,0,,,81,0,81,0,81,0
74730,,,,,,,,,,,,,,,,,,,,,
74941,7,7,0,7,0,7,0,7,0,7,0,7,0,7,0,7,0,7,0,7,0
75191,10,10,0,10,0,,,10,0,10,0,10,0,10,0,10,0,10,0,10,0
75825,549,549,0,599,-0.0835,,,599,-0.0835,599,-0.0835,599,-0.0835,599,-0.0835,549,0,639,-0.141,675,-0.187
77178,12,12,0,12,0,12,0,12,0,,,,,12,0,12,0,10.9,0.101,13.5,-0.111
79570,,,,,,,,,,,,,,,,,,,,,
80349,,,,,,,,,,,,,,,,,,,,,
80861,,,,,,,,,,,,,,,,,,,,,
80870,,,,,,,,,,,,,,,,,,,,,
81107,,,,,,,,,,,,,,,,,,,,,
81183,,,,,,,,,,,,,,,,,,,,,
81221,,,,,,,,,,,,,,,,,,,,,
81248,,,,,,,,,,,,,,,,,,,,,
82414,12.7,12.7,0,12.7,0,12.7,0,12.7,0,12.7,0,12.7,0,12.7,0,15,-0.153,15,-0.153,15,-0.153
82422,18,18,0,18,0,18,0,18,0,18,0,18,0,,,18,0,14.5,0.241,18,0
82430,91.9,91.9,0,91.9,0,91.9,0,91.9,0,91.9,0,91.9,0,,,92.5,-0.00649,92.5,-0.00649,92.5,-0.00649
82570,41.9,41.9,0,41.9,0,41.9,0,41.9,0,,,,,,,,,,,,
82627,38.9,38.9,0,38.9,0,38.9,0,38.9,0,,,,,38.9,0,38.9,0,38.9,0,,
82643,54.9,54.9,0,54.9,0,54.9,0,54.9,0,54.9,0,54.9,0,54.9,0,54.9,0,54.9,0,,
83992,169,169,0,169,0,,,169,0,,,169,0,169,0,193,-0.124,169,0,,
84000,,,,,,,,,,,,,,,,,,,,,
84025,,,,,,,,,,,,,,,,,,,,,
84026,,,,,,,,,,,,,,,,,,,,,
84042,,,,,,,,,,,,,,,,,,,,,
85001,40.9,40.9,0,40.9,0,40.9,0,40.9,0,40.9,0,40.9,0,40.9,0,46,-0.111,46,-0.111,46,-0.111
85002,76.5,76.5,0,76.5,0,76.5,0,76.5,0,76.5,0,76.5,0,76.5,0,87,-0.121,87,-0.121,87,-0.121
85003,76.5,76.5,0,76.5,0,76.5,0,76.5,0,76.5,0,76.5,0,76.5,0,87,-0.121,87,-0.121,87,-0.121
85004,44.5,44.5,0,44.5,0,44.5,0,44.5,0,44.5,0,44.5,0,44.5,0,49.9,-0.108,49.9,-0.108,49.9,-0.108
85005,83,83,0,83,0,83,0,83,0,83,0,83,0,83,0,94.5,-0.122,94.5,-0.122,94.5,-0.122
85006,44.5,44.5,0,44.5,0,44.5,0,44.5,0,44.5,0,44.5,0,44.5,0,49.9,-0.108,49.9,-0.108,49.9,-0.108
85007,83,83,0,83,0,83,0,83,0,83,0,83,0,83,0,94.5,-0.122,94.5,-0.122,94.5,-0.122
85092,177,177,0,177,0,177,0,177,0,177,0,,,177,0,205,-0.137,205,-0.137,,
85093,193,193,0,193,0,193,0,193,0,193,0,193,0,193,0,225,-0.142,225,-0.142,225,-0.142
85094,177,177,0,177,0,177,0,177,0,177,0,177,0,177,0,205,-0.137,205,-0.137,205,-0.137
85124,,,,,,,,,,,,,,,,,,,,,
86126,125,125,0,125,0,,,125,0,125,0,125,0,125,0,158,-0.209,158,-0.209,120,0.0425
86134,125,125,0,125,0,,,125,0,125,0,125,0,125,0,158,-0.209,158,-0.209,158,-0.209
86667,6.3,6.3,0,6.3,0,6.3,0,6.3,0,6.3,0,6.3,0,6.3,0,6.3,0,4.9,0.286,6.3,0
87177,,,,,,,,,,,,,,,,,,,,,
87180,,,,,,,,,,,,,,,,,,,,,
87887,125,125,0,125,0,,,125,0,125,0,125,0,125,0,125,0,110,0.137,125,0
88536,,,,,,,,,,,,,,,,,,,,,
89717,,,,,,,,,,,,,,,,,,,,,
89966,155,155,0,155,0,,,117,0.325,117,0.325,117,0.325,117,0.325,117,0.325,150,0.034,178,-0.129
90018,95.9,95.9,0,95.9,0,,,95.9,0,95.9,0,95.9,0,79.9,0.2,93.5,0.0257,,,84,0.142
90115,48.5,48.5,0,48.5,0,,,43.5,0.115,43.5,0.115,48.5,0,48.5,0,48.5,0,43.9,0.105,48.5,0
90123,6.7,6.7,0,6.7,0,6.7,0,6.7,0,6.7,0,,,,,,,,,6.7,0
90131,11,11,0,11,0,11,0,11,0,11,0,11,0,,,11,0,11,0,11,0
90140,12.5,12.5,0,12.5,0,12.5,0,12.5,0,12.5,0,12.5,0,12.5,0,12.5,0,12.5,0,12.5,0
90158,4.5,4.5,0,4.5,0,4.5,0,4.5,0,4.5,0,4.5,0,,,4.5,0,4.5,0,4.5,0
90166,4.2,4.2,0,4.2,0,4.2,0,4.2,0,4.2,0,4.2,0,,,4.2,0,4.2,0,4.2,0
90174,5.5,5.5,0,5.5,0,5.5,0,5.5,0,5.5,0,5.5,0,,,5.5,0,5.5,0,5.5,0
90182,5.5,5.5,0,5.5,0,5.5,0,5.5,0,5.5,0,5.5,0,,,5.5,0,5.5,0,5.5,0
90239,9,9,0,9,0,9,0,9,0,9,0,9,0,,,9,0,9,0,9,0
90247,11,11,0,11,0,11,0,11,0,11,0,11,0,11,0,11,0,11,0,11,0
90255,,,,,,,,,,,,,,,,,,,,,
90263,8.5,8.5,0,8.5,0,8.5,0,8.5,0,8.5,0,8.5,0,8.5,0,8.5,0,8.5,0,8.5,0
90271,,,,,,,,,,,,,,,,,,,,,
90298,10.5,10.5,0,10.5,0,10.5,0,10.5,0,10.5,0,10.5,0,10.5,0,10.5,0,10.5,0,10.5,0
90301,,,,,,,,,,,,,,,,,,,,,
90310,12,12,0,12,0,12,0,12,0,12,0,12,0,12,0,,,12,0,12,0
90328,7.2,7.2,0,7.2,0,7.2,0,7.2,0,7.2,0,7.2,0,,,,,,,,
90387,15.5,15.5,0,15.5,0,15.5,0,15.5,0,15.5,0,15.5,0,15.5,0,15.5,0,15.5,0,15.5,0
90395,24.5,24.5,0,24.5,0,24.5,0,24.5,0,24.5,0,24.5,0,,,24.5,0,24.5,0,24.5,0
90425,,,,,,,,,,,,,,,,,,,,,
90433,15,15,0,15,0,15,0,15,0,15,0,15,0,,,15,0,15,0,,
90441,15,15,0,,,,,,,15,0,11.5,0.304,,,11.5,0.304,11.5,0.304,11.5,0.304
90450,,,,,,,,,,,,,,,,,,,,,
90492,14.5,14.5,0,14.5,0,14.5,0,14.5,0,14.5,0,14.5,0,,,14.5,0,14.5,0,14.5,0
90506,12,12,0,12,0,12,0,12,0,12,0,12,0,12,0,12,0,12,0,12,0
90530,33,33,0,33,0,33,0,33,0,33,0,33,0,33,0,33,0,33,0,33,0
90549,,,,,,,,,,,,,,,,,,,,,
90565,,,,,,,,,,,,,,,,,,,,,
90573,21,21,0,21,0,21,0,21,0,21,0,21,0,21,0,21,0,21,0,21,0
90590,21,21,0,21,0,21,0,21,0,21,0,21,0,21,0,21,0,21,0,21,0
90638,,,,,,,,,,,,,,,,,,,,,
91093,,,,,,,,,,,,,,,,,,,,,
91189,,,,,,,,,,,,,,,,,,,,,
93531,,,,,,,,,,,,,,,,,,,,,
93532,,,,,,,,,,,,,,,,,,,,,
93980,,,,,,,,,,,,,,,,,,,,,
94129,,,,,,,,,,,,,,,,,,,,,
94749,19.9,19.9,0,19.9,0,19.9,0,19.9,0,19.9,0,11.9,0.672,11.9,0.672,19.9,0,19.9,0,14.9,0.336
94757,15.5,15.5,0,15.5,0,15.5,0,15.5,0,14.9,0.0403,,,11.9,0.303,9.9,0.566,18.9,-0.18,,
95060,12,12,0,,,12,0,12,0,12,0,12,0,,,12,0,12,0,12,0
95079,,,,,,,,,,,,,,,,,,,,,
95087,9,9,0,9,0,9,0,9,0,9,0,9,0,,,9,0,9,0,9,0
95095,8.5,8.5,0,8.5,0,8.5,0,8.5,0,8.5,0,8.5,0,,,8.5,0,8.5,0,8.5,0
95109,9.5,9.5,0,,,,,,,9.5,0,9.5,0,,,9.5,0,9.5,0,9.5,0
95117,9.5,9.5,0,,,9.5,0,9.5,0,9.5,0,9.5,0,,,9.5,0,9.5,0,9.5,0
95133,27.5,27.5,0,27.5,0,27.5,0,27.5,0,27.5,0,27.5,0,27.5,0,27.5,0,27.5,0,27.5,0
95150,17.5,17.5,0,17.5,0,17.5,0,17.5,0,17.5,0,17.5,0,17.5,0,17.5,0,17.5,0,17.5,0
95486,,,,,,,,,,,,,,,,,,,,,
96024,6.5,6.5,0,6.5,0,6.5,0,6.5,0,6.5,0,6.5,0,6.5,0,6.5,0,5.9,0.102,6.7,-0.0299
96075,6.5,6.5,0,6.5,0,6.5,0,6.5,0,,,6.5,0,,,6.5,0,6.7,-0.0299,6.7,-0.0299
97079,29.5,29.5,0,26.9,0.0967,26.9,0.0967,26.9,0.0967,27.5,0.0727,27.9,0.0573,27.9,0.0573,28,0.0536,25.9,0.139,29.9,-0.0134
97160,,,,,,,,,,,,,,,,,,,,,
97177,,,,,,,,,,,,,,,,,,,,,
97215,44.9,44.9,0,54.9,-0.182,54.9,-0.182,44.9,0,44.9,0,54.9,-0.182,61.9,-0.275,61.9,-0.275,61.9,-0.275,49.9,-0.1
97267,40.9,40.9,0,49.9,-0.18,49.9,-0.18,40.9,0,40.9,0,49.9,-0.18,54.9,-0.255,59.9,-0.317,59.9,-0.317,49.9,-0.18
98719,,,,,,,,,,,,,,,,,,,,,
98720,30,30,0,30,0,30,0,30,0,,,,,,,,,,,29,0.0345
98723,,,,,,,,,,,,,,,,,,,,,
100004,,,,,,,,,,,,,,,,,,,,,
100005,,,,,,,,,,,,,,,,,,,,,
100037,11.5,11.5,0,11.5,0,11.5,0,11.5,0,11.5,0,11.5,0,11.5,0,11.5,0,,,10.5,0.0952
100038,15.9,15.9,0,,,,,,,,,,,,,15.9,0,15.9,0,17.5,-0.0914
100042,6.3,6.3,0,6.3,0,6.3,0,6.3,0,6.3,0,6.3,0,6.3,0,6.5,-0.0308,5.9,0.0678,7.2,-0.125
100043,6.5,6.5,0,6.5,0,6.5,0,6.5,0,6.5,0,6.5,0,6.3,0.0317,6.5,0,5.8,0.121,7.2,-0.0972
100044,69.9,69.9,0,81,-0.137,,,81,-0.137,81,-0.137,81,-0.137,81,-0.137,81,-0.137,81,-0.137,81,-0.137
100045,6.3,6.3,0,6.3,0,6.3,0,6.3,0,6.3,0,6.3,0,6.3,0,6.5,-0.0308,5.8,0.0862,7.2,-0.125
100047,,,,,,,,,,,,,,,,,,,,,
100049,18.5,18.5,0,22.5,-0.178,22.5,-0.178,22.5,-0.178,22.5,-0.178,22.5,-0.178,22.5,-0.178,22.5,-0.178,22.5,-0.178,18,0.0278
100050,,,,,,,,,,,,,,,,,,,,,
100055,,,,,,,,,,,,,,,,,,,,,
100056,44.6,44.6,0,44.6,0,44.6,0,44.6,0,44.6,0,44.6,0,44.6,0,53.5,-0.166,53.5,-0.166,53.5,-0.166
100057,54.6,54.6,0,54.6,0,54.6,0,54.6,0,54.6,0,54.6,0,54.6,0,54.8,-0.00365,54.8,-0.00365,54.8,-0.00365
100058,,,,,,,,,,,,,,,,,,,,,
100059,45.9,45.9,0,45.9,0,45.9,0,45.9,0,45.9,0,45.9,0,45.9,0,45.9,0,45.9,0,45.9,0
100069,138,138,0,138,0,,,138,0,138,0,138,0,138,0,138,0,119,0.155,138,0
100071,55.5,55.5,0,55.5,0,,,55.5,0,55.5,0,55.5,0,55.5,0,55.5,0,55.5,0,55.5,0
100074,,,,,,,,,,,,,,,,,,,,,
100081,40.5,40.5,0,40.5,0,40.5,0,40.5,0,40.5,0,40.5,0,40.5,0,40.5,0,26.9,0.506,26.9,0.506
100082,40.5,40.5,0,40.5,0,40.5,0,40.5,0,40.5,0,40.5,0,40.5,0,40.5,0,26.9,0.506,26.9,0.506
100083,40.5,40.5,0,40.5,0,40.5,0,40.5,0,40.5,0,40.5,0,40.5,0,40.5,0,26.9,0.506,26.9,0.506
100084,42,42,0,42,0,,,42,0,42,0,42,0,42,0,42,0,42,0,42,0
100085,42,42,0,42,0,,,42,0,42,0,42,0,42,0,42,0,42,0,42,0
100091,,,,,,,,,,,,,,,,,,,,,
100096,45.9,45.9,0,45.9,0,45.9,0,41,0.12,41,0.12,45.9,0,45.9,0,47.5,-0.0337,64,-0.283,62.5,-0.266
100097,,,,,,,,,,,,,,,,,,,,,
100098,47.9,47.9,0,47.9,0,47.9,0,45.9,0.0436,45.9,0.0436,45.9,0.0436,45.9,0.0436,47.5,0.00842,64,-0.252,62.5,-0.234
100099,21.9,21.9,0,21.9,0,21.9,0,20.9,0.0478,20.9,0.0478,20.9,0.0478,20.9,0.0478,20.9,0.0478,23.8,-0.0798,26.3,-0.167
100109,10,10,0,10,0,10,0,10,0,,,,,,,,,10,0,10,0
100145,,,,,,,,,,,,,,,,,,,,,
100148,,,,,,,,,,,,,,,,,,,,,
100149,47.9,47.9,0,47.9,0,47.9,0,45.9,0.0436,45.9,0.0436,45.9,0.0436,45.9,0.0436,47.5,0.00842,54.4,-0.119,62.5,-0.234
100153,,,,,,,,,,,,,,,,,,,,,
100182,68,68,0,,,68,0,68,0,68,0,,,,,79,-0.139,101,-0.327,98.7,-0.311
100189,41,41,0,47.9,-0.144,47.9,-0.144,45.9,-0.107,45.9,-0.107,45.9,-0.107,45.9,-0.107,47.5,-0.137,54.4,-0.246,62.5,-0.344
100191,,,,,,,,,,,,,,,,,,,,,
100197,,,,,,,,,,,,,,,,,,,,,
100206,,,,,,,,,,,,,,,,,,,,,
100207,,,,,,,,,,,,,,,,,,,,,
100208,118,118,0,118,0,118,0,118,0,118,0,118,0,118,0,118,0,118,0,,
100209,120,120,0,120,0,120,0,120,0,120,0,120,0,120,0,120,0,120,0,,
100211,115,115,0,,,,,,,,,,,,,115,0,104,0.111,,
100212,115,115,0,115,0,115,0,115,0,,,,,,,115,0,104,0.106,,
100219,6.9,6.9,0,6.9,0,6.9,0,6.9,0,6.9,0,6.9,0,6.9,0,6.9,0,,,,
100244,63.9,63.9,0,63.9,0,63.9,0,63.9,0,63.9,0,63.9,0,63.9,0,55,0.162,55,0.162,42.9,0.49
100263,6.9,6.9,0,6.9,0,6.9,0,6.9,0,6.9,0,6.9,0,6.9,0,6.9,0,,,,
100264,6.9,6.9,0,6.9,0,6.9,0,6.9,0,6.9,0,6.9,0,6.9,0,6.9,0,,,,
100265,47,47,0,47,0,47,0,47,0,47,0,47,0,47,0,47,0,47,0,47,0
100267,50.5,50.5,0,50.5,0,50.5,0,50.5,0,50.5,0,54,-0.0648,54,-0.0648,58.5,-0.137,58.5,-0.137,58.5,-0.137
100271,,,,,,,,,,,,,,,,,,,,,
100276,105,105,0,105,0,105,0,105,0,105,0,105,0,,,105,0,105,0,105,0
100278,,,,,,,,,,,,,,,,,,,,,
100279,,,,,,,,,,,,,,,,,,,,,
100294,,,,,,,,,,,,,,,,,,,,,
100297,32.5,32.5,0,32.5,0,32.5,0,32.5,0,32.5,0,32.5,0,32.5,0,,,,,,
100299,32.5,32.5,0,32.5,0,32.5,0,32.5,0,32.5,0,32.5,0,32.5,0,,,,,,
100316,,,,,,,,,,,,,,,,,,,,,
100323,12,12,0,12,0,12,0,12,0,12,0,,,,,,,,,,
100324,,,,,,,,,,,,,,,,,,,,,
100350,19.8,19.8,0,19.8,0,19.8,0,19.8,0,19.8,0,19.8,0,19.8,0,21,-0.0571,21,-0.0571,21,-0.0571
100356,77.9,77.9,0,77.9,0,77.9,0,77.9,0,77.9,0,77.9,0,77.9,0,77.9,0,,,,
100357,,,,,,,,,,,,,,,,,,,,,
100360,,,,,,,,,,,,,,,,,,,,,
100361,175,175,0,175,0,175,0,175,0,169,0.0349,169,0.0349,169,0.0349,169,0.0349,,,125,0.4
100379,,,,,,,,,,,,,,,,,,,,,
100384,6,6,0,6,0,6,0,6,0,6,0,,,,,,,6,0,6,0
100385,,,,,,,,,,,,,,,,,,,,,
100390,,,,,,,,,,,,,,,,,,,,,
100393,,,,,,,,,,,,,,,,,,,,,
100396,,,,,,,,,,,,,,,,,,,,,
100424,11.9,11.9,0,11.9,0,11.9,0,11.9,0,11.9,0,11.9,0,,,11.9,0,11.9,0,11.9,0
100426,11.9,11.9,0,11.9,0,11.9,0,,,11.9,0,11.9,0,11.9,0,,,11.9,0,11.9,0
100427,11.9,11.9,0,11.9,0,11.9,0,11.9,0,11.9,0,11.9,0,,,11.9,0,11.9,0,11.9,0
100428,11.9,11.9,0,11.9,0,11.9,0,11.9,0,11.9,0,11.9,0,11.9,0,11.9,0,11.9,0,11.9,0
100469,39.5,39.5,0,39.5,0,39.5,0,39.5,0,39.5,0,39.5,0,,,,,,,,
100480,,,,,,,,,,,,,,,,,,,,,
100496,215,215,0,215,0,215,0,215,0,215,0,215,0,215,0,215,0,215,0,215,0
100506,9.9,9.9,0,9.9,0,9.9,0,9.9,0,9.9,0,9.9,0,9.9,0,9.9,0,9.9,0,10.9,-0.0917
100514,,,,,,,,,,,,,,,,,,,,,
100525,11.9,11.9,0,11.9,0,11.9,0,11.9,0,11.9,0,11.9,0,11.9,0,11.9,0,11.9,0,11.2,0.0625
100534,15,15,0,15,0,15,0,15,0,15,0,15,0,15,0,15,0,15,0,14,0.0714
100567,14.5,14.5,0,14.5,0,14.5,0,14.5,0,14.5,0,14.5,0,14.5,0,14.5,0,14.5,0,14.5,0
100576,77,77,0,77,0,,,77,0,77,0,77,0,123,-0.374,123,-0.374,123,-0.374,123,-0.374
100577,77,77,0,77,0,,,77,0,77,0,77,0,123,-0.374,123,-0.374,123,-0.374,123,-0.374
100586,59.5,59.5,0,59.5,0,,,59.5,0,59.5,0,,,,,,,59.5,0,55,0.0818
100589,55,55,0,55,0,,,55,0,55,0,,,,,,,55,0,,
100590,,,,,,,,,,,,,,,,,,,,,
100593,23,23,0,23,0,23,0,23,0,23,0,,,,,23,0,23,0,,
100594,20.5,20.5,0,20.5,0,20.5,0,20.5,0,20.5,0,20.5,0,20.5,0,20.5,0,20.5,0,20.5,0
100595,,,,,,,,,,,,,,,,,,,,,
100596,26.5,26.5,0,26.5,0,26.5,0,26.5,0,26.5,0,,,26.5,0,26.5,0,26.5,0,26.5,0
100600,54,54,0,54,0,54,0,54,0,,,,,,,,,,,,
100602,12.5,12.5,0,12.5,0,18,-0.306,18,-0.306,18,-0.306,18,-0.306,18,-0.306,14.5,-0.138,13.9,-0.101,14.9,-0.161
100603,6.9,6.9,0,6.9,0,6.9,0,6.9,0,6.9,0,6.9,0,6.9,0,6.9,0,,,,
100606,6.9,6.9,0,6.9,0,6.9,0,6.9,0,6.9,0,6.9,0,6.9,0,6.9,0,,,,
100607,6.9,6.9,0,6.9,0,6.9,0,6.9,0,6.9,0,,,6.9,0,6.9,0,,,,
100615,23.1,23.1,0,23.1,0,23.1,0,23.1,0,23.1,0,23.1,0,23.1,0,23.1,0,23.1,0,23.1,0
100616,,,,,,,,,,,,,,,,,,,,,
100620,,,,,,,,,,,,,,,,,,,,,
100622,,,,,,,,,,,,,,,,,,,,,
100623,,,,,,,,,,,,,,,,,,,,,
100624,,,,,,,,,,,,,,,,,,,,,
100625,16.5,16.5,0,16.5,0,16.5,0,16.5,0,13,0.269,13,0.269,13,0.269,15.5,0.0645,15.5,0.0645,15.5,0.0645
100628,6.9,6.9,0,6.9,0,6.9,0,6.9,0,6.9,0,6.9,0,6.9,0,6.9,0,,,,
100629,6.9,6.9,0,6.9,0,6.9,0,6.9,0,6.9,0,6.9,0,6.9,0,6.9,0,,,,
100630,5.5,5.5,0,5.5,0,5.5,0,5.5,0,5.5,0,,,5.9,-0.0678,5.5,0,7.5,-0.267,7.5,-0.267
100631,15.3,15.3,0,15.3,0,15.3,0,15.3,0,15.3,0,15.3,0,15.3,0,15.3,0,22.5,-0.32,22.5,-0.32
100638,20,20,0,20,0,20,0,20,0,20,0,22.5,-0.111,22.5,-0.111,27.5,-0.273,27.5,-0.273,27.5,-0.273
100642,20,20,0,20,0,20,0,20,0,20,0,22.5,-0.111,22.5,-0.111,25.5,-0.216,25.5,-0.216,27.5,-0.273
100643,,,,,,,,,,,,,,,,,,,,,
100644,320,320,0,320,0,,,320,0,320,0,320,0,320,0,320,0,320,0,320,0
100646,28,28,0,28,0,28,0,28,0,28,0,30.5,-0.082,30.5,-0.082,39.5,-0.291,39.5,-0.291,39.5,-0.291
100647,68,68,0,68,0,68,0,68,0,68,0,68,0,68,0,78.5,-0.134,78.5,-0.134,78.5,-0.134
100648,68,68,0,68,0,68,0,68,0,68,0,68,0,,,78.5,-0.134,78.5,-0.134,78.5,-0.134
100654,,,,,,,,,,,,,,,,,,,,,
100672,5.8,5.8,0,5.8,0,5.8,0,5.8,0,5.8,0,5.8,0,5.8,0,5.8,0,5.8,0,5.8,0
100675,69,69,0,69,0,69,0,69,0,69,0,69,0,69,0,78.5,-0.121,78.5,-0.121,78.5,-0.121
100678,,,,,,,,,,,,,,,,,,,,,
100693,24.5,24.5,0,24.5,0,24.5,0,,,,,,,,,18.9,0.296,32.5,-0.246,32.5,-0.246
100723,48,48,0,46,0.0435,46,0.0435,46,0.0435,49,-0.0204,49,-0.0204,49,-0.0204,51,-0.0588,51,-0.0588,51,-0.0588
100732,92,92,0,,,,,,,,,,,,,68,0.353,68,0.353,68,0.353
100734,,,,,,,,,,,,,,,,,,,,,
100758,12.4,12.4,0,12.4,0,11,0.127,11,0.127,11,0.127,9.9,0.253,11,0.127,11,0.127,11.5,0.0783,11.5,0.0783
100761,12.4,12.4,0,12.4,0,11,0.127,11,0.127,11,0.127,11,0.127,11,0.127,11,0.127,11.5,0.0783,11.5,0.0783
100763,,,,,,,,,,,,,,,,,,,,,
100764,,,,,,,,,,,,,,,,,,,,,
100765,,,,,,,,,,,,,,,,,,,,,
100766,,,,,,,,,,,,,,,,,,,,,
100768,,,,,,,,,,,,,,,,,,,,,
100789,,,,,,,,,,,,,,,,,,,,,
100807,,,,,,,,,,,,,,,,,,,,,
100812,,,,,,,,,,,,,,,,,,,,,
100813,,,,,,,,,,,,,,,,,,,,,
100815,,,,,,,,,,,,,,,,,,,,,
100818,33.5,33.5,0,33.5,0,33.5,0,33.5,0,33.5,0,33.5,0,33.5,0,33.5,0,33.5,0,33.5,0
100819,12.5,12.5,0,12.5,0,12.5,0,12.5,0,12.5,0,12.5,0,12.5,0,12.5,0,12.5,0,12.5,0
100820,8,8,0,8,0,8,0,8,0,8,0,8,0,8,0,8,0,8,0,8,0
100821,8,8,0,8,0,8,0,8,0,8,0,8,0,8,0,8,0,8,0,8,0
100822,8,8,0,8,0,8,0,8,0,8,0,8,0,8,0,8,0,8,0,8,0
100823,8,8,0,8,0,8,0,8,0,8,0,8,0,8,0,8,0,8,0,8,0
100835,26.5,26.5,0,26.5,0,26.5,0,26.5,0,26.5,0,26.5,0,,,26.5,0,26.5,0,22.4,0.183
100836,20.7,20.7,0,20.7,0,20.7,0,20.7,0,20.7,0,20.7,0,20.7,0,20.7,0,20.7,0,20.7,0
100849,,,,,,,,,,,,,,,,,,,,,
100873,,,,,,,,,,,,,,,,,,,,,
100926,17.5,17.5,0,17.5,0,17.5,0,17.5,0,17.5,0,17.5,0,,,,,,,17.5,0
100928,,,,,,,,,,,,,,,,,,,,,
100930,17.5,17.5,0,17.5,0,17.5,0,17.5,0,17.5,0,17.5,0,,,,,,,,
100944,15,15,0,15,0,15,0,,,,,,,,,14.5,0.0345,13.5,0.111,13.5,0.111
100965,19.5,19.5,0,19.5,0,19.5,0,19.5,0,19.5,0,19.5,0,,,,,,,,
100966,,,,,,,,,,,,,,,,,,,,,
100969,,,,,,,,,,,,,,,,,,,,,
100971,,,,,,,,,,,,,,,,,,,,,
100975,,,,,,,,,,,,,,,,,,,,,
100977,240,240,0,240,0,,,240,0,240,0,240,0,240,0,240,0,240,0,240,0
100979,112,112,0,112,0,,,112,0,112,0,112,0,112,0,112,0,112,0,112,0
100980,112,112,0,112,0,,,112,0,112,0,112,0,112,0,112,0,112,0,112,0
100982,,,,,,,,,,,,,,,,,,,,,
100987,29.5,29.5,0,29.5,0,29.5,0,29.5,0,29.5,0,29.5,0,29.5,0,29.5,0,29.5,0,29.5,0
100988,29.5,29.5,0,29.5,0,29.5,0,29.5,0,29.5,0,29.5,0,29.5,0,29.5,0,29.5,0,29.5,0
100992,29.5,29.5,0,29.5,0,29.5,0,29.5,0,29.5,0,29.5,0,29.5,0,29.5,0,29.5,0,29.5,0
100997,,,,,,,,,,,,,,,,,,,,,
101006,44.9,44.9,0,44.9,0,44.9,0,44.9,0,44.9,0,44.9,0,44.9,0,39.9,0.125,,,44.9,0
101011,,,,,,,,,,,,,,,,,,,,,
101028,5.5,5.5,0,5.5,0,5.5,0,5.5,0,5.5,0,,,5.5,0,5.5,0,5.5,0,5.5,0
101029,10.5,10.5,0,10.5,0,10.5,0,10.5,0,10.5,0,10.5,0,10.5,0,10.5,0,10,0.05,10,0.05
101045,6.9,6.9,0,6.9,0,6.9,0,6.9,0,6.9,0,6.9,0,6.9,0,6.9,0,,,,
101061,,,,,,,,,,,,,,,,,,,,,
101063,,,,,,,,,,,,,,,,,,,,,
101064,20.5,20.5,0,20.5,0,20.5,0,20.5,0,20.5,0,20.5,0,20.5,0,,,,,,
101065,23,23,0,23,0,23,0,23,0,23,0,23,0,23,0,,,,,,
101066,24.5,24.5,0,24.5,0,24.5,0,24.5,0,24.5,0,24.5,0,24.5,0,,,,,,
101068,,,,,,,,,,,,,,,,,,,,,
101070,21.9,21.9,0,21.9,0,21.9,0,21.9,0,21.9,0,21.9,0,,,25.5,-0.141,20.9,0.0478,19.9,0.101
101094,94.9,94.9,0,94.9,0,94.9,0,94.9,0,94.9,0,64.9,0.462,49,0.937,64.9,0.462,64.9,0.462,64.9,0.462
101096,94.9,94.9,0,94.9,0,94.9,0,94.9,0,94.9,0,64.9,0.462,64.9,0.462,64.9,0.462,64.9,0.462,64.9,0.462
101103,,,,,,,,,,,,,,,,,,,,,
101116,,,,,,,,,,,,,,,,,,,,,
101117,,,,,,,,,,,,,,,,,,,,,
101154,,,,,,,,,,,,,,,,,,,,,
101155,110,110,0,110,0,110,0,110,0,110,0,110,0,110,0,110,0,110,0,102,0.0732
101170,,,,,,,,,,,,,,,,,,,,,
101176,4.7,4.7,0,4.7,0,4.7,0,4.7,0,4.7,0,4.7,0,4.7,0,4.7,0,,,,
101199,25.5,25.5,0,25.5,0,25.5,0,25.5,0,25.5,0,25.5,0,29.5,-0.136,24.9,0.0241,25.5,0,29.5,-0.136
101204,25.5,25.5,0,25.5,0,25.5,0,25.5,0,25.5,0,25.5,0,30.5,-0.164,30.5,-0.164,25.5,0,30.5,-0.164
101205,12.5,12.5,0,12.5,0,12.5,0,12.5,0,12.5,0,12.5,0,15.5,-0.194,11.9,0.0504,12.5,0,15.5,-0.194
101206,16,16,0,16,0,16,0,16,0,16,0,16,0,18.5,-0.135,18.5,-0.135,15.5,0.0323,18.5,-0.135
101207,15.8,15.8,0,15.8,0,15.8,0,15.8,0,15.8,0,15.8,0,18.5,-0.146,18.5,-0.146,15.5,0.0194,18.5,-0.146
101222,,,,,,,,,,,,,,,,,,,,,
101226,43.5,43.5,0,43.5,0,,,43.5,0,43.5,0,43.5,0,,,43.5,0,43.5,0,43.5,0
101227,104,104,0,104,0,104,0,104,0,104,0,104,0,104,0,104,0,104,0,104,0
101228,47,47,0,47,0,47,0,47,0,47,0,47,0,47,0,47,0,47,0,50.5,-0.0693
101229,43.8,43.8,0,43.8,0,43.8,0,43.8,0,43.8,0,43.8,0,43.8,0,43.8,0,43.8,0,47.3,-0.074
101230,43.8,43.8,0,43.8,0,43.8,0,43.8,0,43.8,0,43.8,0,,,43.8,0,43.8,0,47.3,-0.074
101234,104,104,0,104,0,104,0,104,0,104,0,104,0,104,0,104,0,104,0,104,0
101235,42.5,42.5,0,42.5,0,42.5,0,42.5,0,42.5,0,42.5,0,42.5,0,42.5,0,42.5,0,45.4,-0.0639
101236,42.5,42.5,0,42.5,0,42.5,0,42.5,0,42.5,0,42.5,0,42.5,0,42.5,0,42.5,0,45.4,-0.0639
101237,,,,,,,,,,,,,,,,,,,,,
101241,,,,,,,,,,,,,,,,,,,,,
101244,39,39,0,39,0,39,0,39,0,39,0,39,0,39,0,39,0,39,0,39,0
101245,19.5,19.5,0,19.5,0,19.5,0,19.5,0,19.5,0,19.5,0,19.5,0,19.5,0,19.5,0,19.5,0
101246,,,,,,,,,,,,,,,,,,,,,
101247,,,,,,,,,,,,,,,,,,,,,
101248,,,,,,,,,,,,,,,,,,,,,
101249,43.8,43.8,0,43.8,0,43.8,0,43.8,0,43.8,0,43.8,0,43.8,0,43.8,0,43.8,0,47.3,-0.074
101257,,,,,,,,,,,,,,,,,,,,,
101260,,,,,,,,,,,,,,,,,,,,,
101270,,,,,,,,,,,,,,,,,,,,,
101273,13,13,0,13,0,13,0,13,0,13,0,13,0,13,0,13,0,13,0,13,0
101281,4.5,4.5,0,4.5,0,4.5,0,4.5,0,4.5,0,4.5,0,4.5,0,4.5,0,4.5,0,4.5,0
101282,,,,,,,,,,,,,,,,,,,,,
101285,,,,,,,,,,,,,,,,,,,,,
101287,,,,,,,,,,,,,,,,,,,,,
101295,24.1,24.1,0,24.1,0,24.1,0,24.1,0,24.1,0,24.1,0,24.1,0,24.1,0,24.1,0,24.1,0
101302,24.1,24.1,0,24.1,0,24.1,0,24.1,0,24.1,0,24.1,0,24.1,0,24.1,0,24.1,0,24.1,0
101306,4.3,4.3,0,4.3,0,4.3,0,4.3,0,,,4.3,0,4.3,0,4.3,0,4.3,0,4.3,0
101307,76.5,76.5,0,76.5,0,,,76.5,0,76.5,0,76.5,0,76.5,0,76.5,0,,,,
101308,,,,,,,,,,,,,,,,,,,,,
101309,,,,,,,,,,,,,,,,,,,,,
101312,42,42,0,42,0,42,0,42,0,42,0,42,0,46,-0.087,46,-0.087,46,-0.087,54,-0.222
101313,,,,,,,,,,,,,,,,,,,,,
101319,,,,,,,,,,,,,,,,,,,,,
101326,28.5,28.5,0,28.5,0,28.5,0,28.5,0,28.5,0,28.5,0,,,28.5,0,29,-0.0172,29,-0.0172
101329,,,,,,,,,,,,,,,,,,,,,
101330,,,,,,,,,,,,,,,,,,,,,
101331,95.9,95.9,0,106,-0.0953,106,-0.0953,95.9,0,95.9,0,106,-0.0944,106,-0.0944,113,-0.151,118,-0.187,114,-0.155
101335,,,,,,,,,,,,,,,,,,,,,
101375,23.5,23.5,0,23.5,0,23.5,0,23.5,0,,,22.9,0.0262,22.9,0.0262,24.5,-0.0408,24.5,-0.0408,24.5,-0.0408
101393,,,,,,,,,,,,,,,,,,,,,
101400,,,,,,,,,,,,,,,,,,,,,
101401,62,62,0,62,0,62,0,62,0,62,0,62,0,62,0,62,0,62,0,62,0
101403,26.5,26.5,0,26.5,0,26.5,0,26.5,0,26.5,0,24.5,0.0816,,,22.9,0.157,27,-0.0185,27,-0.0185
101404,26.5,26.5,0,26.5,0,26.5,0,26.5,0,26.5,0,24.5,0.0816,,,22.9,0.157,20.5,0.293,28,-0.0536
101405,26.5,26.5,0,26.5,0,26.5,0,26.5,0,26.5,0,24.5,0.0816,,,22.9,0.157,28,-0.0536,22.9,0.157
101406,26.5,26.5,0,26.5,0,26.5,0,26.5,0,26.5,0,24.5,0.0816,24.5,0.0816,22.9,0.157,28,-0.0536,28,-0.0536
101410,,,,,,,,,,,,,,,,,,,,,
101412,359,359,0,359,0,,,359,0,359,0,549,-0.346,549,-0.346,549,-0.346,,,,
101413,,,,,,,,,,,,,,,,,,,,,
101414,61.5,61.5,0,61.5,0,61.5,0,61.5,0,61.5,0,61.5,0,61.5,0,61.5,0,61.5,0,61.5,0
101415,154,154,0,175,-0.12,,,175,-0.12,,,175,-0.12,149,0.0336,149,0.0336,149,0.0336,140,0.1
101416,24.5,24.5,0,24.5,0,24.5,0,24.5,0,24.5,0,24.5,0,24.5,0,,,,,,
101417,,,,,,,,,,,,,,,,,,,,,
101418,39.9,39.9,0,39.9,0,39.9,0,39.9,0,39.9,0,39.9,0,39.9,0,39.9,0,39.9,0,39.9,0
101419,99,99,0,99,0,99,0,99,0,99,0,99,0,93,0.0645,93,0.0645,93,0.0645,93,0.0645
101420,,,,,,,,,,,,,,,,,,,,,
101421,,,,,,,,,,,,,,,,,,,,,
101422,,,,,,,,,,,,,,,,,,,,,
101423,70,70,0,70,0,70,0,70,0,70,0,70,0,70,0,70,0,70,0,70,0
101427,16.5,16.5,0,16.5,0,16.5,0,16.5,0,13,0.269,13,0.269,13,0.269,12,0.375,10.5,0.571,15.5,0.0645
101429,,,,,,,,,,,,,,,,,,,,,
101447,,,,,,,,,,,,,,,,,,,,,
101455,,,,,,,,,,,,,,,,,,,,,
101458,,,,,,,,,,,,,,,,,,,,,
101475,,,,,,,,,,,,,,,,,,,,,
101479,42,42,0,42,0,42,0,42,0,42,0,42,0,42,0,42,0,42,0,42,0
101482,24.5,24.5,0,24.5,0,24.5,0,24.5,0,24.5,0,24.5,0,24.5,0,24.5,0,24.5,0,24.5,0
101484,29.5,29.5,0,29.5,0,,,29.5,0,29.5,0,19.5,0.513,29.5,0,29.5,0,39.5,-0.253,39.5,-0.253
101485,29.5,29.5,0,29.5,0,,,29.5,0,29.5,0,,,,,,,39.5,-0.253,39.5,-0.253
101490,,,,,,,,,,,,,,,,,,,,,
101491,31.8,31.8,0,31.8,0,31.8,0,31.8,0,31.8,0,,,31.8,0,31.8,0,31.8,0,,
101495,10,10,0,10,0,,,,,10,0,10,0,11.1,-0.0991,11.1,-0.0991,11.1,-0.0991,11.1,-0.0991
101505,19.5,19.5,0,19.5,0,19.5,0,19.5,0,19.5,0,16.9,0.154,,,19.2,0.0156,19.2,0.0156,19.2,0.0156
101506,,,,,,,,,,,,,,,,,,,,,
101507,16.9,16.9,0,16.9,0,16.9,0,16.9,0,16.9,0,16.9,0,16.9,0,16.9,0,16.9,0,16.9,0
101509,8.7,8.7,0,8.7,0,8.7,0,8.7,0,8.7,0,8.7,0,,,8.7,0,8.7,0,8.7,0
101511,10.5,10.5,0,10.5,0,10.5,0,10.5,0,10.5,0,10.5,0,10.5,0,10.5,0,10.5,0,10.5,0
101512,9,9,0,9,0,9,0,9,0,9,0,9,0,9,0,9,0,9,0,9,0
101515,58.7,58.7,0,58.7,0,58.7,0,58.7,0,58.7,0,58.7,0,65,-0.0969,65,-0.0969,65,-0.0969,,
101518,,,,,,,,,,,,,,,,,,,,,
101520,44.9,44.9,0,44.9,0,44.9,0,44.9,0,44.9,0,29.9,0.502,19.4,1.31,47,-0.0447,47,-0.0447,44.9,0
101530,,,,,,,,,,,,,,,,,,,,,
101531,59.5,59.5,0,59.5,0,59.5,0,62,-0.0403,62,-0.0403,62,-0.0403,62,-0.0403,62,-0.0403,62,-0.0403,101,-0.412
101533,20.9,20.9,0,20.9,0,20.9,0,20.9,0,20.9,0,20.9,0,,,20.9,0,23,-0.0913,23,-0.0913
101534,20.9,20.9,0,20.9,0,20.9,0,20.9,0,20.9,0,20.9,0,,,20.9,0,23,-0.0913,19,0.1
101535,20.9,20.9,0,20.9,0,20.9,0,20.9,0,20.9,0,20.9,0,,,20.9,0,23,-0.0913,23,-0.0913
101537,20.9,20.9,0,20.9,0,20.9,0,17.8,0.174,17.8,0.174,20.9,0,,,20.9,0,23,-0.0913,23,-0.0913
101538,11,11,0,11,0,11,0,11,0,12.3,-0.106,12,-0.0833,12,-0.0833,14.3,-0.231,14.3,-0.231,14.3,-0.231
101541,12.5,12.5,0,12.5,0,12.5,0,11,0.136,11,0.136,10.5,0.19,9,0.389,19.5,-0.359,19.5,-0.359,19.5,-0.359
101548,10.8,10.8,0,10.8,0,10.8,0,10.8,0,10.8,0,10,0.08,10,0.08,10.2,0.0588,10.2,0.0588,10.2,0.0588
101549,9.7,9.7,0,9.7,0,9.7,0,9.7,0,9.7,0,9,0.0778,9,0.0778,9.2,0.0543,9.2,0.0543,9.2,0.0543
101551,36,36,0,36,0,36,0,36,0,36,0,36,0,36,0,36,0,31,0.161,31,0.161
101553,135,135,0,135,0,,,135,0,135,0,135,0,135,0,135,0,135,0,135,0
101564,20.9,20.9,0,20.9,0,20.9,0,20.9,0,20.9,0,20.9,0,20.9,0,20.9,0,23,-0.0913,23,-0.0913
101567,16,16,0,16,0,16,0,16,0,16,0,,,,,16,0,16,0,16,0
101569,16,16,0,16,0,16,0,16,0,16,0,16,0,16,0,16,0,16,0,16,0
101576,25,25,0,25,0,25,0,25,0,25,0,25,0,25,0,25,0,25,0,25,0
101583,159,159,0,159,0,,,159,0,159,0,159,0,159,0,159,0,204,-0.222,204,-0.222
101585,81.5,81.5,0,98,-0.168,,,98,-0.168,98,-0.168,98,-0.168,98,-0.168,98,-0.168,98,-0.168,69.9,0.166
101586,,,,,,,,,,,,,,,,,,,,,
101587,24.5,24.5,0,24.5,0,24.5,0,24.5,0,24.5,0,24.5,0,24.5,0,24.5,0,24.5,0,19.5,0.256
101619,,,,,,,,,,,,,,,,,,,,,
101620,6.5,6.5,0,6.5,0,6.5,0,6.5,0,6.5,0,6,0.0833,,,8.5,-0.235,8.5,-0.235,9.8,-0.337
101621,6.5,6.5,0,6.5,0,6.5,0,6.5,0,6.5,0,6,0.0833,5.4,0.204,8.5,-0.235,8.5,-0.235,9.8,-0.337
101622,,,,,,,,,,,,,,,,,,,,,
101623,,,,,,,,,,,,,,,,,,,,,
101625,165,165,0,165,0,,,165,0,165,0,165,0,165,0,165,0,,,,
101631,,,,,,,,,,,,,,,,,,,,,
101635,36.5,36.5,0,44.5,-0.18,44.5,-0.18,44.5,-0.18,35.5,0.0282,35.5,0.0282,35.5,0.0282,35.5,0.0282,43.5,-0.161,49.9,-0.269
101642,32.5,32.5,0,32.5,0,32.5,0,32.5,0,32.5,0,32.5,0,,,,,,,,
101643,15,15,0,15,0,15,0,15,0,15,0,15,0,,,15,0,13.5,0.111,13.5,0.111
101644,14,14,0,14,0,14,0,14,0,14,0,14,0,,,14,0,,,14,0
101650,,,,,,,,,,,,,,,,,,,,,
101651,16,,,,,,,,,16,0,,,,,12.5,0.28,16,0,16,0
101652,16,16,0,16,0,16,0,16,0,16,0,,,16,0,12.5,0.28,16,0,16,0
101653,16,16,0,16,0,16,0,16,0,16,0,16,0,16,0,12.5,0.28,16,0,16,0
101662,,,,,,,,,,,,,,,,,,,,,
101666,26.5,26.5,0,26.5,0,26.5,0,26.5,0,26.5,0,26.5,0,26.5,0,26.5,0,26.5,0,,
101672,,,,,,,,,,,,,,,,,,,,,
101673,20.9,20.9,0,24.5,-0.147,24.5,-0.147,24.5,-0.147,24.5,-0.147,,,24.5,-0.147,24.5,-0.147,,,22.4,-0.067
101688,12.5,12.5,0,12.5,0,12.5,0,12.5,0,12.5,0,,,12.5,0,9.5,0.316,,,10.5,0.19
101689,23,23,0,23,0,23,0,23,0,23,0,,,,,23,0,,,23,0
101690,44,44,0,44,0,44,0,44,0,44,0,44,0,44,0,44,0,,,44,0
101692,47.3,47.3,0,47.3,0,47.3,0,47.3,0,47.3,0,53.3,-0.113,53.3,-0.113,88.9,-0.468,88.9,-0.468,88.9,-0.468
101693,41.5,41.5,0,41.5,0,41.5,0,41.5,0,41.5,0,37.4,0.11,37.4,0.11,37.5,0.107,37.5,0.107,40.3,0.0298
101695,8,8,0,8,0,8,0,8,0,8,0,8,0,8,0,8,0,9,-0.111,9,-0.111
101699,,,,,,,,,,,,,,,,,,,,,
101700,172,172,0,172,0,,,172,0,172,0,172,0,172,0,172,0,172,0,172,0
101703,,,,,,,,,,,,,,,,,,,,,
101704,,,,,,,,,,,,,,,,,,,,,
101707,19,19,0,19,0,19,0,19,0,19,0,,,,,19,0,19,0,,
101708,,,,,,,,,,,,,,,,,,,,,
101709,20,20,0,,,,,,,20,0,20,0,,,20,0,,,20,0
101711,16,16,0,16,0,16,0,16,0,16,0,16,0,16,0,16,0,16,0,16,0
101712,,,,,,,,,,,,,,,,,,,,,
101714,17,17,0,17,0,17,0,17,0,17,0,,,17,0,17,0,17,0,17,0
101715,13,13,0,13,0,13,0,13,0,13,0,,,,,13,0,13,0,12.8,0.0156
101716,23,23,0,23,0,23,0,23,0,23,0,23,0,23,0,22,0.0455,22,0.0455,22,0.0455
101718,,,,,,,,,,,,,,,,,,,,,
101722,,,,,,,,,,,,,,,,,,,,,
101729,,,,,,,,,,,,,,,,,,,,,
101734,20,20,0,20,0,20,0,20,0,20,0,20,0,20,0,20,0,20,0,20,0
101735,12.5,12.5,0,12.5,0,12.5,0,12.5,0,12.5,0,12.5,0,12.5,0,12.5,0,,,,
101739,,,,,,,,,,,,,,,,,,,,,
101741,15.5,15.5,0,15.5,0,15.5,0,15.5,0,15.5,0,15.5,0,15.5,0,12.9,0.202,15.5,0,15.5,0
101742,15.5,15.5,0,15.5,0,15.5,0,15.5,0,15.5,0,15.5,0,15.5,0,15.5,0,15.5,0,15.5,0
101744,22,22,0,22,0,22,0,22,0,,,22,0,22,0,22,0,22,0,22,0
101754,22.5,22.5,0,22.5,0,22.5,0,22.5,0,22.5,0,22.5,0,22.5,0,22.5,0,25.5,-0.118,25.5,-0.118
101755,,,,,,,,,,,,,,,,,,,,,
101758,,,,,,,,,,,,,,,,,,,,,
101763,12,12,0,12,0,12,0,12,0,12,0,12,0,12,0,12,0,12,0,,
101764,,,,,,,,,,,,,,,,,,,,,
101804,15.5,15.5,0,15.5,0,15.5,0,15.5,0,15.5,0,15.5,0,15.5,0,15.5,0,15,0.0333,15,0.0333
101825,,,,,,,,,,,,,,,,,,,,,
101831,40.5,40.5,0,40.5,0,40.5,0,40.5,0,40.5,0,40.5,0,40.5,0,40.5,0,40.5,0,40.5,0
101832,40.5,40.5,0,40.5,0,40.5,0,40.5,0,40.5,0,40.5,0,40.5,0,40.5,0,40.5,0,40.5,0
101833,40.5,40.5,0,40.5,0,40.5,0,40.5,0,40.5,0,40.5,0,40.5,0,40.5,0,40.5,0,40.5,0
101835,40.5,40.5,0,40.5,0,40.5,0,40.5,0,40.5,0,40.5,0,40.5,0,40.5,0,40.5,0,40.5,0
101836,,,,,,,,,,,,,,,,,,,,,
101837,40.5,40.5,0,40.5,0,40.5,0,40.5,0,40.5,0,40.5,0,40.5,0,40.5,0,40.5,0,40.5,0
101839,,,,,,,,,,,,,,,,,,,,,
101840,,,,,,,,,,,,,,,,,,,,,
101843,75.5,75.5,0,75.5,0,,,75.5,0,75.5,0,75.5,0,75.5,0,75.5,0,72.5,0.0414,68.5,0.102
101849,74,74,0,74,0,,,74,0,74,0,74,0,74,0,74,0,,,74,0
101857,,,,,,,,,,,,,,,,,,,,,
101858,,,,,,,,,,,,,,,,,,,,,
101859,,,,,,,,,,,,,,,,,,,,,
101860,,,,,,,,,,,,,,,,,,,,,
101861,,,,,,,,,,,,,,,,,,,,,
101863,27.5,27.5,0,27.5,0,27.5,0,27.5,0,27.5,0,,,27.5,0,27.5,0,24,0.146,24,0.146
101865,11.5,11.5,0,11.5,0,,,11.5,0,11.5,0,11.5,0,11.5,0,12.5,-0.08,11.5,0,11.5,0
101866,11,11,0,11,0,,,11,0,11,0,11,0,11,0,11,0,,,,
101870,,,,,,,,,,,,,,,,,,,,,
101872,,,,,,,,,,,,,,,,,,,,,
101879,,,,,,,,,,,,,,,,,,,,,
101880,,,,,,,,,,,,,,,,,,,,,
101901,218,218,0,218,0,,,218,0,218,0,218,0,218,0,218,0,218,0,218,0
101902,123,123,0,123,0,,,123,0,123,0,123,0,123,0,123,0,123,0,123,0
101903,69.9,69.9,0,81,-0.137,,,69.9,0,69.9,0,81,-0.137,81,-0.137,69.9,0,81,-0.137,81,-0.137
101904,81,81,0,81,0,,,69.9,0.159,69.9,0.159,81,0,81,0,81,0,69.9,0.159,81,0
101905,218,218,0,218,0,,,218,0,218,0,218,0,218,0,218,0,,,218,0
101911,23,23,0,23,0,23,0,23,0,23,0,,,,,23,0,,,23,0
101913,6.5,6.5,0,6.5,0,6.5,0,6.5,0,6.5,0,6.5,0,6.5,0,6.5,0,,,6.5,0
101914,11.5,11.5,0,11.5,0,,,11.5,0,11.5,0,11.5,0,11.5,0,11.5,0,10.5,0.0952,10.5,0.0952
101915,,,,,,,,,,,,,,,,,,,,,
101916,,,,,,,,,,,,,,,,,,,,,
101919,,,,,,,,,,,,,,,,,,,,,
101921,,,,,,,,,,,,,,,,,,,,,
101923,10,10,0,10,0,10,0,10,0,9.8,0.0204,11,-0.0909,11,-0.0909,9.9,0.0101,10.9,-0.0826,13.8,-0.275
101924,,,,,,,,,,,,,,,,,,,,,
101925,,,,,,,,,,,,,,,,,,,,,
101926,46.9,46.9,0,46.9,0,46.9,0,46.9,0,46.9,0,46.9,0,46.9,0,46.9,0,,,,
101927,31,31,0,31,0,31,0,,,,,31,0,31,0,31,0,31,0,31,0
101928,31,31,0,31,0,31,0,31,0,31,0,31,0,31,0,31,0,31,0,31,0
101929,48,48,0,48,0,48,0,48,0,48,0,48,0,48,0,48,0,48,0,48,0
101930,48.9,48.9,0,48.9,0,48.9,0,48.9,0,48.9,0,48.9,0,48.9,0,48.9,0,48.9,0,48.9,0
101931,,,,,,,,,,,,,,,,,,,,,
101933,70,70,0,70,0,70,0,70,0,70,0,70,0,70,0,70,0,70,0,70,0
101934,56,56,0,56,0,56,0,56,0,56,0,56,0,56,0,56,0,56,0,56,0
101935,61.5,61.5,0,61.5,0,61.5,0,61.5,0,61.5,0,61.5,0,61.5,0,61.5,0,61.5,0,,
101936,,,,,,,,,,,,,,,,,,,,,
101937,,,,,,,,,,,,,,,,,,,,,
101938,44,44,0,44,0,44,0,44,0,44,0,44,0,44,0,44,0,44,0,44,0
101939,44,44,0,44,0,44,0,44,0,44,0,44,0,44,0,44,0,44,0,44,0
101940,15,15,0,15,0,15,0,15,0,15,0,15,0,15,0,15,0,15,0,14,0.0714
101948,49,49,0,49,0,49,0,49,0,49,0,70,-0.3,70,-0.3,70,-0.3,,,,
101950,189,189,0,189,0,189,0,189,0,189,0,,,136,0.39,177,0.0678,212,-0.11,213,-0.111
101953,,,,,,,,,,,,,,,,,,,,,
101954,,,,,,,,,,,,,,,,,,,,,
101964,8.5,8.5,0,8.5,0,8.5,0,8.5,0,8.5,0,8.5,0,8.5,0,8.5,0,8,0.0625,7.5,0.133
101967,,,,,,,,,,,,,,,,,,,,,
101979,15.5,15.5,0,15.5,0,15.5,0,15.5,0,15.5,0,15.5,0,15.5,0,15.5,0,15.5,0,15.5,0
101980,28,28,0,28,0,28,0,28,0,,,28,0,28,0,28,0,28,0,28,0
101984,45.9,45.9,0,45.9,0,45.9,0,40.9,0.122,40.9,0.122,45.9,0,43,0.0674,45,0.02,51,-0.1,53,-0.134
101994,13.5,13.5,0,13.5,0,13.5,0,13.5,0,13.5,0,13.5,0,13.5,0,13.5,0,13.5,0,13.5,0
101995,,,,,,,,,,,,,,,,,,,,,
101996,,,,,,,,,,,,,,,,,,,,,
101997,45,45,0,45,0,45,0,45,0,45,0,45,0,45,0,45,0,45,0,45,0
101998,45,45,0,45,0,45,0,45,0,45,0,45,0,45,0,45,0,45,0,45,0
101999,,,,,,,,,,,,,,,,,,,,,
102003,,,,,,,,,,,,,,,,,,,,,
102005,,,,,,,,,,,,,,,,,,,,,
102006,,,,,,,,,,,,,,,,,,,,,
102007,,,,,,,,,,,,,,,,,,,,,
102009,63,63,0,63,0,,,63,0,63,0,63,0,63,0,63,0,63,0,63,0
102024,,,,,,,,,,,,,,,,,,,,,
102042,26.3,25.8,0.0194,25.8,0.0194,25.8,0.0194,25.8,0.0194,25.8,0.0194,24.3,0.0823,24.3,0.0823,24.3,0.0823,29.8,-0.117,29.7,-0.114
102046,167,163,0.024,163,0.024,163,0.024,163,0.024,163,0.024,126,0.318,126,0.318,110,0.515,182,-0.082,,
102050,82.7,80.3,0.0299,80.3,0.0299,80.3,0.0299,80.3,0.0299,80.3,0.0299,76.5,0.081,76.5,0.081,82.9,-0.00241,95.6,-0.135,95.6,-0.135
102056,,,,,,,,,,,,,,,,,,,,,
102057,98,98,0,98,0,,,98,0,98,0,98,0,98,0,98,0,89.9,0.0901,98,0
102058,62.5,62.5,0,62.5,0,62.5,0,62.5,0,62.5,0,62.5,0,62.5,0,62.5,0,62.5,0,,
102059,110,110,0,110,0,110,0,110,0,110,0,110,0,110,0,110,0,110,0,101,0.0891
102065,110,110,0,110,0,110,0,110,0,110,0,110,0,110,0,110,0,110,0,101,0.0891
102066,110,110,0,110,0,110,0,110,0,110,0,110,0,110,0,110,0,110,0,101,0.0891
102068,110,110,0,110,0,110,0,110,0,110,0,110,0,110,0,110,0,110,0,101,0.0891
102069,62.5,62.5,0,62.5,0,62.5,0,62.5,0,62.5,0,62.5,0,62.5,0,62.5,0,62.5,0,57.5,0.087
102072,62.5,62.5,0,62.5,0,62.5,0,62.5,0,62.5,0,62.5,0,62.5,0,62.5,0,62.5,0,57.5,0.087
102073,62.5,62.5,0,62.5,0,62.5,0,62.5,0,62.5,0,62.5,0,62.5,0,62.5,0,62.5,0,57.5,0.087
102079,,,,,,,,,,,,,,,,,,,,,
102091,259,259,0,259,0,,,259,0,259,0,259,0,259,0,259,0,273,-0.0513,273,-0.0513
102093,63,63,0,63,0,63,0,63,0,56,0.125,63,0,63,0,85.6,-0.264,85.6,-0.264,85.6,-0.264
102096,13,13,0,,,,,,,,,,,,,12,0.0833,,,12,0.0833
102097,23.5,23.5,0,23.5,0,23.5,0,23.5,0,23.5,0,23.5,0,23.5,0,23.5,0,23.5,0,23.5,0
102099,,,,,,,,,,,,,,,,,,,,,
102109,,,,,,,,,,,,,,,,,,,,,
102111,35.5,35.5,0,35.5,0,35.5,0,35.5,0,35.5,0,35.5,0,35.5,0,,,,,,
102118,31.5,31.5,0,31.5,0,31.5,0,31.5,0,31.5,0,31.5,0,31.5,0,,,,,,
102124,26.5,26.5,0,26.5,0,26.5,0,26.5,0,,,,,,,,,,,,
102125,6.5,6.5,0,6.5,0,6.5,0,6.5,0,6.5,0,6.5,0,6.5,0,6.5,0,6.5,0,6.5,0
102133,25.5,25.5,0,25.5,0,25.5,0,25.5,0,,,,,,,,,,,,
102134,31.5,31.5,0,31.5,0,31.5,0,31.5,0,,,,,,,,,,,,
102135,19.5,19.5,0,19.5,0,19.5,0,19.5,0,19.5,0,19.5,0,15.5,0.258,19.5,0,17,0.147,,
102153,32,32,0,32,0,32,0,32,0,32,0,32,0,32,0,32,0,32,0,32,0
102154,67,67,0,67,0,67,0,67,0,67,0,67,0,67,0,67,0,67,0,67,0
102157,38,38,0,38,0,38,0,38,0,38,0,38,0,38,0,38,0,38,0,38,0
102160,11,11,0,11,0,,,11,0,11,0,11,0,11,0,11,0,,,,
102161,10.5,10.5,0,10.5,0,,,10.5,0,10.5,0,10.5,0,10.5,0,10.5,0,,,,
102162,8,8,0,8,0,8,0,8,0,8,0,8,0,8,0,8,0,,,,
102163,68,68,0,68,0,68,0,61.2,0.111,61.2,0.111,,,68,0,68,0,109,-0.376,109,-0.376
102165,108,108,0,108,0,108,0,108,0,108,0,,,108,0,108,0,133,-0.188,133,-0.188
102169,,,,,,,,,,,,,,,,,,,,,
102176,,,,,,,,,,,,,,,,,,,,,
102194,,,,,,,,,,,,,,,,,,,,,
102201,65.4,65.4,0,65.4,0,65.4,0,65.4,0,65.4,0,65.4,0,65.4,0,65.4,0,65.4,0,70,-0.0657
102203,,,,,,,,,,,,,,,,,,,,,
102206,,,,,,,,,,,,,,,,,,,,,
102220,,,,,,,,,,,,,,,,,,,,,
102250,126,126,0,126,0,126,0,126,0,126,0,126,0,126,0,126,0,126,0,126,0
102505,8,8,0,8,0,8,0,8,0,8,0,8,0,8,0,8,0,8,0,8,0
102506,8,8,0,8,0,8,0,8,0,8,0,8,0,8,0,8,0,8,0,8,0
102507,8,8,0,8,0,8,0,8,0,8,0,,,,,8,0,8,0,8,0
102508,8,8,0,8,0,8,0,8,0,8,0,8,0,8,0,8,0,8,0,8,0
102509,21,21,0,21,0,21,0,21,0,21,0,21,0,21,0,20,0.05,20,0.05,20,0.05
102510,21,21,0,21,0,21,0,21,0,21,0,21,0,21,0,20,0.05,20,0.05,20,0.05
102511,21,21,0,21,0,21,0,21,0,21,0,21,0,21,0,20,0.05,20,0.05,20,0.05
102512,21,21,0,21,0,21,0,21,0,21,0,21,0,21,0,20,0.05,20,0.05,20,0.05
102541,,,,,,,,,,,,,,,,,,,,,
102573,,,,,,,,,,,,,,,,,,,,,
102717,25,25,0,25,0,25,0,,,,,25,0,,,,,,,,
102718,,,,,,,,,,,,,,,,,,,,,
102720,25,25,0,25,0,25,0,,,,,25,0,,,,,,,,
102775,6,6,0,6,0,6,0,6,0,6,0,6,0,6,0,6,0,6,0,6,0
102779,,,,,,,,,,,,,,,,,,,,,
103020,95,95,0,95,0,95,0,95,0,95,0,112,-0.155,112,-0.155,78.7,0.207,129,-0.264,129,-0.264
103050,,,,,,,,,,,,,,,,,,,,,
103060,24,24,0,,,24,0,24,0,24,0,24,0,24,0,24,0,24,0,24,0
103061,,,,,,,,,,,,,,,,,,,,,
103080,,,,,,,,,,,,,,,,,,,,,
103512,,,,,,,,,,,,,,,,,,,,,
103730,88,88,0,88,0,,,88,0,88,0,88,0,88,0,88,0,88,0,88,0
103905,22.9,22.9,0,24.8,-0.0766,24.8,-0.0766,24.8,-0.0766,24.8,-0.0766,21,0.0905,21,0.0905,19,0.205,27.1,-0.155,27.2,-0.158
103906,22.9,22.9,0,24.8,-0.0766,24.8,-0.0766,24.8,-0.0766,24.8,-0.0766,22.3,0.0269,22.3,0.0269,19,0.205,21.6,0.0602,27.2,-0.158
103908,22.9,22.9,0,24.8,-0.0766,24.8,-0.0766,24.8,-0.0766,24.8,-0.0766,22.3,0.0269,22.3,0.0269,19,0.205,21.6,0.0602,27.2,-0.158
103909,22.9,22.9,0,24.8,-0.0766,24.8,-0.0766,24.8,-0.0766,24.8,-0.0766,22.3,0.0269,22.3,0.0269,19,0.205,27.1,-0.155,27.2,-0.158
104006,,,,,,,,,,,,,,,,,,,,,
104007,132,132,0,132,0,132,0,132,0,132,0,132,0,132,0,132,0,132,0,132,0
104008,132,132,0,132,0,132,0,132,0,132,0,132,0,132,0,132,0,132,0,132,0
104010,16,16,0,16,0,16,0,16,0,16,0,16,0,16,0,16.2,-0.0123,16.2,-0.0123,16.2,-0.0123
104011,16.2,16.2,0,16.2,0,16.2,0,16.2,0,16.2,0,16.2,0,16.2,0,,,16.2,0,16.2,0
104012,,,,,,,,,,,,,,,,,,,,,
104013,16.2,16.2,0,16.2,0,16.2,0,16.2,0,16.2,0,16.2,0,16.2,0,16.2,0,16.2,0,16.2,0
104017,97.4,97.4,0,97.4,0,97.4,0,97.4,0,97.4,0,97.4,0,97.4,0,78,0.249,97,0.00412,86.4,0.127
104018,,,,,,,,,,,,,,,,,,,,,
104019,97.4,97.4,0,97.4,0,97.4,0,97.4,0,97.4,0,97.4,0,97.4,0,78,0.249,97,0.00412,97,0.00412
104067,74.7,,,,,,,,,74.7,0,,,,,,,,,80.6,-0.0732
104090,43,43,0,43,0,43,0,43,0,43,0,43,0,43,0,43,0,43,0,43,0
104095,,,,,,,,,,,,,,,,,,,,,
104157,42.5,42.5,0,42.5,0,42.5,0,39,0.0897,39,0.0897,36.5,0.164,46,-0.0761,,,,,,
104210,150,150,0,150,0,188,-0.203,158,-0.0537,158,-0.0537,158,-0.0537,188,-0.203,159,-0.0572,188,-0.203,199,-0.247
104211,14.4,14.4,0,14.4,0,14.4,0,14.4,0,14.4,0,13.9,0.036,16.5,-0.127,24.4,-0.41,18,-0.2,24.4,-0.41
104212,,,,,,,,,,,,,,,,,,,,,
104214,10.4,10.4,0,10.4,0,10.4,0,10.4,0,10.4,0,10.4,0,10.4,0,10.4,0,10.4,0,,
104215,10.4,10.4,0,10.4,0,10.4,0,10.4,0,10.4,0,10.4,0,10.4,0,10.4,0,10.4,0,,
104217,9.9,9.9,0,9.9,0,9.9,0,9.9,0,9.9,0,9.9,0,9.9,0,9.9,0,,,,
104218,,,,,,,,,,,,,,,,,,,,,
104219,11.6,11.6,0,11.6,0,11.6,0,11.6,0,11.6,0,11.6,0,11.6,0,11.6,0,11.6,0,,
104225,11.6,11.6,0,11.6,0,11.6,0,11.6,0,11.6,0,11.6,0,11.6,0,11.6,0,11.6,0,,
104226,11.6,11.6,0,11.6,0,11.6,0,11.6,0,11.6,0,11.6,0,11.6,0,11.6,0,11.6,0,,
104227,11.6,11.6,0,11.6,0,11.6,0,,,11.6,0,11.6,0,11.6,0,11.6,0,11.6,0,,
104228,6.1,6.1,0,6.1,0,6.1,0,,,6.1,0,6.1,0,6.1,0,6.1,0,6.1,0,,
104229,6.1,6.1,0,6.1,0,6.1,0,6.1,0,6.1,0,6.1,0,6.1,0,6.1,0,6.1,0,,
104230,6.1,6.1,0,6.1,0,6.1,0,6.1,0,6.1,0,6.1,0,6.1,0,6.1,0,6.1,0,,
104231,6.1,6.1,0,6.1,0,6.1,0,6.1,0,6.1,0,6.1,0,6.1,0,6.1,0,6.1,0,,
104250,,,,,,,,,,,,,,,,,,,,,
104251,,,,,,,,,,,,,,,,,,,,,
104253,,,,,,,,,,,,,,,,,,,,,
104260,50.5,50.5,0,50.5,0,50.5,0,50.5,0,44.9,0.125,44.9,0.125,44.9,0.125,56.9,-0.112,56.9,-0.112,56.9,-0.112
104261,68,68,0,68,0,68,0,68,0,68,0,108,-0.37,,,,,,,108,-0.37
104262,32.5,32.5,0,32.5,0,32.5,0,32.5,0,32.5,0,34.5,-0.058,34.5,-0.058,49,-0.337,49,-0.337,49,-0.337
104263,,,,,,,,,,,,,,,,,,,,,
104414,237,237,0,237,0,,,237,0,237,0,237,0,237,0,237,0,237,0,237,0
104535,,,,,,,,,,,,,,,,,,,,,
104550,4.8,4.8,0,4.8,0,4.8,0,4.8,0,4.8,0,4.8,0,4.8,0,4.8,0,4.8,0,,
104560,30,30,0,30,0,30,0,30,0,30,0,30,0,30,0,30,0,30,0,30,0
104561,30,30,0,30,0,30,0,30,0,30,0,30,0,30,0,30,0,30,0,30,0
104562,30,30,0,30,0,30,0,30,0,30,0,30,0,30,0,30,0,30,0,30,0
104563,30,30,0,30,0,30,0,30,0,,,30,0,30,0,30,0,30,0,30,0
104564,30,30,0,30,0,30,0,30,0,30,0,30,0,30,0,30,0,30,0,30,0
104565,30,30,0,30,0,30,0,30,0,30,0,30,0,30,0,30,0,30,0,30,0
104567,30,30,0,30,0,30,0,30,0,30,0,30,0,30,0,30,0,30,0,30,0
104600,,,,,,,,,,,,,,,,,,,,,
104601,,,,,,,,,,,,,,,,,,,,,
104603,,,,,,,,,,,,,,,,,,,,,
104605,,,,,,,,,,,,,,,,,,,,,
104606,,,,,,,,,,,,,,,,,,,,,
104607,,,,,,,,,,,,,,,,,,,,,
104608,,,,,,,,,,,,,,,,,,,,,
104609,,,,,,,,,,,,,,,,,,,,,
104610,25,25,0,,,25,0,,,25,0,,,25,0,25,0,,,25,0
104611,,,,,,,,,,,,,,,,,,,,,
104613,,,,,,,,,,,,,,,,,,,,,
104614,,,,,,,,,,,,,,,,,,,,,
104615,,,,,,,,,,,,,,,,,,,,,
104616,,,,,,,,,,,,,,,,,,,,,
104617,,,,,,,,,,,,,,,,,,,,,
104618,,,,,,,,,,,,,,,,,,,,,
104619,,,,,,,,,,,,,,,,,,,,,
104628,,,,,,,,,,,,,,,,,,,,,
104629,,,,,,,,,,,,,,,,,,,,,
104631,99,99,0,99,0,99,0,99,0,99,0,79.9,0.239,79.9,0.239,79.9,0.239,79.9,0.239,79.9,0.239
104633,25,25,0,25,0,25,0,25,0,25,0,25,0,25,0,25,0,,,25,0
104634,31,31,0,31,0,31,0,31,0,31,0,31,0,31,0,31,0,25.5,0.216,25,0.24
104635,13,13,0,13,0,13,0,13,0,13,0,13,0,13,0,13,0,,,13,0
104636,47.5,47.5,0,47.5,0,47.5,0,47.5,0,47.5,0,47.5,0,47.5,0,59.4,-0.2,59.4,-0.2,64.5,-0.264
104637,,,,,,,,,,,,,,,,,,,,,
104638,,,,,,,,,,,,,,,,,,,,,
104678,29.5,29.5,0,29.5,0,,,29.5,0,29.5,0,29.5,0,29.5,0,29.5,0,39.5,-0.253,39.5,-0.253
104681,80,80,0,80,0,80,0,80,0,80,0,,,80,0,80,0,80,0,80,0
104682,,,,,,,,,,,,,,,,,,,,,
104683,80,80,0,80,0,80,0,80,0,80,0,,,80,0,80,0,80,0,80,0
104720,30,30,0,30,0,30,0,30,0,30,0,30,0,30,0,30,0,30,0,30,0
104721,30,30,0,30,0,30,0,30,0,30,0,30,0,30,0,,,30,0,30,0
104750,,,,,,,,,,,,,,,,,,,,,
104751,,,,,,,,,,,,,,,,,,,,,
104754,,,,,,,,,,,,,,,,,,,,,
104757,,,,,,,,,,,,,,,,,,,,,
104758,,,,,,,,,,,,,,,,,,,,,
104796,19,19,0,19,0,19,0,19,0,19,0,19,0,19,0,20,-0.05,20,-0.05,20,-0.05
104797,59.3,59.3,0,59.3,0,59.3,0,47.3,0.254,47.3,0.254,53.9,0.1,53.9,0.1,53.9,0.1,43.2,0.373,80.9,-0.267
104798,31.4,25,0.256,31.4,0,31.4,0,31.4,0,31.4,0,28.5,0.102,28.5,0.102,22.8,0.377,28.6,0.0979,42.5,-0.261
104799,50.9,50.9,0,50.9,0,50.9,0,50.9,0,50.9,0,45.9,0.109,32.1,0.586,46,0.107,46,0.107,68.9,-0.261
104800,28,28,0,35.9,-0.22,35.9,-0.22,35.9,-0.22,35.9,-0.22,31.9,-0.122,31.9,-0.122,23.9,0.172,32,-0.125,47.9,-0.415
104802,,,,,,,,,,,,,,,,,,,,,
104806,,,,,,,,,,,,,,,,,,,,,
104807,44.8,44.8,0,44.8,0,44.8,0,44.8,0,44.8,0,44.8,0,44.8,0,35.9,0.248,69,-0.351,69,-0.351
104808,52.9,43.8,0.208,43.8,0.208,51.6,0.0252,51.6,0.0252,51.6,0.0252,42.1,0.257,42.1,0.257,42.1,0.257,52.9,0,52.9,0
104810,25,25,0,25,0,25,0,25,0,25,0,25,0,25,0,25,0,,,25,0
104926,75,75,0,75,0,75,0,75,0,75,0,75,0,75,0,75,0,75,0,75,0
104927,75,75,0,75,0,75,0,75,0,75,0,75,0,75,0,75,0,75,0,75,0
104928,83,83,0,83,0,83,0,83,0,83,0,83,0,83,0,83,0,83,0,83,0
104935,78.4,78.4,0,78.4,0,98,-0.2,98,-0.2,98,-0.2,98,-0.2,98,-0.2,98,-0.2,98,-0.2,98,-0.2
104936,62,62,0,62,0,62,0,62,0,62,0,62,0,62,0,62,0,62,0,62,0
104937,78.4,78.4,0,78.4,0,98,-0.2,98,-0.2,98,-0.2,98,-0.2,98,-0.2,98,-0.2,98,-0.2,98,-0.2
104938,62,62,0,62,0,62,0,62,0,62,0,62,0,62,0,62,0,62,0,62,0
104939,78,78,0,78,0,78,0,78,0,78,0,78,0,78,0,78,0,78,0,78,0
104987,18,18,0,18,0,18,0,18,0,18,0,18,0,18,0,18,0,14.9,0.208,18,0
104988,87.5,87.5,0,87.5,0,87.5,0,87.5,0,87.5,0,87.5,0,87.5,0,87.5,0,87.5,0,98.3,-0.11
104989,87.5,87.5,0,87.5,0,87.5,0,87.5,0,87.5,0,87.5,0,87.5,0,87.5,0,87.5,0,98.3,-0.11
104990,60.5,60.5,0,60.5,0,60.5,0,60.5,0,60.5,0,60.5,0,60.5,0,60.5,0,60.5,0,65.8,-0.0805
104991,47.5,47.5,0,47.5,0,47.5,0,47.5,0,47.5,0,47.5,0,47.5,0,60.5,-0.215,60.5,-0.215,65.8,-0.278
104992,,,,,,,,,,,,,,,,,,,,,
104993,47.5,47.5,0,47.5,0,47.5,0,47.5,0,47.5,0,47.5,0,47.5,0,60.5,-0.215,60.5,-0.215,65.8,-0.278
104994,47.5,47.5,0,47.5,0,47.5,0,47.5,0,47.5,0,47.5,0,47.5,0,60.5,-0.215,60.5,-0.215,,
104995,43.8,43.8,0,43.8,0,43.8,0,43.8,0,43.8,0,43.8,0,43.8,0,43.8,0,43.8,0,47.8,-0.0837
105010,75,75,0,75,0,75,0,75,0,75,0,75,0,75,0,75,0,75,0,75,0
105011,26.4,26.4,0,26.4,0,26.4,0,26.4,0,27.6,-0.0435,,,27.6,-0.0435,27.6,-0.0435,27.6,-0.0435,27.6,-0.0435
105012,,,,,,,,,,,,,,,,,,,,,
105013,,,,,,,,,,,,,,,,,,,,,
105014,30,30,0,30,0,30,0,30,0,30,0,30,0,30,0,30,0,30,0,30,0
105015,26,26,0,26,0,26,0,26,0,26,0,26,0,26,0,26,0,26,0,26,0
105016,,,,,,,,,,,,,,,,,,,,,
105049,65.9,65.9,0,65.9,0,65.9,0,65.9,0,65.9,0,65.9,0,65.9,0,65.9,0,65.9,0,66,-0.00152
105050,65.9,65.9,0,65.9,0,65.9,0,65.9,0,65.9,0,65.9,0,65.9,0,58,0.136,65.9,0,66,-0.00152
105053,,,,,,,,,,,,,,,,,,,,,
105055,,,,,,,,,,,,,,,,,,,,,
105060,42.9,42.9,0,42.9,0,42.9,0,42.9,0,42.9,0,42.9,0,42.9,0,,,,,,
105092,10.6,10.6,0,10.6,0,13.2,-0.197,13.2,-0.197,14,-0.243,14,-0.243,,,14,-0.243,13,-0.185,17,-0.376
105097,75,75,0,75,0,75,0,75,0,75,0,75,0,75,0,75,0,75,0,75,0
105098,75,75,0,75,0,75,0,75,0,75,0,75,0,75,0,75,0,75,0,75,0
105099,75,75,0,75,0,75,0,75,0,75,0,75,0,75,0,75,0,75,0,75,0
105260,145,145,0,145,0,145,0,145,0,165,-0.121,165,-0.121,165,-0.121,165,-0.121,165,-0.121,,
105320,,,,,,,,,,,,,,,,,,,,,
105321,21,21,0,21,0,21,0,21,0,21,0,21,0,21,0,21,0,21,0,21,0
105322,,,,,,,,,,,,,,,,,,,,,
105323,,,,,,,,,,,,,,,,,,,,,
105341,149,149,0,149,0,149,0,149,0,149,0,149,0,149,0,149,0,149,0,149,0
105445,29.9,29.9,0,29.9,0,29.9,0,27.5,0.0873,27.5,0.0873,34.5,-0.133,34.5,-0.133,34.5,-0.133,34.5,-0.133,44.4,-0.327
105446,,,,,,,,,,,,,,,,,,,,,
105448,,,,,,,,,,,,,,,,,,,,,
105450,,,,,,,,,,,,,,,,,,,,,
105452,24.5,24.5,0,24.5,0,24.5,0,22,0.114,22,0.114,24.5,0,24.5,0,24.5,0,24.5,0,28.9,-0.152
105453,,,,,,,,,,,,,,,,,,,,,
105454,24.9,24.9,0,24.9,0,24.9,0,23,0.0826,,,,,29,-0.141,29,-0.141,29,-0.141,29.9,-0.167
105455,31,31,0,31,0,31,0,28.9,0.0727,,,36,-0.139,36,-0.139,36,-0.139,36,-0.139,46.1,-0.328
105461,,,,,,,,,,,,,,,,,,,,,
105462,42.5,42.5,0,42.5,0,42.5,0,39,0.0897,39,0.0897,36.5,0.164,63.5,-0.331,63.5,-0.331,,,63.5,-0.331
105471,,,,,,,,,,,,,,,,,,,,,
105485,44,44,0,44,0,44,0,44,0,48,-0.0833,,,48,-0.0833,48,-0.0833,48,-0.0833,48,-0.0833
105487,,,,,,,,,,,,,,,,,,,,,
105488,17.5,17.5,0,17.5,0,17.5,0,17.5,0,17.5,0,17.5,0,17.5,0,17.5,0,17.5,0,17.5,0
105630,,,,,,,,,,,,,,,,,,,,,
105646,59,59,0,59,0,59,0,59,0,59,0,41.9,0.408,41.9,0.408,41.9,0.408,41.9,0.408,41.9,0.408
105647,59,59,0,59,0,59,0,59,0,59,0,41.9,0.408,41.9,0.408,41.9,0.408,41.9,0.408,41.9,0.408
105683,132,132,0,132,0,132,0,132,0,132,0,132,0,132,0,132,0,132,0,157,-0.158
105687,59,59,0,59,0,59,0,59,0,59,0,59,0,59,0,59,0,59,0,59,0
105710,,,,,,,,,,,,,,,,,,,,,
105711,59,59,0,59,0,59,0,59,0,59,0,59,0,59,0,59,0,59,0,59,0
105712,59,59,0,59,0,,,,,,,59,0,59,0,59,0,59,0,59,0
105715,8.9,8.9,0,8.9,0,8.9,0,8.9,0,8.9,0,7.9,0.127,7.9,0.127,8,0.113,8,0.113,16.9,-0.473
105718,,,,,,,,,,,,,,,,,,,,,
105720,,,,,,,,,,,,,,,,,,,,,
105725,,,,,,,,,,,,,,,,,,,,,
105727,,,,,,,,,,,,,,,,,,,,,
105728,99.9,99.9,0,99.9,0,99.9,0,99.9,0,99.9,0,99.9,0,99.9,0,99.9,0,99.9,0,99.9,0
105730,18.6,18.6,0,18.6,0,18.6,0,18.6,0,18.6,0,18.6,0,18.6,0,20.6,-0.0971,20.6,-0.0971,20.6,-0.0971
105731,18.6,18.6,0,18.6,0,18.6,0,18.6,0,18.6,0,18.6,0,18.6,0,20.6,-0.0971,20.6,-0.0971,20.6,-0.0971
105732,99.9,99.9,0,99.9,0,99.9,0,99.9,0,99.9,0,99.9,0,99.9,0,99.9,0,99.9,0,99.9,0
105735,,,,,,,,,,,,,,,,,,,,,
105740,50,50,0,50,0,50,0,50,0,,,50,0,47,0.0638,47,0.0638,,,,
105743,,,,,,,,,,,,,,,,,,,,,
105746,,,,,,,,,,,,,,,,,,,,,
105748,,,,,,,,,,,,,,,,,,,,,
105762,37.3,,,,,37.3,0,37.3,0,,,37.3,0,37.3,0,37.3,0,37.3,0,,
105764,,,,,,,,,,,,,,,,,,,,,
105766,,,,,,,,,,,,,,,,,,,,,
105767,,,,,,,,,,,,,,,,,,,,,
105771,7.9,7.9,0,7.9,0,7.9,0,7.9,0,7.3,0.0822,7.3,0.0822,7.3,0.0822,7.3,0.0822,7.5,0.0533,7.9,0
105775,37.9,37.9,0,37.9,0,37.9,0,37.9,0,36,0.0528,36,0.0528,36,0.0528,36,0.0528,37.9,0,33.9,0.118
105778,5.8,5.8,0,5.8,0,5.8,0,5.8,0,5.8,0,5.8,0,5.8,0,6.2,-0.0645,6.2,-0.0645,6.2,-0.0645
105780,,,,,,,,,,,,,,,,,,,,,
105788,20.5,20.5,0,20.5,0,20.5,0,20.5,0,20.5,0,20.5,0,20.5,0,20.5,0,20.5,0,20.5,0
105789,11.5,11.5,0,11.5,0,11.5,0,11.5,0,11.5,0,11.5,0,11.5,0,11.5,0,11.5,0,11.5,0
105790,,,,,,,,,,,,,,,,,,,,,
105791,37.3,37.3,0,37.3,0,37.3,0,37.3,0,37.3,0,37.3,0,37.3,0,37.3,0,37.3,0,37.3,0
105810,61.3,61.3,0,61.3,0,61.3,0,61.3,0,61.3,0,61.3,0,61.3,0,61.3,0,61.3,0,61.3,0
105821,,,,,,,,,,,,,,,,,,,,,
105823,,,,,,,,,,,,,,,,,,,,,
105831,10.2,10.2,0,10.2,0,10.2,0,10.2,0,10.2,0,9.2,0.109,9.2,0.109,9.2,0.109,9.2,0.109,9.2,0.109
105840,20.9,20.9,0,20.9,0,20.9,0,20.9,0,20.9,0,20.9,0,20.9,0,20.9,0,28.5,-0.267,28.5,-0.267
105842,,,,,,,,,,,,,,,,,,,,,
105843,20.9,20.9,0,20.9,0,20.9,0,20.9,0,20.9,0,20.9,0,20.9,0,20.9,0,28.5,-0.267,28.5,-0.267
105844,20.9,20.9,0,20.9,0,20.9,0,20.9,0,20.9,0,20.9,0,20.9,0,20.9,0,28.5,-0.267,28.5,-0.267
105847,,,,,,,,,,,,,,,,,,,,,
105848,49.3,49.3,0,65.9,-0.252,65.9,-0.252,65.9,-0.252,65.9,-0.252,65.9,-0.252,65.9,-0.252,58,-0.15,66,-0.253,66,-0.253
105851,15.4,15.4,0,15.4,0,15.4,0,15.4,0,15.4,0,15.4,0,15.4,0,,,,,,
105861,22,22,0,22,0,22,0,22,0,22,0,22,0,22,0,22,0,,,22,0
105862,7.7,7.7,0,7.7,0,7.7,0,7.7,0,7.7,0,7.7,0,8,-0.0375,8,-0.0375,8,-0.0375,8,-0.0375
105863,10,10,0,10,0,10,0,10,0,10,0,10,0,10,0,10,0,10,0,10,0
105864,10,10,0,10,0,10,0,10,0,10,0,,,,,,,,,10,0
105865,16.2,16.2,0,16.2,0,16.2,0,16.2,0,16.2,0,,,,,,,,,,
105866,,,,,,,,,,,,,,,,,,,,,
105867,27.5,27.5,0,27.5,0,27.5,0,27.5,0,27.5,0,,,,,,,,,,
105868,42.5,42.5,0,42.5,0,42.5,0,42.5,0,42.5,0,42.5,0,42.5,0,42.5,0,42.5,0,45.4,-0.0639
105911,42.5,42.5,0,42.5,0,42.5,0,42.5,0,42.5,0,42.5,0,46.8,-0.0919,46.8,-0.0919,46.8,-0.0919,50.3,-0.155
105912,106,106,0,106,0,106,0,106,0,106,0,,,,,,,,,106,0
105931,,,,,,,,,,,,,,,,,,,,,
105960,86,86,0,86,0,86,0,78.9,0.09,78.9,0.09,86,0,86,0,91,-0.0549,91,-0.0549,91,-0.0549
105963,,,,,,,,,,,,,,,,,,,,,
105965,,,,,,,,,,,,,,,,,,,,,
106010,,,,,,,,,,,,,,,,,,,,,
106011,,,,,,,,,,,,,,,,,,,,,
106012,88.4,88.4,0,88.4,0,88.4,0,88.4,0,,,,,76.3,0.159,103,-0.143,103,-0.143,109,-0.19
106013,,,,,,,,,,,,,,,,,,,,,
106014,,,,,,,,,,,,,,,,,,,,,
106023,,,,,,,,,,,,,,,,,,,,,
106054,,,,,,,,,,,,,,,,,,,,,
106070,,,,,,,,,,,,,,,,,,,,,
106071,28,28,0,28,0,28,0,28,0,28,0,28,0,33.9,-0.174,33.9,-0.174,33.9,-0.174,36.9,-0.241
106072,60.5,60.5,0,60.5,0,60.5,0,60.5,0,60.5,0,60.5,0,60.5,0,60.5,0,60.5,0,65.8,-0.0805
106073,,,,,,,,,,,,,,,,,,,,,
106074,87.5,87.5,0,87.5,0,87.5,0,87.5,0,87.5,0,87.5,0,87.5,0,87.5,0,87.5,0,98.3,-0.11
106075,,,,,,,,,,,,,,,,,,,,,
106076,,,,,,,,,,,,,,,,,,,,,
106078,60.5,60.5,0,60.5,0,60.5,0,60.5,0,60.5,0,60.5,0,60.5,0,60.5,0,60.5,0,65.8,-0.0805
106079,60.5,60.5,0,60.5,0,60.5,0,60.5,0,60.5,0,60.5,0,60.5,0,60.5,0,60.5,0,65.8,-0.0805
106082,,,,,,,,,,,,,,,,,,,,,
106083,36.8,36.8,0,36.8,0,36.8,0,36.8,0,36.8,0,36.8,0,36.8,0,36.8,0,36.8,0,40,-0.08
106084,59.4,59.4,0,59.4,0,59.4,0,59.4,0,59.4,0,59.4,0,59.4,0,59.4,0,59.4,0,64.5,-0.0791
106085,,,,,,,,,,,,,,,,,,,,,
106086,,,,,,,,,,,,,,,,,,,,,
106090,,,,,,,,,,,,,,,,,,,,,
106151,,,,,,,,,,,,,,,,,,,,,
106152,47.9,47.9,0,47.9,0,47.9,0,,,,,47.9,0,,,45,0.0644,52.9,-0.0945,53.9,-0.111
106153,47.9,47.9,0,47.9,0,47.9,0,47.9,0,,,,,,,45,0.0644,52.9,-0.0945,54.9,-0.128
106154,,,,,,,,,,,,,,,,,,,,,
106277,11.5,11.5,0,11.5,0,11.5,0,11.5,0,11.5,0,8.9,0.292,8.9,0.292,11.3,0.0177,,,11.3,0.0177
106278,11.5,11.5,0,11.5,0,11.5,0,11.5,0,11.5,0,8.9,0.292,,,11.3,0.0177,,,11.3,0.0177
106530,14,14,0,14,0,14,0,14,0,14,0,14,0,,,14,0,14,0,14,0
106531,,,,,,,,,,,,,,,,,,,,,
106532,14,14,0,14,0,14,0,14,0,14,0,14,0,14,0,14,0,14,0,,
106586,43.5,43.5,0,53.9,-0.193,53.9,-0.193,53.9,-0.193,53.9,-0.193,53.9,-0.193,43.1,0.00928,37.7,0.154,54,-0.194,44.9,-0.0312
106588,25,25,0,31.4,-0.204,31.4,-0.204,31.4,-0.204,31.4,-0.204,24.2,0.0331,28.5,-0.123,22.8,0.0965,28.6,-0.126,42.5,-0.412
106592,83,83,0,83,0,83,0,83,0,83,0,83,0,58.1,0.429,83,0,83,0,83,0
106607,186,186,0,186,0,186,0,186,0,186,0,186,0,186,0,186,0,186,0,186,0
106610,,,,,,,,,,,,,,,,,,,,,
106611,,,,,,,,,,,,,,,,,,,,,
106612,46,46,0,46,0,46,0,46,0,46,0,46,0,46,0,46,0,,,55,-0.164
106613,46,46,0,46,0,46,0,46,0,46,0,46,0,55,-0.164,55,-0.164,,,,
106678,8.1,8.1,0,8.1,0,8.1,0,8.1,0,,,7.7,0.0519,7.7,0.0519,10.2,-0.206,10.2,-0.206,10.2,-0.206
106679,13.4,13.4,0,13.4,0,13.4,0,13.4,0,13.4,0,12.8,0.0469,12.8,0.0469,17.2,-0.221,17.2,-0.221,17.2,-0.221
106680,8.1,8.1,0,8.1,0,8.1,0,8.1,0,8.1,0,7.7,0.0519,7.7,0.0519,10.2,-0.206,10.2,-0.206,10.2,-0.206
106681,11.1,11.1,0,11.1,0,11.1,0,11.1,0,11.1,0,11.9,-0.0672,11.9,-0.0672,11.9,-0.0672,11.9,-0.0672,11.9,-0.0672
106682,,,,,,,,,,,,,,,,,,,,,
106683,13.4,13.4,0,13.4,0,13.4,0,13.4,0,13.4,0,12.8,0.0469,12.8,0.0469,17.2,-0.221,17.2,-0.221,17.2,-0.221
106684,8.1,8.1,0,8.1,0,8.1,0,8.1,0,8.1,0,7.7,0.0519,7.7,0.0519,10.2,-0.206,10.2,-0.206,10.2,-0.206
106685,25,25,0,31.4,-0.204,31.4,-0.204,31.4,-0.204,31.4,-0.204,24.2,0.0331,28.5,-0.123,22.8,0.0965,28.6,-0.126,42.5,-0.412
106686,6.5,6.5,0,6.5,0,6.5,0,6.5,0,,,,,,,,,,,,
106687,24,24,0,24,0,24,0,24,0,,,,,,,,,,,,
106688,,,,,,,,,,,,,,,,,,,,,
106712,,,,,,,,,,,,,,,,,,,,,
106779,50,50,0,50,0,50,0,50,0,50,0,50,0,50,0,50,0,50,0,50,0
106831,41.9,33.3,0.258,41.9,0,41.9,0,41.9,0,41.9,0,41.9,0,33.5,0.251,41.9,0,33.5,0.251,45,-0.0689
106832,,,,,,,,,,,,,,,,,,,,,
106840,35.6,35.6,0,35.6,0,35.6,0,35.6,0,35.6,0,31.9,0.116,31.9,0.116,,,31.9,0.116,31.9,0.116
106910,42.5,42.5,0,42.5,0,42.5,0,42.5,0,42.5,0,42.5,0,46.8,-0.0919,46.8,-0.0919,46.8,-0.0919,50.3,-0.155
107010,20.9,20.9,0,20.9,0,20.9,0,20.9,0,20.9,0,20.9,0,,,20.9,0,23,-0.0913,19,0.1
107011,20.9,20.9,0,20.9,0,20.9,0,20.9,0,20.9,0,20.9,0,20.9,0,20.9,0,23,-0.0913,23,-0.0913
107012,20.9,20.9,0,20.9,0,20.9,0,20.9,0,20.9,0,20.9,0,20.9,0,20.9,0,28.5,-0.267,28.5,-0.267
107015,29.5,29.5,0,29.5,0,29.5,0,29.5,0,29.5,0,29.5,0,29.5,0,29.5,0,29.5,0,29.5,0
107016,29.5,29.5,0,29.5,0,29.5,0,,,29.5,0,29.5,0,29.5,0,29.5,0,29.5,0,29.5,0
107025,15.5,15.5,0,20,-0.225,20,-0.225,20,-0.225,20,-0.225,20,-0.225,20,-0.225,20,-0.225,20,-0.225,16.6,-0.0663
107027,20,20,0,20,0,20,0,20,0,20,0,20,0,20,0,20,0,20,0,20,0
107028,139,139,0,139,0,139,0,139,0,139,0,99.9,0.391,99.9,0.391,99.9,0.391,99.9,0.391,99.9,0.391
107029,,,,,,,,,,,,,,,,,,,,,
107031,89,89,0,89,0,89,0,89,0,89,0,89,0,,,89,0,89,0,,
107032,75,75,0,75,0,75,0,75,0,75,0,75,0,75,0,75,0,75,0,75,0
107033,75,75,0,75,0,75,0,75,0,75,0,75,0,75,0,75,0,75,0,75,0
107035,75,75,0,75,0,75,0,75,0,75,0,75,0,75,0,75,0,75,0,75,0
107093,,,,,,,,,,,,,,,,,,,,,
107118,,,,,,,,,,,,,,,,,,,,,
107120,17,17,0,17,0,17,0,17,0,17,0,17,0,17,0,19.9,-0.146,19.9,-0.146,26.5,-0.358
107182,,,,,,,,,,,,,,,,,,,,,
107190,,,,,,,,,,,,,,,,,,,,,
107202,51,51,0,51,0,51,0,51,0,51,0,51,0,,,,,51,0,44.5,0.146
107207,,,,,,,,,,,,,,,,,,,,,
107213,24.5,24.5,0,24.5,0,24.5,0,,,,,,,,,24.5,0,33.5,-0.269,33.5,-0.269
107216,8.5,8.5,0,8.5,0,8.5,0,8.5,0,8.5,0,8.5,0,8.5,0,10,-0.15,10,-0.15,10,-0.15
107218,,,,,,,,,,,,,,,,,,,,,
107484,,,,,,,,,,,,,,,,,,,,,
107492,74.9,74.9,0,74.9,0,74.9,0,74.9,0,74.9,0,,,,,69.9,0.0715,,,,
107715,,,,,,,,,,,,,,,,,,,,,
107717,18.5,18.5,0,18.5,0,18.5,0,18.5,0,18.5,0,18.5,0,18.5,0,21,-0.119,21,-0.119,21,-0.119
107815,10,10,0,10,0,,,10,0,10,0,,,,,,,,,,
107817,,,,,,,,,,,,,,,,,,,,,
107818,10,10,0,10,0,10,0,10,0,10,0,10,0,,,11.1,-0.0991,11.1,-0.0991,11.1,-0.0991
107977,81,81,0,81,0,,,81,0,81,0,81,0,81,0,81,0,,,81,0
108030,,,,,,,,,,,,,,,,,,,,,
108037,195,195,0,195,0,195,0,195,0,195,0,195,0,239,-0.184,239,-0.184,229,-0.148,269,-0.275
108038,195,195,0,195,0,195,0,195,0,195,0,195,0,239,-0.184,239,-0.184,229,-0.148,269,-0.275
108039,195,195,0,195,0,195,0,195,0,195,0,195,0,239,-0.184,239,-0.184,229,-0.148,269,-0.275
108050,,,,,,,,,,,,,,,,,,,,,
108074,,,,,,,,,,,,,,,,,,,,,
108090,31,31,0,31,0,31,0,31,0,31,0,31,0,31,0,31,0,37,-0.162,37,-0.162
108091,27.6,27.6,0,34.5,-0.2,34.5,-0.2,34.5,-0.2,34.5,-0.2,34.5,-0.2,34.5,-0.2,34.5,-0.2,41,-0.327,42,-0.343
108120,19.5,19.5,0,19.5,0,19.5,0,19.5,0,19.5,0,19.5,0,19.5,0,21,-0.0714,21,-0.0714,21,-0.0714
108130,,,,,,,,,,,,,,,,,,,,,
108131,236,236,0,236,0,236,0,236,0,,,,,236,0,236,0,,,,
108185,42.5,42.5,0,42.5,0,42.5,0,42.5,0,42.5,0,42.5,0,43.5,-0.023,43.5,-0.023,43.5,-0.023,51.5,-0.175
108186,39.5,39.5,0,39.5,0,39.5,0,39.5,0,39.5,0,39.5,0,49,-0.194,51.5,-0.233,51.5,-0.233,51.5,-0.233
108187,,,,,,,,,,,,,,,,,,,,,
108222,20,20,0,20,0,20,0,,,,,,,,,,,,,,
108223,20,20,0,20,0,20,0,20,0,20,0,20,0,,,20,0,20,0,20,0
108520,,,,,,,,,,,,,,,,,,,,,
108530,54.6,54.6,0,96,-0.431,96,-0.431,96,-0.431,96,-0.431,96,-0.431,96,-0.431,70,-0.22,65,-0.16,,
108531,54.6,54.6,0,96,-0.431,96,-0.431,96,-0.431,96,-0.431,96,-0.431,96,-0.431,70,-0.22,65,-0.16,,
108532,69.8,69.8,0,114,-0.388,114,-0.388,89,-0.216,89,-0.216,114,-0.388,114,-0.388,85,-0.179,80,-0.128,,
108533,10.2,10.2,0,13,-0.215,13,-0.215,11,-0.0727,11,-0.0727,10.1,0.0099,14.4,-0.292,,,14.4,-0.292,11.5,-0.113
108534,57.6,57.6,0,57.6,0,57.6,0,50.4,0.143,48,0.2,57.6,0,44,0.309,,,57.6,0,,
108535,9.6,9.6,0,9.6,0,9.6,0,9.6,0,10,-0.04,10,-0.04,10,-0.04,,,10,-0.04,,
108552,51,51,0,51,0,51,0,51,0,,,51,0,48,0.0625,48,0.0625,,,,
108553,,,,,,,,,,,,,,,,,,,,,
108554,78,78,0,78,0,78,0,78,0,78,0,78,0,78,0,68,0.147,,,,
108561,94.9,94.9,0,94.9,0,94.9,0,94.9,0,94.9,0,64.9,0.462,49,0.937,64.9,0.462,64.9,0.462,64.9,0.462
108565,,,,,,,,,,,,,,,,,,,,,
108566,,,,,,,,,,,,,,,,,,,,,
108591,25,25,0,25,0,25,0,25,0,25,0,25,0,25,0,25,0,25,0,25,0
108592,25,25,0,25,0,25,0,25,0,25,0,25,0,25,0,25,0,25,0,25,0
108632,,,,,,,,,,,,,,,,,,,,,
108634,20,20,0,20,0,20,0,20,0,20,0,20,0,20,0,20,0,20,0,20,0
108635,24,24,0,24,0,24,0,24,0,24,0,,,24,0,24,0,24,0,24,0
108637,37.5,37.5,0,46,-0.185,46,-0.185,46,-0.185,46,-0.185,42.2,-0.111,42.2,-0.111,42.2,-0.111,52.7,-0.288,56.9,-0.341
108638,30.8,30.8,0,30.8,0,30.8,0,26.6,0.158,43.2,-0.287,35.9,-0.142,35.9,-0.142,35.9,-0.142,35.9,-0.142,37.5,-0.179
108639,79.9,79.9,0,79.9,0,79.9,0,79.9,0,79.9,0,79.9,0,79.9,0,79.9,0,79.9,0,74,0.0797
108655,86.4,86.4,0,86.4,0,86.4,0,86.4,0,86.4,0,,,86.4,0,86.4,0,86.4,0,86.4,0
108656,,,,,,,,,,,,,,,,,,,,,
108660,71.5,71.5,0,71.5,0,71.5,0,71.5,0,71.5,0,71.5,0,71.5,0,71.5,0,71.5,0,78,-0.0833
108661,,,,,,,,,,,,,,,,,,,,,
108663,71.5,71.5,0,71.5,0,71.5,0,71.5,0,71.5,0,71.5,0,71.5,0,,,71.5,0,79.3,-0.0984
108664,76.7,76.7,0,76.7,0,76.7,0,76.7,0,76.7,0,76.7,0,76.7,0,,,,,85.8,-0.106
108665,76.7,76.7,0,76.7,0,76.7,0,76.7,0,76.7,0,76.7,0,76.7,0,,,76.7,0,85.8,-0.106
108666,,,,,,,,,,,,,,,,,,,,,
108667,,,,,,,,,,,,,,,,,,,,,
108702,,,,,,,,,,,,,,,,,,,,,
108705,59.3,59.3,0,59.3,0,59.3,0,47.3,0.254,47.3,0.254,53.9,0.1,43.1,0.376,53.9,0.1,43.2,0.373,80.9,-0.267
108706,59.3,59.3,0,59.3,0,59.3,0,44,0.348,44,0.348,53.9,0.1,43.1,0.376,53.9,0.1,43.2,0.373,80.9,-0.267
108715,,,,,,,,,,,,,,,,,,,,,
108720,61.5,61.5,0,61.5,0,61.5,0,61.5,0,61.5,0,61.5,0,61.5,0,61.5,0,61.5,0,66.3,-0.0724
108721,46.3,46.3,0,46.3,0,46.3,0,46.3,0,46.3,0,46.3,0,46.3,0,46.3,0,46.3,0,49.8,-0.0703
108730,,,,,,,,,,,,,,,,,,,,,
108740,,,,,,,,,,,,,,,,,,,,,
108750,,,,,,,,,,,,,,,,,,,,,
108751,,,,,,,,,,,,,,,,,,,,,
108752,18,18,0,18,0,18,0,18,0,18,0,18,0,18,0,14,0.286,18,0,18,0
108753,97.4,97.4,0,97.4,0,97.4,0,97.4,0,97.4,0,97.4,0,82.9,0.175,78,0.249,97,0.00412,86.4,0.127
108760,95.2,95.2,0,95.2,0,127,-0.25,127,-0.25,127,-0.25,,,,,,,127,-0.25,127,-0.25
108761,130,130,0,130,0,185,-0.3,130,0,130,0,185,-0.3,185,-0.3,185,-0.3,185,-0.3,185,-0.3
108768,,,,,,,,,,,,,,,,,,,,,
108769,,,,,,,,,,,,,,,,,,,,,
108788,,,,,,,,,,,,,,,,,,,,,
108820,13.6,13.6,0,15,-0.0933,15,-0.0933,13.6,0,12.7,0.0709,15,-0.0933,12.5,0.088,15,-0.0933,15,-0.0933,,
108821,13.6,13.6,0,15,-0.0933,15,-0.0933,13.6,0,12.7,0.0709,15,-0.0933,12.5,0.088,15,-0.0933,15,-0.0933,19.5,-0.303
108830,,,,,,,,,,,,,,,,,,,,,
108861,,,,,,,,,,,,,,,,,,,,,
108863,10,10,0,10,0,10,0,10,0,10,0,10,0,10,0,10,0,10,0,10,0
108864,,,,,,,,,,,,,,,,,,,,,
108870,,,,,,,,,,,,,,,,,,,,,
108871,34.5,34.5,0,34.5,0,,,34.5,0,34.5,0,34.5,0,34.5,0,,,,,31,0.113
108875,62.4,62.4,0,62.4,0,62.4,0,62.4,0,62.4,0,62.4,0,62.4,0,,,,,,
108876,62.4,62.4,0,62.4,0,62.4,0,62.4,0,62.4,0,62.4,0,62.4,0,,,,,69.6,-0.103
108890,21,21,0,21,0,21,0,21,0,21,0,21,0,21,0,21,0,21,0,21,0
108893,21,21,0,21,0,21,0,21,0,21,0,21,0,21,0,21,0,21,0,21,0
108906,,,,,,,,,,,,,,,,,,,,,
108912,14,14,0,14,0,14,0,14,0,,,14,0,14,0,,,,,,
108944,,,,,,,,,,,,,,,,,,,,,
109013,,,,,,,,,,,,,,,,,,,,,
109014,,,,,,,,,,,,,,,,,,,,,
109015,,,,,,,,,,,,,,,,,,,,,
109019,,,,,,,,,,,,,,,,,,,,,
109020,,,,,,,,,,,,,,,,,,,,,
109021,16.8,16.8,0,16.8,0,16.8,0,16.8,0,16.8,0,16.8,0,16.8,0,16.8,0,16.8,0,16.8,0
109022,27.5,27.5,0,27.5,0,27.5,0,27.5,0,27.5,0,27.5,0,27.5,0,27.5,0,27.5,0,27.5,0
109023,64.5,64.5,0,64.5,0,64.5,0,64.5,0,64.5,0,56.1,0.15,56.1,0.15,55,0.173,74,-0.128,73.9,-0.127
109024,,,,,,,,,,,,,,,,,,,,,
109036,,,,,,,,,,,,,,,,,,,,,
109037,,,,,,,,,,,,,,,,,,,,,
109038,,,,,,,,,,,,,,,,,,,,,
109039,,,,,,,,,,,,,,,,,,,,,
109040,,,,,,,,,,,,,,,,,,,,,
109044,,,,,,,,,,,,,,,,,,,,,
109045,,,,,,,,,,,,,,,,,,,,,
109060,66.4,66.4,0,66.4,0,83,-0.2,83,-0.2,83,-0.2,83,-0.2,83,-0.2,83,-0.2,83,-0.2,83,-0.2
109061,83,83,0,83,0,83,0,83,0,83,0,83,0,83,0,83,0,83,0,83,0
109062,83,83,0,83,0,83,0,83,0,83,0,83,0,83,0,83,0,83,0,83,0
109064,13,13,0,13,0,13,0,13,0,13,0,,,,,13,0,13,0,10.8,0.204
109070,29,29,0,29,0,29,0,,,,,29,0,29,0,32,-0.0938,32,-0.0938,32,-0.0938
109071,19.5,19.5,0,19.5,0,19.5,0,19.5,0,19.5,0,19.5,0,19.5,0,19.5,0,19.5,0,19.5,0
109072,,,,,,,,,,,,,,,,,,,,,
109073,,,,,,,,,,,,,,,,,,,,,
109074,,,,,,,,,,,,,,,,,,,,,
109076,,,,,,,,,,,,,,,,,,,,,
109078,,,,,,,,,,,,,,,,,,,,,
109081,18,18,0,18,0,18,0,18,0,18,0,18,0,18,0,,,24,-0.25,,
109090,,,,,,,,,,,,,,,,,,,,,
109091,124,,,,,,,,,,,,,124,0,,,124,0,136,-0.0952
109092,,,,,,,,,,,,,,,,,,,,,
109093,188,188,0,188,0,188,0,188,0,188,0,188,0,188,0,188,0,188,0,208,-0.0938
109095,27.5,27.5,0,27.5,0,27.5,0,27.5,0,27.5,0,27.5,0,,,27.5,0,27.5,0,27.5,0
109116,,,,,,,,,,,,,,,,,,,,,
109117,,,,,,,,,,,,,,,,,,,,,
109118,,,,,,,,,,,,,,,,,,,,,
109119,,,,,,,,,,,,,,,,,,,,,
109121,,,,,,,,,,,,,,,,,,,,,
109122,,,,,,,,,,,,,,,,,,,,,
109123,,,,,,,,,,,,,,,,,,,,,
109124,,,,,,,,,,,,,,,,,,,,,
109125,,,,,,,,,,,,,,,,,,,,,
109127,17,17,0,17,0,17,0,17,0,17,0,17,0,17,0,17,0,17,0,17,0
109211,,,,,,,,,,,,,,,,,,,,,
109212,,,,,,,,,,,,,,,,,,,,,
109213,11,11,0,11,0,11,0,11,0,11,0,10,0.1,10,0.1,10.1,0.0891,10.1,0.0891,15,-0.267
109216,25,25,0,25,0,25,0,25,0,25,0,25,0,25,0,25,0,25,0,,
109219,59,59,0,59,0,59,0,59,0,59,0,59,0,59,0,59,0,59,0,59,0
109222,,,,,,,,,,,,,,,,,,,,,
109223,,,,,,,,,,,,,,,,,,,,,
109228,,,,,,,,,,,,,,,,,,,,,
109229,,,,,,,,,,,,,,,,,,,,,
109230,14.4,14.4,0,14.4,0,14.4,0,14.4,0,14.4,0,14.4,0,14.4,0,14.4,0,14.4,0,14.4,0
109232,14.4,,,,,14.4,0,14.4,0,14.4,0,14.4,0,14.4,0,14.4,0,14.4,0,14.4,0
109233,38.8,38.8,0,38.8,0,38.8,0,38.8,0,38.8,0,38.8,0,38.8,0,38.8,0,38.8,0,,
109234,27.9,27.9,0,27.9,0,27.9,0,27.9,0,27.9,0,27.9,0,27.9,0,27.9,0,27.9,0,,
109240,29.3,29.3,0,29.3,0,29.3,0,29.3,0,29.3,0,29.3,0,29.3,0,29.3,0,29.3,0,29.3,0
109241,29.3,29.3,0,29.3,0,29.3,0,29.3,0,29.3,0,29.3,0,29.3,0,29.3,0,29.3,0,29.3,0
109242,29.2,29.2,0,29.2,0,29.2,0,29.2,0,29.2,0,29.2,0,24.8,0.177,29,0.0069,29,0.0069,,
109243,29,29,0,29,0,29,0,29,0,29,0,29,0,29,0,29,0,29,0,29,0
109245,15,15,0,15,0,15,0,15,0,15,0,15,0,15,0,20,-0.25,20,-0.25,20,-0.25
109246,14,14,0,14,0,14,0,14,0,14,0,14,0,14,0,17,-0.176,17,-0.176,17,-0.176
109247,,,,,,,,,,,,,,,,,,,,,
109248,,,,,,,,,,,,,,,,,,,,,
109249,18.2,18.2,0,18.2,0,18.2,0,18.2,0,18.2,0,18.2,0,18.2,0,18.2,0,19,-0.0421,19,-0.0421
109250,19,19,0,19,0,19,0,19,0,19,0,19,0,19,0,,,,,19,0
109251,19.2,19.2,0,19.2,0,19.2,0,19.2,0,19.2,0,19.2,0,19.2,0,19.2,0,19.2,0,,
109252,19.2,19.2,0,19.2,0,19.2,0,19.2,0,19.2,0,19.2,0,19.2,0,19.2,0,19.2,0,19.2,0
109253,18.2,18.2,0,18.2,0,18.2,0,18.2,0,18.2,0,18.2,0,18.2,0,18.2,0,19,-0.0421,19,-0.0421
109254,23.9,23.9,0,23.9,0,23.9,0,23.9,0,23.9,0,23.9,0,23.9,0,23.9,0,23.9,0,31,-0.229
109255,23.9,23.9,0,23.9,0,23.9,0,23.9,0,23.9,0,23.9,0,,,23.9,0,23.9,0,31,-0.229
109256,23.9,23.9,0,23.9,0,23.9,0,23.9,0,23.9,0,23.9,0,23.9,0,20.9,0.144,23.9,0,31,-0.229
109257,23.9,23.9,0,23.9,0,23.9,0,23.9,0,23.9,0,23.9,0,,,20.9,0.144,23.9,0,25.5,-0.0627
109265,14.4,14.4,0,14.4,0,14.4,0,14.4,0,13,0.108,14.4,0,14.4,0,14.4,0,15,-0.04,15,-0.04
109266,57.5,57.5,0,57.5,0,57.5,0,57.5,0,57.5,0,57.5,0,57.5,0,57.5,0,57.5,0,62,-0.0726
109267,16,16,0,16,0,16,0,16,0,16,0,16,0,16,0,16,0,16,0,16,0
109268,20.9,20.9,0,20.9,0,20.9,0,20.9,0,20.9,0,20.9,0,,,20.9,0,20.9,0,20.9,0
109269,,,,,,,,,,,,,,,,,,,,,
109270,,,,,,,,,,,,,,,,,,,,,
109271,11.7,11.7,0,11.7,0,11.7,0,11.7,0,11.7,0,,,,,13,-0.1,13,-0.1,,
109272,21.3,21.3,0,21.3,0,21.3,0,21.3,0,21.3,0,21.3,0,21.3,0,21.3,0,17.5,0.217,21,0.0143
109273,118,118,0,118,0,118,0,118,0,118,0,118,0,94.4,0.25,118,0,118,0,118,0
109274,118,118,0,118,0,118,0,118,0,118,0,118,0,94.4,0.25,118,0,118,0,118,0
109275,,,,,,,,,,,,,,,,,,,,,
109276,118,118,0,118,0,118,0,118,0,118,0,118,0,94.4,0.25,118,0,118,0,118,0
109277,118,118,0,118,0,118,0,118,0,118,0,118,0,94.4,0.25,118,0,118,0,118,0
109279,,,,,,,,,,,,,,,,,,,,,
109291,64.5,64.5,0,64.5,0,64.5,0,64.5,0,64.5,0,79.7,-0.191,79.7,-0.191,79.7,-0.191,79.7,-0.191,,
109292,42.9,42.9,0,42.9,0,42.9,0,42.9,0,42.9,0,34.4,0.247,34.4,0.247,51,-0.159,51,-0.159,51,-0.159
109294,,,,,,,,,,,,,,,,,,,,,
109295,77.4,77.4,0,77.4,0,77.4,0,77.4,0,,,65,0.191,65,0.191,68.8,0.125,,,,
109296,77.4,77.4,0,77.4,0,77.4,0,77.4,0,77.4,0,65,0.191,65,0.191,68.8,0.125,89.3,-0.133,89.2,-0.132
109297,,,,,,,,,,,,,,,,,,,,,
109298,,,,,,,,,,,,,,,,,,,,,
109299,,,,,,,,,,,,,,,,,,,,,
109308,,,,,,,,,,,,,,,,,,,,,
109310,227,227,0,227,0,227,0,227,0,227,0,227,0,227,0,165,0.375,227,0,199,0.14
109311,227,227,0,227,0,227,0,227,0,227,0,227,0,227,0,165,0.375,227,0,199,0.14
109312,227,227,0,227,0,227,0,227,0,227,0,227,0,227,0,165,0.375,227,0,199,0.14
109313,227,227,0,227,0,227,0,227,0,227,0,227,0,227,0,165,0.375,227,0,199,0.14
109314,19,19,0,19,0,19,0,19,0,19,0,19,0,19,0,20,-0.05,20,-0.05,20,-0.05
109337,28.5,28.5,0,28.5,0,28.5,0,28.5,0,28.5,0,28.5,0,28.5,0,28.5,0,,,28.5,0
109410,,,,,,,,,,,,,,,,,,,,,
109411,41.3,41.3,0,41.3,0,41.3,0,41.3,0,41.3,0,41.3,0,41.3,0,41.3,0,41.3,0,44.5,-0.0719
109412,,,,,,,,,,,,,,,,,,,,,
109413,78.3,78.3,0,78.3,0,78.3,0,78.3,0,78.3,0,78.3,0,78.3,0,78.3,0,78.3,0,84.1,-0.069
109414,,,,,,,,,,,,,,,,,,,,,
109415,29.9,,,,,,,,,,,29,0.031,29,0.031,29,0.031,33,-0.0939,36,-0.169
109496,32.3,32.3,0,32.3,0,32.3,0,38,-0.15,38,-0.15,38,-0.15,36,-0.103,30,0.0767,41.5,-0.222,41,-0.212
109497,,,,,,,,,,,,,,,,,,,,,
109498,,,,,,,,,,,,,,,,,,,,,
109499,,,,,,,,,,,,,,,,,,,,,
109500,,,,,,,,,,,,,,,,,,,,,
109515,,,,,,,,,,,,,,,,,,,,,
109516,,,,,,,,,,,,,,,,,,,,,
109518,,,,,,,,,,,,,,,,,,,,,
109519,101,101,0,101,0,101,0,101,0,101,0,91.3,0.106,91.3,0.106,91.3,0.106,114,-0.114,114,-0.116
109523,33,33,0,33,0,33,0,33,0,33,0,28.9,0.142,,,28.9,0.142,40.9,-0.193,,
109524,26,,,,,,,,,26,0,23.6,0.102,,,19.6,0.327,30.5,-0.148,25.9,0.00386
109526,26,26,0,26,0,26,0,26,0,26,0,23.6,0.102,23.6,0.102,23.6,0.102,33.6,-0.226,33.6,-0.226
109530,,,,,,,,,,,,,,,,,,,,,
109531,,,,,,,,,,,,,,,,,,,,,
109544,,,,,,,,,,,,,,,,,,,,,
109550,,,,,,,,,,,,,,,,,,,,,
109551,75,75,0,75,0,75,0,75,0,75,0,75,0,75,0,75,0,75,0,75,0
109552,75,75,0,75,0,75,0,75,0,75,0,75,0,75,0,75,0,75,0,75,0
109553,75,75,0,75,0,75,0,75,0,75,0,75,0,75,0,75,0,75,0,75,0
109555,187,187,0,187,0,187,0,187,0,187,0,187,0,187,0,187,0,187,0,187,0
109556,187,187,0,187,0,187,0,187,0,187,0,187,0,187,0,187,0,187,0,,
109558,74,74,0,74,0,74,0,74,0,74,0,74,0,74,0,74,0,85,-0.129,100,-0.26
109559,,,,,,,,,,,,,,,,,,,,,
109574,163,163,0,163,0,163,0,122,0.336,122,0.336,163,0,163,0,163,0,163,0,163,0
109575,163,163,0,163,0,163,0,122,0.336,122,0.336,163,0,163,0,163,0,163,0,163,0
109577,,,,,,,,,,,,,,,,,,,,,
109578,61,61,0,61,0,61,0,61,0,61,0,,,,,61,0,61,0,61,0
109579,,,,,,,,,,,,,,,,,,,,,
109581,63,63,0,63,0,63,0,63,0,52.9,0.191,52.9,0.191,52.9,0.191,,,66.2,-0.0483,66.2,-0.0483
109582,63,63,0,63,0,63,0,63,0,52.9,0.191,52.9,0.191,52.9,0.191,66.2,-0.0483,66.2,-0.0483,66.2,-0.0483
109583,,,,,,,,,,,,,,,,,,,,,
109620,,,,,,,,,,,,,,,,,,,,,
109621,,,,,,,,,,,,,,,,,,,,,
109622,6.2,6.2,0,6.2,0,6.2,0,6.2,0,6.2,0,6.2,0,6.2,0,6.2,0,6.2,0,7.5,-0.173
109623,8.4,8.4,0,8,0.05,8,0.05,8,0.05,8,0.05,8,0.05,8,0.05,8,0.05,8,0.05,8,0.05
109625,25,25,0,25,0,25,0,25,0,25,0,25,0,25,0,25,0,25,0,25,0
109626,25,25,0,25,0,25,0,25,0,25,0,25,0,25,0,25,0,25,0,25,0
109627,20.6,20.6,0,20.6,0,20.6,0,20.6,0,20.6,0,20.6,0,20.6,0,20.6,0,20.6,0,20.6,0
109628,18.6,18.6,0,18.6,0,18.6,0,18.6,0,18.6,0,18.6,0,18.6,0,20.6,-0.0971,20.6,-0.0971,20.6,-0.0971
109642,21.9,21.9,0,26,-0.158,26,-0.158,26,-0.158,26,-0.158,23.6,-0.072,,,23.6,-0.072,30.5,-0.282,,
109643,33,33,0,33,0,33,0,33,0,33,0,28.3,0.166,,,28.3,0.166,37.1,-0.111,37.1,-0.111
109644,26,26,0,26,0,26,0,26,0,26,0,22.5,0.156,22.5,0.156,22.5,0.156,28,-0.0714,29.2,-0.11
109645,33,33,0,33,0,33,0,33,0,33,0,28.9,0.142,,,28.9,0.142,38.3,-0.138,38.3,-0.138
109646,33,33,0,33,0,33,0,33,0,33,0,28.9,0.142,,,28.9,0.142,39.8,-0.171,39.7,-0.169
109648,21,21,0,21,0,21,0,21,0,21,0,18.5,0.135,18.5,0.135,18.5,0.135,26.1,-0.195,23.8,-0.118
109649,21,21,0,21,0,21,0,21,0,21,0,18.5,0.135,,,18.5,0.135,23.4,-0.103,,
109650,33,33,0,33,0,33,0,33,0,33,0,28.9,0.142,28.9,0.142,28.9,0.142,35.4,-0.0678,38.5,-0.143
109651,33,33,0,33,0,33,0,33,0,33,0,,,28.9,0.142,28.9,0.142,39.5,-0.165,39.9,-0.173
109653,21,21,0,21,0,21,0,21,0,21,0,18.5,0.135,18.5,0.135,18.5,0.135,,,,
109654,21,21,0,21,0,21,0,21,0,21,0,18.5,0.135,18.5,0.135,18.5,0.135,26.1,-0.195,26.1,-0.195
109655,26,26,0,26,0,26,0,26,0,26,0,23.6,0.102,23.6,0.102,23.6,0.102,34,-0.235,,
109656,26,26,0,26,0,26,0,26,0,26,0,23.6,0.102,,,23.6,0.102,34,-0.235,34,-0.235
109658,26,26,0,26,0,26,0,26,0,26,0,23.6,0.102,23.6,0.102,23.6,0.102,34,-0.235,34,-0.235
109715,,,,,,,,,,,,,,,,,,,,,
109716,14.4,14.4,0,14.4,0,14.4,0,,,,,,,,,,,,,15,-0.04
109717,25.2,25.2,0,25.2,0,25.2,0,25.2,0,25.2,0,,,21,0.2,25.2,0,25.2,0,26,-0.0308
109732,,,,,,,,,,,,,,,,,,,,,
109733,,,,,,,,,,,,,,,,,,,,,
109734,,,,,,,,,,,,,,,,,,,,,
109751,,,,,,,,,,,,,,,,,,,,,
109752,,,,,,,,,,,,,,,,,,,,,
109755,,,,,,,,,,,,,,,,,,,,,
109760,29,29,0,29,0,29,0,29,0,29,0,29,0,29,0,32,-0.0938,32,-0.0938,32,-0.0938
109763,44,44,0,44,0,44,0,44,0,44,0,44,0,44,0,50,-0.12,60,-0.267,60,-0.267
109800,,,,,,,,,,,,,,,,,,,,,
109801,,,,,,,,,,,,,,,,,,,,,
109802,,,,,,,,,,,,,,,,,,,,,
109805,24.8,24.8,0,24.8,0,24.8,0,24.8,0,24.8,0,24.8,0,24.8,0,24.8,0,24.8,0,24.8,0
109809,90,90,0,90,0,90,0,90,0,90,0,90,0,90,0,90,0,90,0,90,0
109820,,,,,,,,,,,,,,,,,,,,,
109821,,,,,,,,,,,,,,,,,,,,,
109822,,,,,,,,,,,,,,,,,,,,,
109823,,,,,,,,,,,,,,,,,,,,,
109824,,,,,,,,,,,,,,,,,,,,,
109956,12,12,0,12,0,12,0,12,0,18.6,-0.355,18.6,-0.355,18.6,-0.355,18.6,-0.355,,,18.6,-0.355
109957,25,25,0,45.6,-0.452,45.6,-0.452,45.6,-0.452,45.6,-0.452,45.6,-0.452,45.6,-0.452,30,-0.167,37,-0.324,54,-0.537
109958,49,49,0,90,-0.456,,,,,90,-0.456,90,-0.456,90,-0.456,90,-0.456,75,-0.347,94.8,-0.483
109959,12,12,0,12,0,12,0,12,0,,,,,,,,,,,18.6,-0.355
109960,25,25,0,45.6,-0.452,45.6,-0.452,45.6,-0.452,45.6,-0.452,45.6,-0.452,45.6,-0.452,30,-0.167,37,-0.324,54,-0.537
109961,49,49,0,90,-0.456,90,-0.456,90,-0.456,90,-0.456,90,-0.456,90,-0.456,90,-0.456,75,-0.347,,
110022,44.9,44.9,0,44.9,0,44.9,0,44.9,0,44.9,0,44.9,0,44.9,0,44.9,0,,,,
110078,27.4,27.4,0,27.4,0,27.4,0,27.4,0,27.4,0,27.4,0,21,0.305,27.4,0,29.5,-0.0712,29.5,-0.0712
110151,27.5,27.5,0,27.5,0,27.5,0,27.5,0,22.5,0.222,,,,,,,27.5,0,27.5,0
110201,82,82,0,82,0,82,0,82,0,82,0,82,0,82,0,82,0,82,0,82,0
110202,39.5,39.5,0,39.5,0,39.5,0,39.5,0,39.5,0,39.5,0,39.5,0,39.5,0,39.5,0,39.5,0
110203,39.5,39.5,0,39.5,0,39.5,0,39.5,0,39.5,0,39.5,0,39.5,0,39.5,0,,,,
110204,,,,,,,,,,,,,,,,,,,,,
110205,,,,,,,,,,,,,,,,,,,,,
110207,39.5,39.5,0,39.5,0,39.5,0,39.5,0,39.5,0,39.5,0,39.5,0,39.5,0,,,,
110208,,,,,,,,,,,,,,,,,,,,,
110209,,,,,,,,,,,,,,,,,,,,,
110210,39.5,39.5,0,39.5,0,39.5,0,39.5,0,39.5,0,39.5,0,39.5,0,39.5,0,39.5,0,39.5,0
110214,39.5,39.5,0,39.5,0,39.5,0,39.5,0,39.5,0,39.5,0,39.5,0,39.5,0,39.5,0,39.5,0
110215,29,29,0,29,0,29,0,29,0,39.5,-0.266,39.5,-0.266,39.5,-0.266,39.5,-0.266,39.5,-0.266,39.5,-0.266
110277,105,105,0,105,0,105,0,105,0,105,0,105,0,105,0,105,0,105,0,105,0
110435,12.5,12.5,0,12.5,0,12.5,0,12.5,0,12.5,0,12.5,0,12.5,0,13,-0.0385,13,-0.0385,13,-0.0385
110510,9.9,9.9,0,9.9,0,9.9,0,9.9,0,19.9,-0.503,9.9,0,9.9,0,18.9,-0.476,,,14.9,-0.336
110577,,,,,,,,,,,,,,,,,,,,,
110701,30.5,30.5,0,30.5,0,30.5,0,30.5,0,30.5,0,,,,,,,30.5,0,,
110877,31,31,0,31,0,31,0,31,0,31,0,31,0,,,31,0,31,0,27.5,0.127
110879,31,31,0,31,0,31,0,31,0,31,0,31,0,31,0,31,0,31,0,27.5,0.127
111001,,,,,,,,,,,,,,,,,,,,,
111003,,,,,,,,,,,,,,,,,,,,,
111004,,,,,,,,,,,,,,,,,,,,,
111007,,,,,,,,,,,,,,,,,,,,,
111010,,,,,,,,,,,,,,,,,,,,,
111054,48.5,48.5,0,48.5,0,48.5,0,36,0.347,36,0.347,36,0.347,36,0.347,36,0.347,36,0.347,36,0.347
111058,48.5,48.5,0,48.5,0,48.5,0,36,0.347,36,0.347,36,0.347,36,0.347,36,0.347,36,0.347,36,0.347
111062,,,,,,,,,,,,,,,,,,,,,
111087,41,41,0,41,0,41,0,41,0,41,0,41,0,41,0,41,0,41,0,41,0
111116,67.5,67.5,0,67.5,0,67.5,0,67.5,0,67.5,0,67.5,0,67.5,0,67.5,0,67.5,0,67.5,0
111118,67.5,67.5,0,67.5,0,67.5,0,67.5,0,67.5,0,67.5,0,67.5,0,67.5,0,67.5,0,67.5,0
111136,,,,,,,,,,,,,,,,,,,,,
111137,,,,,,,,,,,,,,,,,,,,,
111213,,,,,,,,,,,,,,,,,,,,,
111214,20,20,0,20,0,20,0,20,0,20,0,20,0,20,0,20,0,20,0,20,0
111219,85,85,0,85,0,85,0,85,0,85,0,59.9,0.419,59.9,0.419,59.9,0.419,59.9,0.419,60,0.417
111221,53.9,53.9,0,53.9,0,53.9,0,53.9,0,53.9,0,53.9,0,53.9,0,53.9,0,54,-0.00185,59.9,-0.1
111224,29.9,29.9,0,36.9,-0.19,36.9,-0.19,36.9,-0.19,36.9,-0.19,36.9,-0.19,29.5,0.0136,36.9,-0.19,29.5,0.0136,42,-0.288
111226,49.8,49.8,0,49.8,0,49.8,0,49.8,0,49.8,0,39.8,0.251,49.8,0,39.8,0.251,56,-0.111,69.9,-0.288
111228,22.5,22.5,0,22.5,0,22.5,0,22.5,0,22.5,0,21,0.0714,21,0.0714,21,0.0714,21,0.0714,20.5,0.0976
111310,23.9,23.9,0,23.9,0,23.9,0,23,0.0391,23,0.0391,23,0.0391,20.9,0.144,20.9,0.144,25.9,-0.0772,30.9,-0.227
111312,,,,,,,,,,,,,,,,,,,,,
111374,78,78,0,78,0,78,0,78,0,78,0,70.7,0.103,70.7,0.103,70.7,0.103,88.3,-0.117,97.7,-0.202
111512,,,,,,,,,,,,,,,,,,,,,
111561,5,5,0,5,0,5,0,4,0.25,4,0.25,5.2,-0.0385,5.2,-0.0385,5,0,4.8,0.0417,6.5,-0.231
111585,,,,,,,,,,,,,,,,,,,,,
111586,,,,,,,,,,,,,,,,,,,,,
111587,,,,,,,,,,,,,,,,,,,,,
111588,36.9,36.9,0,36.9,0,36.9,0,36.9,0,36.9,0,36.9,0,36.9,0,36.9,0,36.9,0,39.5,-0.0658
111590,71.9,71.9,0,71.9,0,71.9,0,71.9,0,71.9,0,71.9,0,71.9,0,71.9,0,71.9,0,77,-0.0662
111591,146,146,0,146,0,146,0,146,0,146,0,146,0,146,0,146,0,148,-0.00678,158,-0.0745
111611,,,,,,,,,,,,,,,,,,,,,
111612,,,,,,,,,,,,,,,,,,,,,
111613,101,101,0,101,0,101,0,101,0,101,0,101,0,101,0,108,-0.0648,108,-0.0648,108,-0.0648
111655,28.6,28.6,0,28.6,0,28.6,0,28.6,0,28.6,0,28.6,0,28.6,0,28.6,0,28.6,0,28,0.0214
111656,35,35,0,35,0,35,0,35,0,35,0,35,0,35,0,35,0,35,0,35,0
111666,13.5,13.5,0,13.5,0,13.5,0,13.5,0,13.5,0,13.5,0,13.5,0,13.5,0,13.5,0,13.5,0
111668,22.5,22.5,0,22.5,0,22.5,0,22.5,0,22.5,0,22.5,0,22.5,0,22.5,0,22.5,0,,
111670,14.6,14.6,0,14.6,0,14.6,0,14.6,0,14.6,0,14.6,0,14.6,0,14.6,0,14.6,0,14.6,0
111674,8.8,8.8,0,8.8,0,8.8,0,8.8,0,8.8,0,8.8,0,8.8,0,8.8,0,8.8,0,8.8,0
111676,8.8,8.8,0,8.8,0,8.8,0,8.8,0,8.8,0,8.8,0,8.8,0,8.8,0,8.8,0,8.8,0
111685,126,126,0,126,0,126,0,126,0,126,0,126,0,126,0,126,0,126,0,126,-0.000792
111686,106,106,0,106,0,106,0,106,0,,,106,0,106,0,106,0,106,0,106,0.00283
111687,136,136,0,136,0,136,0,136,0,136,0,136,0,136,0,136,0,136,0,136,0
111690,,,,,,,,,,,,,,,,,,,,,
111691,,,,,,,,,,,,,,,,,,,,,
111692,62.5,62.5,0,62.5,0,62.5,0,62.5,0,62.5,0,,,62.5,0,62.5,0,62.5,0,62.5,0
111693,,,,,,,,,,,,,,,,,,,,,
111694,,,,,,,,,,,,,,,,,,,,,
111697,31.3,31.3,0,31.3,0,31.3,0,31.3,0,31.3,0,31.3,0,31.3,0,31.3,0,31.3,0,31.3,0
111698,41.3,41.3,0,41.3,0,41.3,0,41.3,0,41.3,0,41.3,0,41.3,0,41.3,0,41.3,0,41.3,0
111699,31.3,31.3,0,31.3,0,31.3,0,31.3,0,31.3,0,31.3,0,31.3,0,31.3,0,31.3,0,31.3,0
111701,,,,,,,,,,,,,,,,,,,,,
111702,56.3,56.3,0,56.3,0,56.3,0,56.3,0,56.3,0,56.3,0,56.3,0,56.3,0,56.3,0,56.3,0
111703,31,31,0,31,0,31,0,31,0,31,0,31,0,31,0,31,0,31,0,31,0
111800,56,56,0,56,0,56,0,56,0,56,0,48.4,0.157,44.9,0.247,61.2,-0.085,61.2,-0.085,61.2,-0.085
111831,55.5,55.5,0,55.5,0,55.5,0,55.5,0,55.5,0,55.5,0,55.5,0,55.5,0,55.5,0,59.9,-0.0735
111832,,,,,,,,,,,,,,,,,,,,,
111835,43.3,43.3,0,43.3,0,43.3,0,43.3,0,43.3,0,43.3,0,43.3,0,43.3,0,43.3,0,46.5,-0.0688
111912,60,60,0,60,0,60,0,60,0,60,0,60,0,60,0,60,0,60,0,71,-0.155
111913,42.9,42.9,0,42.9,0,42.9,0,42.9,0,42.9,0,42.9,0,42.9,0,42.9,0,42.9,0,42.9,0
111936,,,,,,,,,,,,,,,,,,,,,
111990,94.9,94.9,0,94.9,0,94.9,0,94.9,0,94.9,0,64.9,0.462,64.9,0.462,64.9,0.462,64.9,0.462,64.9,0.462
111993,,,,,,,,,,,,,,,,,,,,,
112014,,,,,,,,,,,,,,,,,,,,,
112017,45,45,0,45,0,45,0,45,0,45,0,45,0,45,0,45,0,45,0,45,0
112018,30.3,30.3,0,30.3,0,30.3,0,30.3,0,30.3,0,30.3,0,30.3,0,30.3,0,30.3,0,30.3,0
112176,,,,,,,,,,,,,,,,,,,,,
112177,,,,,,,,,,,,,,,,,,,,,
112189,13.3,13.3,0,13.3,0,11,0.209,11,0.209,10.8,0.231,10.8,0.231,9,0.478,12.9,0.031,9.2,0.446,11,0.209
112201,,,,,,,,,,,,,,,,,,,,,
112218,,,,,,,,,,,,,,,,,,,,,
112251,42.5,42.5,0,42.5,0,42.5,0,42.5,0,42.5,0,,,,,42.5,0,,,,
112255,,,,,,,,,,,,,,,,,,,,,
112259,,,,,,,,,,,,,,,,,,,,,
112276,,,,,,,,,,,,,,,,,,,,,
112277,26.2,26.2,0,26.2,0,26.2,0,26.2,0,29,-0.0966,28.1,-0.0676,28.1,-0.0676,31.2,-0.16,31.2,-0.16,,
112280,,,,,,,,,,,,,,,,,,,,,
112291,,,,,,,,,,,,,,,,,,,,,
112292,11.7,11.7,0,11.7,0,11.7,0,11.7,0,11.7,0,,,,,,,,,,
112293,11.7,11.7,0,11.7,0,11.7,0,11.7,0,11.7,0,,,,,11.7,0,,,11.7,0
112294,11.7,11.7,0,11.7,0,11.7,0,11.7,0,11.7,0,11.7,0,,,,,,,,
112295,,,,,,,,,,,,,,,,,,,,,
112296,11.7,11.7,0,11.7,0,11.7,0,11.7,0,,,,,,,,,,,11.7,0
112297,11.7,11.7,0,11.7,0,11.7,0,11.7,0,11.7,0,,,,,11.7,0,11.7,0,11.7,0
112298,,,,,,,,,,,,,,,,,,,,,
112299,11.7,11.7,0,11.7,0,11.7,0,11.7,0,11.7,0,11.7,0,,,11.7,0,11.7,0,11.7,0
112301,,,,,,,,,,,,,,,,,,,,,
112302,17,17,0,17,0,17,0,17,0,17,0,14,0.214,14,0.214,14,0.214,14,0.214,,
112303,17,17,0,17,0,17,0,17,0,17,0,14,0.214,14,0.214,14,0.214,14,0.214,,
112304,17,17,0,17,0,17,0,17,0,17,0,14,0.214,,,14,0.214,14,0.214,,
112305,,,,,,,,,,,,,,,,,,,,,
112307,,,,,,,,,,,,,,,,,,,,,
112331,,,,,,,,,,,,,,,,,,,,,
112368,25.2,25.2,0,25.2,0,25.2,0,25.2,0,25.2,0,25.2,0,25.2,0,25.2,0,25.2,0,,
112382,,,,,,,,,,,,,,,,,,,,,
112385,,,,,,,,,,,,,,,,,,,,,
112388,,,,,,,,,,,,,,,,,,,,,
112390,7.9,7.9,0,7.9,0,7.9,0,7.9,0,7.9,0,7.9,0,8.9,-0.112,8.9,-0.112,8.9,-0.112,8.9,-0.112
112391,10,10,0,10,0,10,0,10,0,10,0,10,0,10.9,-0.0826,10.9,-0.0826,10.9,-0.0826,10.9,-0.0826
112392,,,,,,,,,,,,,,,,,,,,,
112393,,,,,,,,,,,,,,,,,,,,,
112394,90,90,0,90,0,90,0,90,0,,,90,0,90,0,90,0,90,0,90,0
112395,90,90,0,90,0,90,0,90,0,90,0,90,0,90,0,90,0,90,0,90,0
112396,90,90,0,90,0,90,0,90,0,90,0,90,0,90,0,90,0,90,0,90,0
112397,90,90,0,90,0,90,0,90,0,90,0,90,0,90,0,90,0,90,0,90,0
112398,90,90,0,90,0,90,0,90,0,90,0,90,0,90,0,90,0,90,0,90,0
112406,,,,,,,,,,,,,,,,,,,,,
112407,148,148,0,148,0,148,0,148,0,148,0,111,0.333,148,0,148,0,148,0,,
112416,,,,,,,,,,,,,,,,,,,,,
112423,42,42,0,42,0,,,42,0,42,0,42,0,42,0,42,0,42,0,42,0
112424,42,42,0,42,0,,,42,0,42,0,42,0,42,0,42,0,42,0,42,0
112431,46,46,0,46,0,46,0,39.9,0.153,39.9,0.153,45.9,0.00218,45.9,0.00218,49.9,-0.0782,55.9,-0.177,59.9,-0.232
112435,9,9,0,9,0,9,0,7,0.286,7,0.286,9,0,9,0,9,0,9,0,11.9,-0.244
112438,190,190,0,190,0,190,0,190,0,190,0,190,0,190,0,190,0,190,0,190,0
112439,,,,,,,,,,,,,,,,,,,,,
112440,190,190,0,190,0,190,0,190,0,190,0,190,0,190,0,190,0,190,0,190,0
112500,,,,,,,,,,,,,,,,,,,,,
112501,,,,,,,,,,,,,,,,,,,,,
112503,,,,,,,,,,,,,,,,,,,,,
112510,7.9,7.9,0,7.9,0,7.9,0,7.9,0,7.9,0,7.9,0,8.9,-0.112,8.9,-0.112,8.9,-0.112,,
112513,,,,,,,,,,,,,,,,,,,,,
112514,,,,,,,,,,,,,,,,,,,,,
112515,,,,,,,,,,,,,,,,,,,,,
112540,27,27,0,27,0,27,0,24.5,0.102,24.5,0.102,27,0,27,0,28,-0.0357,28,-0.0357,28,-0.0357
112541,27,27,0,27,0,27,0,27,0,27,0,27,0,27,0,28,-0.0357,28,-0.0357,28,-0.0357
112542,60,60,0,60,0,60,0,60,0,60,0,45.9,0.307,45.9,0.307,45.9,0.307,45.9,0.307,45.9,0.307
112544,99,99,0,99,0,99,0,99,0,99,0,79.9,0.239,79.9,0.239,79.9,0.239,79.9,0.239,79.9,0.239
112545,99,99,0,99,0,99,0,99,0,99,0,79.9,0.239,79.9,0.239,,,79.9,0.239,79.9,0.239
112570,15.4,15.4,0,15.4,0,15.4,0,15.4,0,15.4,0,15.4,0,15.4,0,15.4,0,15.4,0,15.4,0
112571,,,,,,,,,,,,,,,,,,,,,
112572,23.1,23.1,0,23.1,0,23.1,0,23.1,0,23.1,0,23.1,0,23.1,0,23.1,0,23.1,0,,
112573,13.5,13.5,0,13.5,0,13.5,0,,,13.5,0,13.5,0,13.5,0,13.5,0,13.5,0,13.5,0
112575,310,310,0,310,0,,,310,0,310,0,310,0,310,0,310,0,310,0,310,0
112577,310,310,0,310,0,,,310,0,310,0,310,0,310,0,310,0,310,0,310,0
112579,13,13,0,13,0,13,0,13,0,13,0,13,0,13,0,13,0,13,0,13,0
112580,20,20,0,20,0,20,0,20,0,20,0,20,0,20,0,20,0,20,0,20,0
112582,27.5,27.5,0,27.5,0,27.5,0,27.5,0,27.5,0,27.5,0,27.5,0,27.5,0,27.5,0,26.9,0.0223
112586,23.5,23.5,0,23.5,0,23.5,0,23.5,0,23.5,0,23.5,0,23.5,0,23.5,0,23.5,0,23,0.0217
112590,22.3,23.2,-0.0388,23.2,-0.0388,23.2,-0.0388,23.2,-0.0388,23.2,-0.0388,18.7,0.193,18.7,0.193,26.9,-0.171,26.9,-0.171,27,-0.174
112730,,,,,,,,,,,,,,,,,,,,,
112731,102,102,0,102,0,102,0,102,0,102,0,102,0,102,0,,,,,,
112808,,,,,,,,,,,,,,,,,,,,,
112809,,,,,,,,,,,,,,,,,,,,,
112810,24.9,24.9,0,24.9,0,24.9,0,24.9,0,24.9,0,24.9,0,,,24.9,0,24.9,0,33,-0.245
112811,24.9,24.9,0,24.9,0,24.9,0,24.9,0,24.9,0,24.9,0,24.9,0,24.9,0,24.9,0,33,-0.245
112813,49.7,49.7,0,49.7,0,49.7,0,49.7,0,49.7,0,41.4,0.2,41.4,0.2,44.6,0.114,58,-0.143,58,-0.143
112814,49.7,49.7,0,49.7,0,49.7,0,49.7,0,49.7,0,44.6,0.114,44.6,0.114,44.6,0.114,58,-0.143,58,-0.143
112815,49.7,49.7,0,49.7,0,49.7,0,49.7,0,49.7,0,44.6,0.114,44.6,0.114,44.6,0.114,58,-0.143,58,-0.143
112860,,,,,,,,,,,,,,,,,,,,,
112871,57.3,57.3,0,57.3,0,57.3,0,57.3,0,57.3,0,63.8,-0.102,,,63.8,-0.102,63.8,-0.102,56,0.0232
112936,,,,,,,,,,,,,,,,,,,,,
112938,14.6,14.6,0,14.6,0,14.6,0,,,14.6,0,14.6,0,14.6,0,14.6,0,14.6,0,14.6,0
112941,42,42,0,42,0,42,0,42,0,42,0,38.2,0.0995,38.2,0.0995,38.2,0.0995,62.1,-0.324,54,-0.222
112967,26,26,0,26,0,26,0,26,0,26,0,,,,,,,22.1,0.176,32.3,-0.195
112970,21.9,21.9,0,26,-0.158,26,-0.158,26,-0.158,26,-0.158,23.6,-0.072,,,23.6,-0.072,34,-0.356,,
112971,26,26,0,26,0,26,0,26,0,26,0,23.6,0.102,23.6,0.102,23.6,0.102,34,-0.235,34,-0.235
112973,33,33,0,33,0,33,0,33,0,33,0,28.9,0.142,28.9,0.142,28.9,0.142,35.4,-0.0678,40.2,-0.179
112975,33,33,0,33,0,33,0,33,0,33,0,28.9,0.142,28.9,0.142,28.9,0.142,39.4,-0.162,41.2,-0.199
112981,,,,,,,,,,,,,,,,,,,,,
113017,,,,,,,,,,,,,,,,,,,,,
113041,,,,,,,,,,,,,,,,,,,,,
113042,212,212,0,212,0,212,0,200,0.0596,200,0.0596,,,,,217,-0.0253,217,-0.0253,217,-0.0253
113043,243,243,0,243,0,243,0,214,0.136,214,0.136,214,0.136,185,0.313,290,-0.161,246,-0.0126,246,-0.0126
113074,,,,,,,,,,,,,,,,,,,,,
113075,45,45,0,45,0,45,0,45,0,45,0,45,0,,,,,,,,
113102,48.7,48.7,0,48.7,0,48.7,0,48.7,0,48.7,0,48.7,0,48.7,0,48.7,0,48.7,0,47.5,0.0253
113103,48.7,48.7,0,48.7,0,48.7,0,48.7,0,48.7,0,48.7,0,48.7,0,48.7,0,48.7,0,48.8,-0.00205
113104,24.1,24.1,0,24.1,0,24.1,0,24.1,0,24.1,0,24.1,0,24.1,0,24.1,0,24.1,0,,
113105,24.1,24.1,0,24.1,0,24.1,0,24.1,0,24.1,0,24.1,0,24.1,0,24.1,0,24.1,0,,
113106,24.1,24.1,0,24.1,0,24.1,0,24.1,0,24.1,0,24.1,0,24.1,0,24.1,0,24.1,0,24.1,0
113107,,,,,,,,,,,,,,,,,,,,,
113115,17,17,0,17,0,17,0,17,0,17,0,17,0,17,0,19.5,-0.128,19.5,-0.128,,
113122,,,,,,,,,,,,,,,,,,,,,
113123,,,,,,,,,,,,,,,,,,,,,
113153,,,,,,,,,,,,,,,,,,,,,
113221,,,,,,,,,,,,,,,,,,,,,
113222,,,,,,,,,,,,,,,,,,,,,
113223,,,,,,,,,,,,,,,,,,,,,
113224,,,,,,,,,,,,,,,,,,,,,
113225,,,,,,,,,,,,,,,,,,,,,
113305,,,,,,,,,,,,,,,,,,,,,
113308,,,,,,,,,,,,,,,,,,,,,
113310,35.4,34.8,0.0172,34.8,0.0172,34.8,0.0172,34.8,0.0172,34.8,0.0172,28.1,0.26,28.1,0.26,30.6,0.157,34.4,0.0291,31,0.142
113311,,,,,,,,,,,,,,,,,,,,,
113317,30,30,0,30,0,30,0,30,0,30,0,,,,,30,0,30,0,30,0
113340,,,,,,,,,,,,,,,,,,,,,
113460,,,,,,,,,,,,,,,,,,,,,
113520,,,,,,,,,,,,,,,,,,,,,
113521,,,,,,,,,,,,,,,,,,,,,
113522,,,,,,,,,,,,,,,,,,,,,
113523,,,,,,,,,,,,,,,,,,,,,
113524,,,,,,,,,,,,,,,,,,,,,
113529,82.6,82.6,0,82.6,0,82.6,0,79.6,0.0377,79.6,0.0377,79.6,0.0377,79.6,0.0377,79.6,0.0377,85,-0.0282,85,-0.0282
113530,82.6,,,,,,,,,79.6,0.0377,79.6,0.0377,,,79.6,0.0377,85,-0.0282,85,-0.0282
113531,60.9,60.9,0,60.9,0,60.9,0,53.9,0.13,53.9,0.13,53.9,0.13,53.9,0.13,53.9,0.13,57.9,0.0518,57.9,0.0518
113532,,,,,,,,,,,,,,,,,,,,,
113533,,,,,,,,,,,,,,,,,,,,,
113534,,,,,,,,,,,,,,,,,,,,,
113535,60.9,60.9,0,60.9,0,60.9,0,53.9,0.13,53.9,0.13,53.9,0.13,53.9,0.13,53.9,0.13,57,0.0684,57,0.0684
113537,82.6,82.6,0,82.6,0,82.6,0,79.6,0.0377,79.6,0.0377,79.6,0.0377,79.6,0.0377,79.6,0.0377,85,-0.0282,85,-0.0282
113538,82.6,82.6,0,82.6,0,82.6,0,79.6,0.0377,79.6,0.0377,,,79.6,0.0377,79.6,0.0377,85,-0.0282,85,-0.0282
113540,195,195,0,195,0,195,0,195,0,195,0,195,0,239,-0.184,239,-0.184,229,-0.148,269,-0.275
113543,,,,,,,,,,,,,,,,,,,,,
113544,,,,,,,,,,,,,,,,,,,,,
113545,,,,,,,,,,,,,,,,,,,,,
113546,,,,,,,,,,,,,,,,,,,,,
113547,,,,,,,,,,,,,,,,,,,,,
113548,,,,,,,,,,,,,,,,,,,,,
113549,21,21,0,21,0,21,0,21,0,21,0,21,0,21,0,21,0,21,0,21,0
113550,21,21,0,21,0,21,0,21,0,21,0,21,0,21,0,21,0,21,0,21,0
113626,37.1,37.1,0,37.1,0,37.1,0,37.1,0,37.1,0,37.1,0,37.1,0,37.1,0,37.1,0,41,-0.0951
113629,,,,,,,,,,,,,,,,,,,,,
113630,,,,,,,,,,,,,,,,,,,,,
113631,,,,,,,,,,,,,,,,,,,,,
113632,,,,,,,,,,,,,,,,,,,,,
113633,,,,,,,,,,,,,,,,,,,,,
113635,,,,,,,,,,,,,,,,,,,,,
113636,,,,,,,,,,,,,,,,,,,,,
113637,,,,,,,,,,,,,,,,,,,,,
113638,75,75,0,75,0,75,0,75,0,75,0,75,0,75,0,75,0,75,0,75,0
113639,14,14,0,,,,,,,,,,,,,,,16.8,-0.167,,
113640,15,15,0,15,0,15,0,15,0,15,0,15,0,15,0,15,0,16.8,-0.107,16.8,-0.107
113680,31,31,0,31,0,31,0,31,0,31,0,31,0,31,0,31,0,39,-0.205,39,-0.205
113683,,,,,,,,,,,,,,,,,,,,,
113700,,,,,,,,,,,,,,,,,,,,,
113701,,,,,,,,,,,,,,,,,,,,,
113813,39,39,0,39,0,45.9,-0.15,45.9,-0.15,,,41.2,-0.0534,41.2,-0.0534,35,0.114,51,-0.235,51,-0.235
113814,45.9,45.9,0,45.9,0,45.9,0,45.9,0,47.7,-0.0377,41.2,0.114,41.2,0.114,35,0.311,51,-0.1,51,-0.1
113815,23.2,23.2,0,23.2,0,23.2,0,23.2,0,23.2,0,19.1,0.215,19.1,0.215,16,0.45,21.7,0.0691,22,0.0545
113888,49.9,49.9,0,49.9,0,49.9,0,49.9,0,49.9,0,49.9,0,49.9,0,49.8,0.00201,49.8,0.00201,59.9,-0.167
114060,,,,,,,,,,,,,,,,,,,,,
114061,,,,,,,,,,,,,,,,,,,,,
114064,,,,,,,,,,,,,,,,,,,,,
114080,,,,,,,,,,,,,,,,,,,,,
114085,44,44,0,44,0,44,0,44,0,44,0,44,0,44,0,59,-0.254,59,-0.254,59,-0.254
114086,,,,,,,,,,,,,,,,,,,,,
114087,44,44,0,44,0,44,0,44,0,44,0,44,0,44,0,56,-0.214,56,-0.214,56,-0.214
114089,37,37,0,37,0,37,0,37,0,37,0,37,0,37,0,39,-0.0513,39,-0.0513,39,-0.0513
114091,55,55,0,55,0,55,0,55,0,50,0.1,50,0.1,50,0.1,73,-0.247,73,-0.247,73,-0.247
114098,53,53,0,53,0,53,0,53,0,53,0,53,0,53,0,53,0,53,0,,
114134,60,60,0,60,0,60,0,60,0,60,0,60,0,60,0,60,0,60,0,71,-0.155
114135,60,60,0,60,0,60,0,60,0,60,0,60,0,60,0,60,0,60,0,71,-0.155
114136,61.5,61.5,0,61.5,0,61.5,0,61.5,0,61.5,0,61.5,0,61.5,0,61.5,0,,,83,-0.259
114155,39,39,0,39,0,39,0,39,0,39,0,39,0,39,0,39,0,39,0,39,0
114156,,,,,,,,,,,,,,,,,,,,,
114157,,,,,,,,,,,,,,,,,,,,,
114158,38,38,0,38,0,38,0,38,0,38,0,38,0,38,0,38.2,-0.00524,38.2,-0.00524,38.2,-0.00524
114159,38,38,0,38,0,38,0,38,0,38,0,38,0,38,0,38.2,-0.00524,38.2,-0.00524,38.2,-0.00524
114166,,,,,,,,,,,,,,,,,,,,,
114201,,,,,,,,,,,,,,,,,,,,,
114206,60.5,60.5,0,60.5,0,60.5,0,60.5,0,60.5,0,60.5,0,60.5,0,,,60.5,0,65.8,-0.0805
114216,26.2,26.2,0,26.2,0,26.2,0,28.2,-0.0709,28.2,-0.0709,28.2,-0.0709,28.2,-0.0709,28.2,-0.0709,28.2,-0.0709,39.6,-0.338
114218,,,,,,,,,,,,,,,,,,,,,
114219,32.5,32.5,0,32.5,0,32.5,0,32.5,0,32.5,0,32.5,0,32.5,0,36,-0.0972,36,-0.0972,36,-0.0972
114223,,,,,,,,,,,,,,,,,,,,,
114224,,,,,,,,,,,,,,,,,,,,,
114226,,,,,,,,,,,,,,,,,,,,,
114227,,,,,,,,,,,,,,,,,,,,,
114228,,,,,,,,,,,,,,,,,,,,,
114229,25,25,0,25,0,25,0,25,0,25,0,25,0,28,-0.107,31,-0.194,31,-0.194,31,-0.194
114231,25,25,0,25,0,25,0,25,0,25,0,25,0,28,-0.107,31,-0.194,31,-0.194,31,-0.194
114232,25,25,0,25,0,25,0,25,0,25,0,25,0,28,-0.107,31,-0.194,31,-0.194,31,-0.194
114233,25,25,0,25,0,25,0,25,0,25,0,25,0,31,-0.194,31,-0.194,31,-0.194,31,-0.194
114234,374,325,0.15,325,0.15,325,0.15,325,0.15,,,,,,,,,,,,
114236,11.6,11.6,0,11.6,0,11.6,0,11.6,0,11.6,0,9.6,0.208,9.6,0.208,13.4,-0.134,13.4,-0.134,13.4,-0.134
114237,11.6,11.6,0,11.6,0,11.6,0,11.6,0,11.6,0,9.6,0.208,9.6,0.208,13.4,-0.134,13.4,-0.134,13.4,-0.134
114238,,,,,,,,,,,,,,,,,,,,,
114239,,,,,,,,,,,,,,,,,,,,,
114240,7.5,7.5,0,7.5,0,7.5,0,7.5,0,7.5,0,6.4,0.172,6.4,0.172,8.9,-0.157,8.9,-0.157,8.9,-0.157
114241,7.5,7.5,0,7.5,0,7.5,0,7.5,0,7.5,0,6.4,0.172,6.4,0.172,8.9,-0.157,8.9,-0.157,8.9,-0.157
114242,26.7,26.7,0,26.7,0,26.7,0,26.7,0,26.7,0,26.7,0,26.7,0,36.8,-0.274,,,40,-0.333
114246,15.9,15.9,0,15.9,0,15.9,0,15.9,0,15.9,0,15.9,0,15.9,0,15.9,0,15.9,0,,
114247,45.9,43.9,0.0456,43.9,0.0456,43.9,0.0456,43.9,0.0456,43.9,0.0456,35,0.311,35,0.311,35,0.311,35,0.311,,
114251,42,42,0,42,0,42,0,42,0,42,0,42,0,42,0,,,42,0,42,0
114252,42,42,0,42,0,42,0,42,0,,,42,0,42,0,,,42,0,42,0
114255,,,,,,,,,,,,,,,,,,,,,
114263,128,128,0,128,0,128,0,128,0,128,0,128,0,102,0.25,128,0,128,0,128,0
114270,25,25,0,25,0,25,0,25,0,25,0,25,0,27,-0.0741,27,-0.0741,27,-0.0741,27,-0.0741
114271,25,25,0,25,0,25,0,25,0,25,0,25,0,27,-0.0741,27,-0.0741,27,-0.0741,27,-0.0741
114272,,,,,,,,,,,,,,,,,,,,,
114274,,,,,,,,,,,,,,,,,,,,,
114275,,,,,,,,,,,,,,,,,,,,,
114276,,,,,,,,,,,,,,,,,,,,,
114277,25,25,0,25,0,25,0,25,0,25,0,25,0,27,-0.0741,27,-0.0741,27,-0.0741,27,-0.0741
114278,21,21,0,21,0,21,0,21,0,21,0,21,0,21,0,21,0,21,0,21,0
114279,25,25,0,25,0,25,0,25,0,25,0,25,0,27,-0.0741,27,-0.0741,27,-0.0741,27,-0.0741
114280,20,20,0,20,0,20,0,20,0,20,0,20,0,20,0,20,0,20,0,20,0
114281,25,25,0,25,0,25,0,25,0,25,0,25,0,27,-0.0741,27,-0.0741,,,27,-0.0741
114290,200,200,0,200,0,266,-0.25,266,-0.25,266,-0.25,266,-0.25,266,-0.25,266,-0.25,266,-0.25,266,-0.25
114295,,,,,,,,,,,,,,,,,,,,,
114310,15,15,0,15,0,10.5,0.429,10.5,0.429,10.5,0.429,10.5,0.429,10.5,0.429,10.5,0.429,10.5,0.429,10.5,0.429
114311,7.5,7.5,0,7.5,0,7.5,0,7.5,0,7.5,0,7.5,0,7.5,0,7.5,0,7.5,0,7.5,0
114318,20.6,20.6,0,20.6,0,20.6,0,20.6,0,20.6,0,20.6,0,20.6,0,20.6,0,20.6,0,20.6,0
114319,20.6,20.6,0,20.6,0,20.6,0,20.6,0,20.6,0,20.6,0,20.6,0,20.6,0,20.6,0,20.6,0
114320,19,19,0,19,0,19,0,19,0,19,0,19,0,19,0,19,0,19,0,20.6,-0.0777
114321,19,19,0,19,0,19,0,19,0,19,0,19,0,19,0,19,0,19,0,20.6,-0.0777
114356,,,,,,,,,,,,,,,,,,,,,
114360,45.4,45.4,0,45.4,0,45.4,0,45.4,0,45.4,0,45.4,0,45.4,0,45.4,0,45.4,0,45.4,0
114378,59,59,0,59,0,59,0,59,0,59,0,42.9,0.375,42.9,0.375,42.9,0.375,42.9,0.375,43,0.372
114379,59,59,0,59,0,59,0,59,0,59,0,42.9,0.375,42.9,0.375,42.9,0.375,42.9,0.375,43,0.372
114390,47.1,47.1,0,47.1,0,47.1,0,47.1,0,47.1,0,47.1,0,47.1,0,59.9,-0.214,59.9,-0.214,63,-0.252
114445,,,,,,,,,,,,,,,,,,,,,
114446,,,,,,,,,,,,,,,,,,,,,
114447,,,,,,,,,,,,,,,,,,,,,
114455,63,60.6,0.0396,60.6,0.0396,60.6,0.0396,60.6,0.0396,60.6,0.0396,56.2,0.121,56.2,0.121,67.6,-0.068,67.6,-0.068,67.6,-0.068
114471,,,,,,,,,,,,,,,,,,,,,
114540,49.9,49.9,0,49.9,0,49.9,0,49.9,0,49.9,0,49.9,0,81.3,-0.386,81.3,-0.386,81.3,-0.386,81.3,-0.386
114656,28.6,28.6,0,28.6,0,28.6,0,28.6,0,28.6,0,25.7,0.113,23,0.243,42.4,-0.325,42.4,-0.325,42.4,-0.325
114657,,,,,,,,,,,,,,,,,,,,,
114760,,,,,,,,,,,,,,,,,,,,,
114790,,,,,,,,,,,,,,,,,,,,,
114791,,,,,,,,,,,,,,,,,,,,,
114792,75,75,0,75,0,75,0,75,0,,,75,0,75,0,75,0,75,0,75,0
114806,,,,,,,,,,,,,,,,,,,,,
114807,,,,,,,,,,,,,,,,,,,,,
114841,53,53,0,53,0,53,0,53,0,,,,,,,56.5,-0.0619,56.5,-0.0619,63.6,-0.167
114895,,,,,,,,,,,,,,,,,,,,,
114910,38,38,0,38,0,38,0,38,0,38,0,38,0,38,0,38,0,44.5,-0.146,44.5,-0.146
114911,20.9,20.9,0,20.9,0,20.9,0,20.9,0,,,20.8,0.00481,20.8,0.00481,20.8,0.00481,23.3,-0.103,20,0.045
114912,11,11,0,11,0,11,0,11,0,11,0,9.5,0.158,11,0,11,0,12,-0.0833,11,0
114913,7,7,0,7,0,7.5,-0.0667,7.5,-0.0667,7.5,-0.0667,7.5,-0.0667,7.5,-0.0667,7.5,-0.0667,6.7,0.0448,6.7,0.0448
114914,3.7,3.7,0,3.7,0,3.7,0,3.7,0,3.7,0,3.7,0,3.7,0,3.7,0,3.7,0,3.7,0
114985,38.7,38.7,0,46.9,-0.175,46.9,-0.175,46.9,-0.175,46.9,-0.175,41.9,-0.0764,41.9,-0.0764,33.5,0.155,42,-0.0786,86.9,-0.555
114995,26.9,26.9,0,26.9,0,26.9,0,26.9,0,26.9,0,21.5,0.251,21.9,0.228,22,0.223,22,0.223,25.5,0.0549
115001,20,20,0,20,0,20,0,20,0,20,0,20,0,20,0,20,0,20,0,20,0
115011,20,20,0,20,0,20,0,20,0,20,0,20,0,20,0,20,0,20,0,20,0
115017,20,20,0,20,0,20,0,20,0,20,0,20,0,20,0,20,0,20,0,,
115020,,,,,,,,,,,,,,,,,,,,,
115050,152,152,0,152,0,152,0,152,0,152,0,152,0,152,0,152,0,152,0,152,0
115051,152,152,0,152,0,152,0,152,0,152,0,152,0,152,0,152,0,152,0,152,0
115060,14,14,0,14,0,14,0,14,0,14,0,14,0,14,0,14,0,14,0,14,0
115110,25,25,0,25,0,25,0,25,0,25,0,25,0,25,0,25.1,-0.00398,25.1,-0.00398,25.1,-0.00398
115111,25,25,0,25,0,25,0,25,0,25,0,25,0,25,0,25.1,-0.00398,25.1,-0.00398,25.1,-0.00398
115112,25,25,0,25,0,25,0,25,0,25,0,25,0,25,0,25.1,-0.00398,25.1,-0.00398,25.1,-0.00398
115113,25,25,0,25,0,25,0,25,0,25,0,25,0,25,0,25.1,-0.00398,25.1,-0.00398,25.1,-0.00398
115116,25,25,0,25,0,25,0,25,0,25,0,25,0,25,0,25.1,-0.00398,25.1,-0.00398,25.1,-0.00398
115117,26.5,26.5,0,,,,,26.5,0,26.5,0,,,26.5,0,26.5,0,26.5,0,26.5,0
115150,66,66,0,66,0,66,0,66,0,66,0,59.5,0.109,59.5,0.109,59.5,0.109,74.5,-0.114,82.7,-0.202
115151,43,43,0,43,0,43,0,43,0,43,0,39,0.103,39,0.103,39,0.103,48.9,-0.121,53.4,-0.195
115220,44.6,43.8,0.0183,43.8,0.0183,43.8,0.0183,43.8,0.0183,43.8,0.0183,32.1,0.389,32.1,0.389,35.7,0.249,44,0.0136,43.9,0.0159
115250,39.9,39.9,0,39.9,0,39.9,0,39.9,0,39.9,0,39.9,0,39.9,0,40,-0.0025,40,-0.0025,49.9,-0.2
115350,194,194,0,194,0,194,0,194,0,194,0,,,194,0,194,0,194,0,194,0
115352,215,215,0,215,0,215,0,215,0,215,0,215,0,215,0,215,0,215,0,215,0
115353,,,,,,,,,,,,,,,,,,,,,
115354,215,215,0,215,0,215,0,215,0,215,0,215,0,215,0,215,0,215,0,,
115357,,,,,,,,,,,,,,,,,,,,,
115362,173,173,0,173,0,173,0,173,0,173,0,173,0,173,0,173,0,,,,
115363,173,173,0,173,0,173,0,173,0,173,0,173,0,173,0,173,0,,,,
115368,,,,,,,,,,,,,,,,,,,,,
115602,,,,,,,,,,,,,,,,,,,,,
115603,17.9,17.9,0,17.9,0,17.9,0,15.9,0.126,15.9,0.126,15.9,0.126,13.9,0.288,13.9,0.288,13.9,0.288,23,-0.222
115707,15.9,15.9,0,19,-0.163,19,-0.163,19,-0.163,19,-0.163,17.9,-0.112,19,-0.163,19,-0.163,19,-0.163,19,-0.163
115710,,,,,,,,,,,,,,,,,,,,,
115777,,,,,,,,,,,,,,,,,,,,,
115800,19.9,19.9,0,19.9,0,19.9,0,,,19.9,0,19.9,0,19.9,0,19.9,0,19.9,0,19.9,0
115802,19.9,19.9,0,19.9,0,19.9,0,19.9,0,19.9,0,19.9,0,19.9,0,19.9,0,,,19.9,0
115906,,,,,,,,,,,,,,,,,,,,,
115907,,,,,,,,,,,,,,,,,,,,,
115912,,,,,,,,,,,,,,,,,,,,,
115917,,,,,,,,,,,,,,,,,,,,,
115919,,,,,,,,,,,,,,,,,,,,,
115920,,,,,,,,,,,,,,,,,,,,,
116010,,,,,,,,,,,,,,,,,,,,,
116013,,,,,,,,,,,,,,,,,,,,,
116014,43.5,42,0.0357,42,0.0357,42,0.0357,42,0.0357,,,42,0.0357,42,0.0357,51,-0.147,51,-0.147,51,-0.147
116015,90,90,0,90,0,90,0,90,0,80,0.125,80,0.125,80,0.125,98,-0.0816,98,-0.0816,98,-0.0816
116016,43,43,0,43,0,43,0,43,0,43,0,43,0,43,0,68,-0.368,68,-0.368,68,-0.368
116019,94,94,0,94,0,94,0,94,0,94,0,94,0,94,0,94,0,94,0,94,0
116038,63,60.6,0.0396,60.6,0.0396,60.6,0.0396,60.6,0.0396,60.6,0.0396,59,0.0678,59,0.0678,67.6,-0.068,67.6,-0.068,67.6,-0.068
116040,20.5,20.5,0,20.5,0,20.5,0,20.5,0,20.5,0,20.5,0,20.5,0,20.5,0,20.5,0,,
116057,10.7,10.7,0,10.7,0,10.7,0,10.7,0,9,0.189,9,0.189,9,0.189,10,0.07,,,10,0.07
116058,4.5,4.5,0,4.5,0,4.5,0,4.5,0,4,0.125,4,0.125,4,0.125,4.5,0,4.5,0,4.5,0
116059,24,24,0,24,0,24,0,24,0,18,0.333,18,0.333,18,0.333,20,0.2,20,0.2,20,0.2
116060,9,9,0,9,0,9,0,9,0,9,0,9,0,9,0,11,-0.182,11,-0.182,11,-0.182
116061,4,4,0,4,0,4,0,4,0,4,0,4,0,4,0,4,0,4,0,4,0
116062,4,4,0,4,0,4,0,4,0,4,0,4,0,4,0,5,-0.2,5,-0.2,5,-0.2
116063,14,14,0,14,0,14,0,14,0,11,0.273,11,0.273,11,0.273,13,0.0769,13,0.0769,13,0.0769
116064,21,21,0,21,0,21,0,21,0,17,0.235,17,0.235,17,0.235,,,,,,
116065,21,21,0,21,0,21,0,21,0,17,0.235,17,0.235,17,0.235,23,-0.087,23,-0.087,23,-0.087
116083,,,,,,,,,,,,,,,,,,,,,
116102,47,47,0,47,0,47,0,47,0,47,0,47,0,47,0,50,-0.06,50,-0.06,50,-0.06
116103,45,45,0,45,0,45,0,45,0,45,0,45,0,45,0,62,-0.274,62,-0.274,62,-0.274
116130,39.1,39.1,0,39.1,0,39.1,0,39.1,0,39.1,0,40.8,-0.0417,40.8,-0.0417,40.8,-0.0417,40.8,-0.0417,40.8,-0.0417
116301,,,,,,,,,,,,,,,,,,,,,
116302,20.5,20.5,0,22,-0.0682,22,-0.0682,22,-0.0682,,,,,17,0.206,20.5,0,24,-0.146,24,-0.146
116304,42,41.6,0.00962,41.6,0.00962,41.6,0.00962,41.6,0.00962,41.6,0.00962,37.8,0.111,37.8,0.111,40.3,0.0422,40.3,0.0422,40.4,0.0396
116340,25,25,0,25,0,25,0,25,0,25,0,25,0,25,0,29.7,-0.158,29.7,-0.158,29.7,-0.158
116341,,,,,,,,,,,,,,,,,,,,,
116347,73.2,73.2,0,73.2,0,73.2,0,73.2,0,73.2,0,73.2,0,73.2,0,73.2,0,97.5,-0.249,97.5,-0.249
116408,10.5,10.5,0,10.5,0,10.5,0,10.5,0,,,,,8.8,0.193,8,0.312,10.5,0,11.5,-0.087
116450,8.3,8.3,0,8.3,0,8.3,0,8.3,0,8.3,0,8.3,0,8.3,0,8.3,0,8.3,0,,
116451,39.9,39.9,0,39.9,0,39.9,0,39.9,0,39.9,0,39.9,0,39.9,0,39.9,0,,,,
116500,64.8,64.8,0,64.8,0,64.8,0,104,-0.374,104,-0.374,104,-0.374,104,-0.374,104,-0.374,104,-0.374,104,-0.374
116501,104,104,0,104,0,104,0,104,0,104,0,104,0,104,0,104,0,104,0,,
116620,,,,,,,,,,,,,,,,,,,,,
116621,,,,,,,,,,,,,,,,,,,,,
116622,,,,,,,,,,,,,,,,,,,,,
116623,,,,,,,,,,,,,,,,,,,,,
116624,,,,,,,,,,,,,,,,,,,,,
116690,24.5,24.5,0,27,-0.0926,27,-0.0926,27,-0.0926,27,-0.0926,27,-0.0926,,,28,-0.125,28,-0.125,28,-0.125
116696,8.1,8.1,0,8.1,0,8.1,0,8.1,0,8.1,0,8.1,0,10.4,-0.221,10.4,-0.221,10.4,-0.221,10.4,-0.221
116840,7.1,7.1,0,7.1,0,7.1,0,7.1,0,7.1,0,7.1,0,9.5,-0.253,9.5,-0.253,9.5,-0.253,9.5,-0.253
116908,,,,,,,,,,,,,,,,,,,,,
116998,12.4,12.4,0,12.4,0,12.4,0,12.4,0,12.4,0,12.4,0,16.5,-0.248,16.5,-0.248,16.5,-0.248,16.5,-0.248
117006,,,,,,,,,,,,,,,,,,,,,
117007,105,105,0,105,0,,,105,0,105,0,105,0,105,0,105,0,105,0,105,0
117031,59,59,0,59,0,59,0,59,0,59,0,59,0,59,0,59,0,59,0,,
117071,10.9,10.9,0,10.9,0,10.9,0,10.9,0,10.9,0,10.9,0,10.9,0,10.9,0,10.9,0,10.9,0
117072,10.9,10.9,0,10.9,0,10.9,0,10.9,0,10.9,0,10.9,0,10.9,0,10.9,0,10.9,0,10.9,0
117073,10.9,10.9,0,10.9,0,10.9,0,10.9,0,10.9,0,10.9,0,10.9,0,10.9,0,10.9,0,10.9,0
117074,10.9,10.9,0,10.9,0,10.9,0,10.9,0,10.9,0,10.9,0,10.9,0,10.9,0,10.9,0,10.9,0
117077,15.5,15.5,0,15.5,0,15.5,0,15.5,0,15.5,0,15.5,0,15.5,0,15.5,0,15.5,0,15.5,0
117101,4.5,4.5,0,4.5,0,4.5,0,4.5,0,4.5,0,4.5,0,4.5,0,5,-0.1,5,-0.1,5,-0.1
117103,6,6,0,6,0,6,0,6,0,6,0,6,0,6,0,6.5,-0.0769,7.5,-0.2,7.1,-0.155
117140,52.2,52.2,0,52.2,0,52.2,0,52.2,0,52.2,0,52.2,0,52.2,0,52.2,0,52.2,0,52.2,0
117141,52.2,52.2,0,52.2,0,52.2,0,52.2,0,52.2,0,52.2,0,52.2,0,52.2,0,52.2,0,52.2,0
117144,24,24,0,24,0,24,0,24,0,24,0,24,0,24,0,24,0,24,0,24,0
117151,90.4,90.4,0,90.4,0,90.4,0,90.4,0,90.4,0,90.4,0,90.4,0,90.4,0,90.4,0,90.4,0
117170,,,,,,,,,,,,,,,,,,,,,
117196,14.5,14.5,0,14.5,0,14.5,0,14.5,0,14.5,0,14.5,0,,,14.5,0,14.5,0,14.5,0
117226,8.8,8.8,0,8.8,0,8.8,0,8.8,0,8.8,0,8.8,0,,,8.8,0,8.8,0,8.8,0
117560,79.9,79.9,0,79.9,0,79.9,0,79.9,0,79.9,0,79.9,0,79.9,0,79.9,0,79.9,0,79.9,0
117757,12.5,12.5,0,12.5,0,12.5,0,12.5,0,12.5,0,12.5,0,12.5,0,12.5,0,12.5,0,12.5,0
117773,8.8,8.8,0,8.8,0,8.8,0,8.8,0,8.8,0,8.8,0,11.5,-0.235,11.5,-0.235,11.5,-0.235,11.5,-0.235
117781,2.9,2.9,0,2.9,0,2.9,0,2.9,0,2.9,0,2.9,0,3.6,-0.194,3.6,-0.194,3.6,-0.194,3.6,-0.194
117820,,,,,,,,,,,,,,,,,,,,,
117977,13.5,13.5,0,13.5,0,13.5,0,13.5,0,13.5,0,13.5,0,13.5,0,13.5,0,13.5,0,13.5,0
117994,,,,,,,,,,,,,,,,,,,,,
118001,3,3,0,3,0,3,0,3,0,3,0,3,0,3.9,-0.231,3.9,-0.231,3.9,-0.231,3.9,-0.231
118020,,,,,,,,,,,,,,,,,,,,,
118026,94,94,0,94,0,94,0,94,0,94,0,94,0,94,0,94,0,94,0,94,0
118027,94,94,0,94,0,94,0,94,0,94,0,94,0,94,0,94,0,94,0,94,0
118028,3.1,3.1,0,3.1,0,3.1,0,3.1,0,3.1,0,3.1,0,4,-0.225,4,-0.225,4,-0.225,4,-0.225
118029,66,66,0,66,0,66,0,66,0,66,0,66,0,66,0,66,0,66,0,66,0
118030,,,,,,,,,,,,,,,,,,,,,
118031,,,,,,,,,,,,,,,,,,,,,
118035,,,,,,,,,,,,,,,,,,,,,
118036,,,,,,,,,,,,,,,,,,,,,
118037,,,,,,,,,,,,,,,,,,,,,
118039,,,,,,,,,,,,,,,,,,,,,
118040,,,,,,,,,,,,,,,,,,,,,
118116,32.8,33.5,-0.0209,33.5,-0.0209,33.5,-0.0209,33.5,-0.0209,33.5,-0.0209,39.6,-0.172,39.6,-0.172,39.6,-0.172,39.6,-0.172,39.6,-0.172
118120,,,,,,,,,,,,,,,,,,,,,
118140,,,,,,,,,,,,,,,,,,,,,
118141,63,60.6,0.0396,60.6,0.0396,60.6,0.0396,60.6,0.0396,60.6,0.0396,51,0.235,51,0.235,53.6,0.175,67.6,-0.068,67.6,-0.068
118144,13.8,13.8,0,13.8,0,13.8,0,13.8,0,13.8,0,12.5,0.104,12.5,0.104,12.8,0.0781,15.3,-0.098,15.3,-0.098
118188,40.5,40.5,0,40.5,0,40.5,0,40.5,0,40.5,0,40.5,0,,,40.5,0,40.5,0,40.5,0
118400,,,,,,,,,,,,,,,,,,,,,
118410,50.9,50.9,0,50.9,0,50.9,0,50.9,0,50.9,0,50.9,0,50.9,0,50.9,0,50.9,0,50.9,0
118411,45.2,45.2,0,45.2,0,45.2,0,45.2,0,45.2,0,45.2,0,45.2,0,45.2,0,45.2,0,45.2,0
118557,,,,,,,,,,,,,,,,,,,,,
118558,,,,,,,,,,,,,,,,,,,,,
118705,,,,,,,,,,,,,,,,,,,,,
118707,,,,,,,,,,,,,,,,,,,,,
118708,,,,,,,,,,,,,,,,,,,,,
118709,,,,,,,,,,,,,,,,,,,,,
118711,,,,,,,,,,,,,,,,,,,,,
118712,,,,,,,,,,,,,,,,,,,,,
118713,,,,,,,,,,,,,,,,,,,,,
118714,,,,,,,,,,,,,,,,,,,,,
118715,,,,,,,,,,,,,,,,,,,,,
118717,,,,,,,,,,,,,,,,,,,,,
118778,49.9,49.9,0,,,,,,,,,,,,,,,,,,
118800,18.8,18.8,0,18.8,0,18.8,0,18.8,0,18.8,0,18.8,0,18.8,0,18.8,0,18.8,0,18.8,0
118870,81.5,81.5,0,81.5,0,81.5,0,81.5,0,81.5,0,81.5,0,81.5,0,81.5,0,81.5,0,66.5,0.226
118871,47.9,47.9,0,47.9,0,47.9,0,47.9,0,49,-0.0224,49,-0.0224,49,-0.0224,49,-0.0224,49,-0.0224,47.5,0.00842
118872,,,,,,,,,,,,,,,,,,,,,
118873,,,,,,,,,,,,,,,,,,,,,
118874,18,18,0,18,0,18,0,18,0,19.5,-0.0769,19.5,-0.0769,19.5,-0.0769,19.5,-0.0769,19.5,-0.0769,19.5,-0.0769
118875,37.5,37.5,0,37.5,0,37.5,0,37.5,0,37.5,0,37.5,0,37.5,0,37.5,0,37.5,0,37.5,0
118879,62,62,0,62,0,62,0,62,0,62,0,,,,,62,0,62,0,62,0
118900,,,,,,,,,,,,,,,,,,,,,
118923,18.8,18.8,0,18.8,0,18.8,0,18.8,0,18.8,0,18.8,0,18.8,0,18.8,0,18.8,0,18.8,0
119001,,,,,,,,,,,,,,,,,,,,,
119008,33.5,33.5,0,33.5,0,33.5,0,33.5,0,,,24.9,0.345,24.9,0.345,30.7,0.0912,30.7,0.0912,30.7,0.0912
119009,8.8,8.8,0,8.8,0,8.8,0,8.8,0,8.8,0,8.8,0,8.8,0,8.8,0,8.8,0,8.8,0
119012,67.1,67.1,0,67.1,0,67.1,0,67.1,0,67.1,0,63.8,0.0517,63.8,0.0517,63.8,0.0517,77.8,-0.138,78,-0.14
119013,67.1,67.1,0,67.1,0,67.1,0,67.1,0,67.1,0,63.8,0.0517,63.8,0.0517,63.8,0.0517,78,-0.14,78,-0.14
119023,44.9,44.9,0,44.9,0,44.9,0,,,44.9,0,44.9,0,44.9,0,44.9,0,76,-0.409,76,-0.409
119032,18.8,18.8,0,18.8,0,18.8,0,18.8,0,18.8,0,18.8,0,18.8,0,18.8,0,18.8,0,18.8,0
119040,19,19,0,19,0,19,0,19,0,19,0,19,0,19,0,,,26.5,-0.283,26.5,-0.283
119067,20.6,20.6,0,20.6,0,20.6,0,20.6,0,20.6,0,20.6,0,20.6,0,20.6,0,20.6,0,20.6,0
119100,25,25,0,25,0,25,0,25,0,25,0,25,0,25,0,25,0,25,0,25,0
119120,,,,,,,,,,,,,,,,,,,,,
119122,,,,,,,,,,,,,,,,,,,,,
119145,,,,,,,,,,,,,,,,,,,,,
119148,,,,,,,,,,,,,,,,,,,,,
119156,3.6,3.6,0,3.6,0,3.6,0,3.6,0,3.6,0,3.6,0,4.6,-0.217,4.6,-0.217,4.6,-0.217,4.6,-0.217
119190,,,,,,,,,,,,,,,,,,,,,
119229,19.4,19.4,0,19.4,0,19.4,0,19.4,0,19.4,0,19.4,0,19.4,0,19.4,0,19.4,0,19.4,0
119325,30,30,0,30,0,30,0,30,0,30,0,30,0,30,0,30,0,30,0,30,0
119327,35,35,0,35,0,35,0,35,0,35,0,35,0,35,0,35,0,35,0,35,0
119351,26.9,26.9,0,26.9,0,26.9,0,26.9,0,26.9,0,23.9,0.126,23.9,0.126,24,0.121,24,0.121,34.9,-0.229
119355,15.5,15.5,0,15.5,0,15.5,0,14,0.107,14,0.107,14,0.107,14,0.107,14,0.107,14,0.107,14,0.107
119356,15.5,15.5,0,15.5,0,15.5,0,14,0.107,14,0.107,14,0.107,14,0.107,14,0.107,14,0.107,14,0.107
119380,,,,,,,,,,,,,,,,,,,,,
119381,,,,,,,,,,,,,,,,,,,,,
119395,,,,,,,,,,,,,,,,,,,,,
119396,24,24,0,24,0,24,0,30,-0.2,30,-0.2,30,-0.2,30,-0.2,30,-0.2,23,0.0435,,
119397,24,24,0,24,0,24,0,30,-0.2,30,-0.2,30,-0.2,30,-0.2,30,-0.2,23,0.0435,,
119398,24,24,0,24,0,24,0,30,-0.2,30,-0.2,30,-0.2,30,-0.2,30,-0.2,23,0.0435,,
119427,50.9,50.9,0,50.9,0,50.9,0,50.9,0,50.9,0,32.1,0.586,32.1,0.586,45.9,0.109,32.1,0.586,,
119436,85,85,0,85,0,85,0,85,0,85,0,85,0,66.5,0.278,,,85,0,85,0
119437,,,,,,,,,,,,,,,,,,,,,
119441,72.8,72.8,0,72.8,0,72.8,0,72.8,0,72.8,0,,,72.8,0,,,72.8,0,80.6,-0.0968
119442,,,,,,,,,,,,,,,,,,,,,
119443,,,,,,,,,,,,,,,,,,,,,
119446,,,,,,,,,,,,,,,,,,,,,
119448,,,,,,,,,,,,,,,,,,,,,
119449,,,,,,,,,,,,,,,,,,,,,
119450,152,152,0,152,0,152,0,152,0,152,0,,,,,152,0,152,0,152,0
119452,,,,,,,,,,,,,,,,,,,,,
119453,,,,,,,,,,,,,,,,,,,,,
119454,,,,,,,,,,,,,,,,,,,,,
119460,13,13,0,13,0,13,0,13,0,13,0,13,0,13,0,13,0,13,0,13,0
119491,24.9,24.9,0,24.9,0,24.9,0,22.9,0.0873,22.9,0.0873,22.9,0.0873,21.9,0.137,25.5,-0.0235,29.5,-0.156,39.9,-0.376
119500,21,21,0,21,0,21,0,21,0,20,0.05,20,0.05,20,0.05,20,0.05,20,0.05,20,0.05
119501,15,15,0,15,0,15,0,15,0,15,0,15,0,15,0,18,-0.167,18,-0.167,18,-0.167
119502,94,94,0,94,0,94,0,94,0,94,0,94,0,94,0,158,-0.405,,,158,-0.405
119543,68,68,0,68,0,68,0,68,0,68,0,68,0,68,0,68,0,68,0,,
119544,,,,,,,,,,,,,,,,,,,,,
119545,65,65,0,65,0,65,0,65,0,65,0,65,0,65,0,65,0,65,0,65,0
119546,65,65,0,65,0,65,0,65,0,,,65,0,65,0,65,0,65,0,,
119547,68,68,0,68,0,68,0,68,0,68,0,68,0,68,0,68,0,68,0,,
119555,,,,,,,,,,,,,,,,,,,,,
119556,,,,,,,,,,,,,,,,,,,,,
119557,,,,,,,,,,,,,,,,,,,,,
119558,,,,,,,,,,,,,,,,,,,,,
119570,30,30,0,30,0,30,0,30,0,30,0,30,0,30,0,30,0,30,0,30,0
119572,30,30,0,30,0,30,0,30,0,30,0,30,0,30,0,,,30,0,30,0
119573,,,,,,,,,,,,,,,,,,,,,
119574,30,30,0,30,0,30,0,,,,,,,30,0,30,0,30,0,30,0
119576,30,30,0,30,0,30,0,30,0,30,0,30,0,30,0,30,0,30,0,30,0
119578,20,20,0,20,0,20,0,20,0,20,0,20,0,20,0,20,0,20,0,20,0
119602,,,,,,,,,,,,,,,,,,,,,
119603,,,,,,,,,,,,,,,,,,,,,
119759,,,,,,,,,,,,,,,,,,,,,
119760,36.8,36.8,0,36.8,0,36.8,0,36.8,0,36.8,0,36.8,0,36.8,0,36.8,0,36.8,0,40,-0.08
119785,23,23,0,23,0,23,0,23,0,23,0,23,0,23,0,23,0,23,0,23,0
119786,20,20,0,20,0,20,0,20,0,20,0,20,0,20,0,20,0,20,0,20,0
119832,,,,,,,,,,,,,,,,,,,,,
119906,18,18,0,18,0,18,0,18,0,18,0,18,0,18,0,14,0.286,18,0,18,0
119990,,,,,,,,,,,,,,,,,,,,,
119991,,,,,,,,,,,,,,,,,,,,,
120003,,,,,,,,,,,,,,,,,,,,,
120004,,,,,,,,,,,,,,,,,,,,,
120019,,,,,,,,,,,,,,,,,,,,,
120020,,,,,,,,,,,,,,,,,,,,,
120045,29.5,29.5,0,29.5,0,,,29.5,0,29.5,0,29.5,0,29.5,0,29.5,0,39.5,-0.253,39.5,-0.253
120065,14.9,14.9,0,14.9,0,14.9,0,14.9,0,14.9,0,14.9,0,14.9,0,14.9,0,13.9,0.0719,15.9,-0.0629
120120,155,155,0,155,0,155,0,155,0,155,0,,,,,,,199,-0.221,236,-0.343
120121,,,,,,,,,,,,,,,,,,,,,
120123,,,,,,,,,,,,,,,,,,,,,
120523,31,31,0,31,0,31,0,31,0,31,0,31,0,31,0,31,0,31,0,31,0
120524,31,31,0,31,0,31,0,31,0,31,0,31,0,31,0,31,0,31,0,31,0
120525,31,31,0,31,0,31,0,31,0,31,0,31,0,31,0,31,0,31,0,31,0
120526,31,31,0,31,0,31,0,31,0,31,0,31,0,,,31,0,31,0,31,0
120527,,,,,,,,,,,,,,,,,,,,,
120528,25,25,0,25,0,25,0,25,0,25,0,25,0,25,0,25,0,25,0,25,0
120545,,,,,,,,,,,,,,,,,,,,,
120550,36,36,0,36,0,36,0,36,0,36,0,36,0,36,0,36,0,36,0,36,0
120551,36,36,0,36,0,36,0,36,0,36,0,36,0,36,0,36,0,36,0,36,0
120552,36,36,0,36,0,36,0,36,0,36,0,36,0,36,0,36,0,36,0,36,0
120554,36,36,0,36,0,36,0,36,0,36,0,36,0,36,0,36,0,36,0,36,0
120555,36,36,0,36,0,36,0,36,0,36,0,36,0,36,0,36,0,36,0,,
120556,36,36,0,36,0,36,0,36,0,36,0,36,0,36,0,36,0,36,0,36,0
120557,36,36,0,36,0,36,0,36,0,36,0,36,0,36,0,36,0,36,0,36,0
120569,,,,,,,,,,,,,,,,,,,,,
120573,15.5,15.5,0,15.5,0,15.5,0,15.5,0,15.5,0,15.5,0,15.5,0,15.5,0,15.5,0,16.8,-0.0774
120574,159,159,0,159,0,159,0,159,0,159,0,159,0,159,0,159,0,159,0,180,-0.115
120580,,,,,,,,,,,,,,,,,,,,,
120581,,,,,,,,,,,,,,,,,,,,,
120582,,,,,,,,,,,,,,,,,,,,,
120583,,,,,,,,,,,,,,,,,,,,,
120584,,,,,,,,,,,,,,,,,,,,,
120586,,,,,,,,,,,,,,,,,,,,,
120717,15.5,15.5,0,15.5,0,15.5,0,15.5,0,15.5,0,15.5,0,15.5,0,15.5,0,15.5,0,15.5,0
120718,18.5,18.5,0,18.5,0,18.5,0,18.5,0,18.5,0,18.5,0,18.5,0,18.5,0,18.5,0,18.5,0
120719,25.5,25.5,0,25.5,0,25.5,0,25.5,0,25.5,0,25.5,0,25.5,0,25.5,0,25.5,0,25.5,0
120720,23.5,23.5,0,23.5,0,23.5,0,23.5,0,23.5,0,23.5,0,23.5,0,23.5,0,23.5,0,23.5,0
120726,20,20,0,20,0,20,0,20,0,20,0,20,0,20,0,20,0,20,0,20,0
121000,,,,,,,,,,,,,,,,,,,,,
121353,34.9,34.9,0,34.9,0,34.9,0,34.9,0,34.9,0,34.9,0,,,34.9,0,34.9,0,34.9,0
121359,,,,,,,,,,,,,,,,,,,,,
121375,,,,,,,,,,,,,,,,,,,,,
121392,,,,,,,,,,,,,,,,,,,,,
121452,49,49,0,49,0,49,0,49,0,49,0,49,0,49,0,49,0,47,0.0426,47,0.0426
121480,,,,,,,,,,,,,,,,,,,,,
121537,,,,,,,,,,,,,,,,,,,,,
121538,49,49,0,49,0,49,0,49,0,49,0,49,0,,,49,0,49,0,49,0
121563,57,57,0,57,0,57,0,57,0,57,0,57,0,,,49,0.163,54,0.0556,54,0.0556
121564,49.9,49.9,0,49.9,0,58,-0.14,58,-0.14,58,-0.14,58,-0.14,,,56,-0.109,57.5,-0.132,,
121573,30,30,0,30,0,30,0,30,0,30,0,30,0,30,0,30,0,30,0,30,0
121821,200,200,0,200,0,200,0,200,0,200,0,200,0,200,0,200,0,,,,
121873,,,,,,,,,,,,,,,,,,,,,
121874,23,23,0,23,0,,,23,0,23,0,23,0,,,23,0,23,0,23,0
121875,26.5,26.5,0,26.5,0,26.5,0,26.5,0,26.5,0,26.5,0,,,26.5,0,26.5,0,26.5,0
121876,34.5,34.5,0,34.5,0,34.5,0,34.5,0,34.5,0,,,,,34.5,0,34.5,0,34.5,0
121877,19.9,19.9,0,19.9,0,19.9,0,19.9,0,19.9,0,19.9,0,,,19.9,0,19.9,0,19.9,0
121878,,,,,,,,,,,,,,,,,,,,,
121879,,,,,,,,,,,,,,,,,,,,,
121880,15,15,0,15,0,15,0,15,0,15,0,,,,,15,0,15,0,15,0
121881,,,,,,,,,,,,,,,,,,,,,
121882,,,,,,,,,,,,,,,,,,,,,
121883,,,,,,,,,,,,,,,,,,,,,
121884,22,22,0,22,0,22,0,22,0,22,0,22,0,,,22,0,22,0,22,0
121886,,,,,,,,,,,,,,,,,,,,,
121888,21.5,21.5,0,21.5,0,21.5,0,21.5,0,21.5,0,21.5,0,,,21.5,0,21.5,0,21.5,0
121889,15,15,0,15,0,15,0,15,0,,,15,0,,,15,0,15,0,15,0
121890,,,,,,,,,,,,,,,,,,,,,
121891,15,15,0,15,0,15,0,15,0,15,0,15,0,,,15,0,15,0,15,0
121892,15,15,0,15,0,15,0,15,0,15,0,15,0,,,15,0,15,0,15,0
121893,15,15,0,15,0,15,0,15,0,15,0,15,0,,,15,0,15,0,15,0
121894,15,15,0,15,0,15,0,15,0,15,0,15,0,,,15,0,15,0,,
121895,15,15,0,15,0,15,0,15,0,15,0,15,0,,,15,0,15,0,,
121896,15,15,0,15,0,15,0,15,0,15,0,15,0,,,15,0,15,0,15,0
121897,,,,,,,,,,,,,,,,,,,,,
121899,13.9,13.9,0,13.9,0,13.9,0,13.9,0,13.9,0,13.9,0,,,13.9,0,13.9,0,13.9,0
121915,,,,,,,,,,,,,,,,,,,,,
121916,69.9,69.9,0,69.9,0,69.9,0,69.9,0,69.9,0,69.9,0,69.9,0,69.9,0,57.9,0.207,69.5,0.00576
121930,58.5,48,0.219,48,0.219,58.9,-0.00679,58.9,-0.00679,58.9,-0.00679,58.9,-0.00679,,,58.9,-0.00679,49.9,0.172,47.5,0.232
121945,,,,,,,,,,,,,,,,,,,,,
122009,,,,,,,,,,,,,,,,,,,,,
122016,,,,,,,,,,,,,,,,,,,,,
122018,,,,,,,,,,,,,,,,,,,,,
122022,17,17,0,17,0,17,0,17,0,17,0,17,0,17,0,18.6,-0.086,18.6,-0.086,18.6,-0.086
122050,59.9,59.9,0,74.5,-0.196,74.5,-0.196,74.5,-0.196,74.5,-0.196,74.5,-0.196,74.5,-0.196,73.9,-0.189,73.9,-0.189,59.9,0
122078,,,,,,,,,,,,,,,,,,,,,
122079,,,,,,,,,,,,,,,,,,,,,
122097,11.5,11.5,0,11.5,0,11.5,0,11.5,0,11.5,0,10,0.15,10,0.15,10,0.15,10,0.15,10,0.15
122112,,,,,,,,,,,,,,,,,,,,,
122157,13.5,13.5,0,,,,,,,,,13.5,0,,,,,,,,
122191,54,54,0,54,0,54,0,54,0,54,0,54,0,,,54,0,,,,
122192,95,95,0,95,0,95,0,95,0,95,0,95,0,,,95,0,95,0,95,0
122301,60,60,0,60,0,60,0,60,0,60,0,60,0,,,,,,,,
122305,,,,,,,,,,,,,,,,,,,,,
122307,,,,,,,,,,,,,,,,,,,,,
122309,,,,,,,,,,,,,,,,,,,,,
122310,,,,,,,,,,,,,,,,,,,,,
122311,,,,,,,,,,,,,,,,,,,,,
122312,,,,,,,,,,,,,,,,,,,,,
122329,36,36,0,36,0,36,0,36,0,36,0,36,0,36,0,,,36,0,36,0
122330,,,,,,,,,,,,,,,,,,,,,
122331,,,,,,,,,,,,,,,,,,,,,
122332,,,,,,,,,,,,,,,,,,,,,
122333,,,,,,,,,,,,,,,,,,,,,
122334,,,,,,,,,,,,,,,,,,,,,
122336,,,,,,,,,,,,,,,,,,,,,
122731,,,,,,,,,,,,,,,,,,,,,
122740,,,,,,,,,,,,,,,,,,,,,
122745,139,139,0,139,0,139,0,139,0,,,99.9,0.391,,,99.9,0.391,99.9,0.391,99.9,0.391
122747,,,,,,,,,,,,,,,,,,,,,
122748,,,,,,,,,,,,,,,,,,,,,
122767,131,131,0,131,0,131,0,131,0,131,0,131,0,131,0,131,0,131,0,,
122768,,,,,,,,,,,,,,,,,,,,,
122770,185,185,0,185,0,185,0,185,0,185,0,185,0,185,0,185,0,185,0,,
122772,,,,,,,,,,,,,,,,,,,,,
122774,,,,,,,,,,,,,,,,,,,,,
122775,,,,,,,,,,,,,,,,,,,,,
122815,8,8,0,8,0,8,0,8,0,8,0,8,0,8,0,8,0,7,0.143,7,0.143
122823,29.9,29.9,0,29.9,0,29.9,0,29.9,0,29.9,0,29.9,0,29.9,0,29.9,0,,,,
122880,182,182,0,182,0,243,-0.25,243,-0.25,243,-0.25,243,-0.25,243,-0.25,243,-0.25,243,-0.25,243,-0.25
122881,62,62,0,62,0,62,0,62,0,62,0,62,0,62,0,62,0,62,0,62,0
122883,98,98,0,98,0,98,0,98,0,98,0,98,0,98,0,98,0,98,0,98,0
122884,62,62,0,62,0,62,0,62,0,62,0,62,0,62,0,62,0,62,0,62,0
122885,85,85,0,85,0,85,0,85,0,85,0,85,0,85,0,83,0.0241,83,0.0241,83,0.0241
122886,,,,,,,,,,,,,,,,,,,,,
122887,,,,,,,,,,,,,,,,,,,,,
122901,,,,,,,,,,,,,,,,,,,,,
122902,36,36,0,36,0,36,0,36,0,36,0,36,0,36,0,36,0,36,0,36,0
122903,36,36,0,36,0,36,0,36,0,36,0,36,0,36,0,36,0,36,0,36,0
122905,,,,,,,,,,,,,,,,,,,,,
122906,36,36,0,36,0,36,0,36,0,36,0,36,0,36,0,36,0,36,0,36,0
122907,,,,,,,,,,,,,,,,,,,,,
122908,,,,,,,,,,,,,,,,,,,,,
122911,,,,,,,,,,,,,,,,,,,,,
122913,,,,,,,,,,,,,,,,,,,,,
122914,,,,,,,,,,,,,,,,,,,,,
122915,,,,,,,,,,,,,,,,,,,,,
122916,12.6,12.6,0,12.6,0,12.6,0,12.6,0,12.6,0,19.5,-0.354,19.5,-0.354,19.5,-0.354,19.5,-0.354,19.5,-0.354
122917,,,,,,,,,,,,,,,,,,,,,
122918,,,,,,,,,,,,,,,,,,,,,
122919,21,21,0,21,0,21,0,21,0,21,0,21,0,21,0,21,0,21,0,19.5,0.0769
122921,,,,,,,,,,,,,,,,,,,,,
122922,,,,,,,,,,,,,,,,,,,,,
122923,,,,,,,,,,,,,,,,,,,,,
122924,,,,,,,,,,,,,,,,,,,,,
122925,,,,,,,,,,,,,,,,,,,,,
122926,,,,,,,,,,,,,,,,,,,,,
122927,,,,,,,,,,,,,,,,,,,,,
122928,,,,,,,,,,,,,,,,,,,,,
122929,,,,,,,,,,,,,,,,,,,,,
122930,,,,,,,,,,,,,,,,,,,,,
122931,,,,,,,,,,,,,,,,,,,,,
122949,,,,,,,,,,,,,,,,,,,,,
122950,,,,,,,,,,,,,,,,,,,,,
122951,,,,,,,,,,,,,,,,,,,,,
122952,,,,,,,,,,,,,,,,,,,,,
122953,,,,,,,,,,,,,,,,,,,,,
122954,,,,,,,,,,,,,,,,,,,,,
122955,,,,,,,,,,,,,,,,,,,,,
122956,,,,,,,,,,,,,,,,,,,,,
122957,,,,,,,,,,,,,,,,,,,,,
122958,48,48,0,48,0,48,0,48,0,48,0,48,0,48,0,48,0,48,0,48,0
122959,48,48,0,48,0,48,0,48,0,48,0,48,0,48,0,48,0,48,0,48,0
122960,,,,,,,,,,,,,,,,,,,,,
122961,,,,,,,,,,,,,,,,,,,,,
122962,,,,,,,,,,,,,,,,,,,,,
122963,,,,,,,,,,,,,,,,,,,,,
122964,,,,,,,,,,,,,,,,,,,,,
122974,,,,,,,,,,,,,,,,,,,,,
122975,,,,,,,,,,,,,,,,,,,,,
122976,,,,,,,,,,,,,,,,,,,,,
122977,,,,,,,,,,,,,,,,,,,,,
122978,,,,,,,,,,,,,,,,,,,,,
122979,21,21,0,21,0,21,0,21,0,,,,,21,0,21,0,21,0,19.5,0.0769
122980,,,,,,,,,,,,,,,,,,,,,
122981,,,,,,,,,,,,,,,,,,,,,
122982,,,,,,,,,,,,,,,,,,,,,
122983,29,29,0,29,0,29,0,29,0,29,0,29,0,29,0,29,0,29,0,29,0
122984,29,29,0,29,0,29,0,29,0,29,0,29,0,29,0,29,0,29,0,29,0
122985,29,29,0,29,0,29,0,29,0,29,0,29,0,29,0,29,0,29,0,29,0
122986,29,29,0,29,0,29,0,29,0,29,0,29,0,29,0,29,0,29,0,29,0
122991,60,60,0,60,0,60,0,60,0,60,0,60,0,60,0,60,0,60,0,60,0
123024,14.3,14.3,0,14.3,0,14.3,0,14.3,0,14.3,0,,,,,,,,,,
123059,3.5,3.5,0,3.5,0,3.5,0,3.5,0,3.5,0,3.5,0,3.5,0,3.7,-0.0541,3,0.167,3.8,-0.0789
123061,299,299,0,299,0,,,299,0,299,0,299,0,299,0,299,0,299,0,299,0
123333,,,,,,,,,,,,,,,,,,,,,
123334,,,,,,,,,,,,,,,,,,,,,
123405,,,,,,,,,,,,,,,,,,,,,
123418,,,,,,,,,,,,,,,,,,,,,
123419,,,,,,,,,,,,,,,,,,,,,
123617,30.9,30.9,0,30.9,0,30.9,0,25,0.236,25,0.236,30.9,0,30.9,0,30.9,0,21.7,0.424,30.9,0
123655,,,,,,,,,,,,,,,,,,,,,
123692,,,,,,,,,,,,,,,,,,,,,
124060,76.5,76.5,0,76.5,0,76.5,0,76.5,0,76.5,0,76.5,0,,,73.8,0.0366,56,0.366,71,0.0775
124111,,,,,,,,,,,,,,,,,,,,,
125026,,,,,,,,,,,,,,,,,,,,,
125050,,,,,,,,,,,,,,,,,,,,,
125462,26,26,0,26,0,26,0,26,0,26,0,26,0,26,0,26,0,26,0,26,0
125717,6,6,0,6,0,6,0,6,0,6,0,6,0,6,0,6.8,-0.118,6.8,-0.118,6.8,-0.118
125719,6,6,0,6,0,6,0,6,0,6,0,6,0,6,0,6.8,-0.118,6.8,-0.118,6.8,-0.118
126011,20,20,0,20,0,20,0,19,0.0526,19,0.0526,,,19,0.0526,19,0.0526,21,-0.0476,24,-0.167
126012,,,,,,,,,,,,,,,,,,,,,
126013,96.9,96.9,0,96.9,0,96.9,0,96.9,0,,,96.9,0,96.9,0,101,-0.0406,101,-0.0406,101,-0.0406
126024,42.7,42.7,0,42.7,0,42.7,0,42.7,0,42.7,0,55.7,-0.233,55.7,-0.233,55.7,-0.233,62.8,-0.32,85.8,-0.502
126046,,,,,,,,,,,,,,,,,,,,,
126047,,,,,,,,,,,,,,,,,,,,,
126051,,,,,,,,,,,,,,,,,,,,,
126489,10.5,10.5,0,10.5,0,10.5,0,11.9,-0.118,11.9,-0.118,11.9,-0.118,11.9,-0.118,11.9,-0.118,12.5,-0.16,,
126587,83,83,0,83,0,83,0,83,0,83,0,83,0,83,0,83,0,83,0,83,0
127878,,,,,,,,,,,,,,,,,,,,,
127970,,,,,,,,,,,,,,,,,,,,,
127971,,,,,,,,,,,,,,,,,,,,,
128317,26.5,26.5,0,26.5,0,26.5,0,26.5,0,26.5,0,26.5,0,26.5,0,26.5,0,19.5,0.359,12.5,1.12
128538,75,75,0,75,0,,,,,75,0,75,0,75,0,,,75,0,75,0
129097,,,,,,,,,,,,,,,,,,,,,
129240,8.5,8.5,0,8.5,0,8.5,0,7.5,0.133,7.5,0.133,8.7,-0.023,8.7,-0.023,7.5,0.133,8.7,-0.023,8.7,-0.023
129267,,,,,,,,,,,,,,,,,,,,,
129275,37.9,37.9,0,37.9,0,37.9,0,37.9,0,37.9,0,37.9,0,37.9,0,37.9,0,37.9,0,37.9,0
129283,8,8,0,8,0,8,0,8,0,8,0,8,0,8,0,8,0,8,0,8,0
129348,6.9,6.9,0,7.6,-0.0921,7.6,-0.0921,7.6,-0.0921,7.6,-0.0921,7.6,-0.0921,6.5,0.0615,7.6,-0.0921,6,0.15,,
129380,,,,,,,,,,,,,,,,,,,,,
129399,8.5,8.5,0,8.5,0,8.5,0,8.5,0,8.5,0,11.5,-0.261,11.5,-0.261,8.2,0.0366,8.2,0.0366,8.2,0.0366
129429,15.3,15.3,0,15.3,0,15.3,0,15.3,0,15.3,0,15.3,0,15.3,0,15.3,0,15.3,0,15.3,0
129437,42.5,42.5,0,42.5,0,42.5,0,42.5,0,42.5,0,42.5,0,42.5,0,42.5,0,41,0.0366,41,0.0366
129445,23,23,0,23,0,23,0,23,0,23,0,23,0,23,0,23,0,17.5,0.314,21.5,0.0698
129461,9.2,9.2,0,9.2,0,9.2,0,9.2,0,9.2,0,9.2,0,7.9,0.165,9.2,0,9.2,0,9.2,0
129470,8.2,8.2,0,8.2,0,8.2,0,8.2,0,8.2,0,8.2,0,8.2,0,8.2,0,8.2,0,8.2,0
129608,20.7,20.7,0,20.7,0,20.7,0,20.7,0,20.7,0,20.7,0,20.7,0,20.7,0,20.7,0,20.7,0
130100,14.9,14.9,0,14.9,0,14.9,0,14.9,0,14.9,0,16.9,-0.118,16.9,-0.118,13.9,0.0719,17.5,-0.149,17.5,-0.149
130431,23.5,23.5,0,23.5,0,23.5,0,23.5,0,22.9,0.0262,22.9,0.0262,22.9,0.0262,24.5,-0.0408,24.5,-0.0408,24.5,-0.0408
130432,,,,,,,,,,,,,,,,,,,,,
130577,,,,,,,,,,,,,,,,,,,,,
130680,41,41,0,41,0,41,0,41,0,,,,,,,,,,,,
131131,,,,,,,,,,,,,,,,,,,,,
131132,104,104,0,104,0,104,0,104,0,104,0,104,0,104,0,104,0,104,0,104,0
131134,64.8,64.8,0,64.8,0,64.8,0,104,-0.374,104,-0.374,104,-0.374,104,-0.374,104,-0.374,104,-0.374,104,-0.374
131135,104,104,0,104,0,104,0,104,0,104,0,104,0,104,0,104,0,104,0,104,0
131136,,,,,,,,,,,,,,,,,,,,,
131138,,,,,,,,,,,,,,,,,,,,,
131241,20,20,0,20,0,20,0,20,0,20,0,18.1,0.105,18.1,0.105,18.1,0.105,25.9,-0.228,28,-0.286
131292,118,118,0,118,0,118,0,118,0,118,0,106,0.113,106,0.113,106,0.113,193,-0.389,193,-0.39
131423,61,61,0,56,0.0893,56,0.0893,56,0.0893,,,48,0.271,48,0.271,63,-0.0317,63,-0.0317,63,-0.0317
131431,61,61,0,56,0.0893,56,0.0893,56,0.0893,48,0.271,48,0.271,48,0.271,63,-0.0317,63,-0.0317,63,-0.0317
131458,27,27,0,27,0,27,0,27,0,27,0,27,0,27,0,27,0,26.5,0.0189,26.5,0.0189
131466,53.5,53.5,0,53.5,0,53.5,0,53.5,0,53.5,0,53.5,0,53.5,0,53.5,0,53.5,0,53.5,0
131474,12.5,12.5,0,12.5,0,12.5,0,12.5,0,12.5,0,12.5,0,12.5,0,12.5,0,12.5,0,12.5,0
131502,,,,,,,,,,,,,,,,,,,,,
131820,36.8,36.8,0,36.8,0,36.8,0,36.8,0,36.8,0,36.8,0,36.8,0,36.8,0,36.8,0,40,-0.08
131821,,,,,,,,,,,,,,,,,,,,,
131823,,,,,,,,,,,,,,,,,,,,,
131824,,,,,,,,,,,,,,,,,,,,,
131825,,,,,,,,,,,,,,,,,,,,,
131827,,,,,,,,,,,,,,,,,,,,,
131828,,,,,,,,,,,,,,,,,,,,,
131829,38.9,38.9,0,38.9,0,38.9,0,38.9,0,38.9,0,38.9,0,38.9,0,38.9,0,38.9,0,41.9,-0.0716
131830,38.9,38.9,0,38.9,0,38.9,0,38.9,0,38.9,0,38.9,0,38.9,0,38.9,0,38.9,0,41.9,-0.0716
131831,43.3,43.3,0,43.3,0,43.3,0,43.3,0,43.3,0,43.3,0,43.3,0,43.3,0,43.3,0,46.5,-0.0688
131832,43.3,43.3,0,43.3,0,43.3,0,43.3,0,43.3,0,43.3,0,43.3,0,43.3,0,43.3,0,46.5,-0.0688
131857,,,,,,,,,,,,,,,,,,,,,
131908,,,,,,,,,,,,,,,,,,,,,
131941,50.3,50.3,0,50.3,0,50.3,0,50.3,0,50.3,0,50.3,0,50.3,0,50.3,0,50.3,0,50.3,0
131970,,,,,,,,,,,,,,,,,,,,,
131993,,,,,,,,,,,,,,,,,,,,,
132270,42.8,42.8,0,42.8,0,42.8,0,42.8,0,42.8,0,42.8,0,42.8,0,42.8,0,42.8,0,,
132271,36.7,36.7,0,36.7,0,36.7,0,36.7,0,36.7,0,36.7,0,36.7,0,36.7,0,36.7,0,36.7,0
132272,41.5,41.5,0,41.5,0,41.5,0,41.5,0,41.5,0,41.5,0,41.5,0,41.5,0,41.5,0,41.5,0
132275,47.9,47.9,0,47.9,0,47.9,0,47.9,0,47.9,0,47.9,0,47.9,0,47.9,0,47.9,0,47.9,0
132277,47.9,47.9,0,47.9,0,47.9,0,47.9,0,47.9,0,47.9,0,47.9,0,47.9,0,47.9,0,47.9,0
132443,,,,,,,,,,,,,,,,,,,,,
132477,112,112,0,112,0,,,112,0,112,0,112,0,112,0,112,-0.00444,112,-0.00444,106,0.0616
132478,112,112,0,112,0,,,112,0,112,0,112,0,112,0,112,-0.00444,112,-0.00444,106,0.0616
132489,82,82,0,82,0,,,82,0,82,0,82,0,82,0,82,0,79.5,0.0314,79.5,0.0314
132519,34,34,0,34,0,,,34,0,34,0,,,34,0,34,0,30,0.133,30,0.133
132527,31.5,31.5,0,31.5,0,,,31.5,0,,,31.5,0,31.5,0,31.5,0,28,0.125,28,0.125
132608,7.5,7.5,0,7.5,0,7.5,0,,,7.5,0,7.5,0,7.5,0,7.5,0,,,6.9,0.087
132624,11,11,0,11,0,11,0,11,0,11,0,11,0,11,0,11,0,,,10,0.1
133566,57,57,0,57,0,,,57,0,57,0,57,0,57,0,57,0,57,0,57,0
133795,195,195,0,195,0,,,195,0,195,0,195,0,195,0,195,0,195,0,195,0
134261,20.9,20.9,0,20.9,0,20.9,0,20.9,0,20.9,0,20.9,0,20.9,0,20.9,0,20.9,0,20.9,0
135135,160,160,0,160,0,160,0,160,0,160,0,160,0,160,0,160,0,160,0,160,0
135143,179,179,0,179,0,179,0,179,0,179,0,179,0,179,0,179,0,179,0,179,0
135151,32.5,32.5,0,32.5,0,32.5,0,32.5,0,32.5,0,32.5,0,32.5,0,32.5,0,32.5,0,32.5,0
135186,,,,,,,,,,,,,,,,,,,,,
135194,37,37,0,37,0,37,0,37,0,37,0,37,0,37,0,37,0,37,0,37,0
135208,23.5,23.5,0,23.5,0,,,23.5,0,,,,,23.5,0,23.5,0,23.5,0,23.5,0
135216,34.9,34.9,0,34.9,0,34.9,0,34.9,0,34.9,0,34.9,0,34.9,0,34.9,0,34.9,0,34.9,0
135259,,,,,,,,,,,,,,,,,,,,,
135623,49.7,49.7,0,49.7,0,49.7,0,49.7,0,49.7,0,49.7,0,49.7,0,49.7,0,49.7,0,49.7,0
135675,,,,,,,,,,,,,,,,,,,,,
136344,62.5,62.5,0,62.5,0,62.5,0,62.5,0,62.5,0,,,62.5,0,,,,,,
136450,43.5,43.5,0,43.5,0,43.5,0,43.5,0,43.5,0,43.5,0,,,43.5,0,43.5,0,41,0.061
136501,31,31,0,31,0,31,0,31,0,31,0,31,0,31,0,31,0,31,0,27.5,0.127
136522,31,31,0,31,0,31,0,31,0,31,0,31,0,31,0,31,0,,,,
136523,,,,,,,,,,,,,,,,,,,,,
136524,31,31,0,31,0,31,0,31,0,31,0,31,0,,,31,0,31,0,27.5,0.127
136576,290,290,0,290,0,290,0,290,0,290,0,220,0.319,220,0.319,220,0.319,220,0.319,220,0.319
137022,21.5,21.5,0,21.5,0,21.5,0,21.5,0,21.5,0,21.5,0,21.5,0,21.5,0,21.5,0,21.5,0
137120,47.5,47.5,0,47.5,0,,,47.5,0,47.5,0,47.5,0,47.5,0,,,,,,
137170,47.5,47.5,0,47.5,0,,,47.5,0,47.5,0,47.5,0,47.5,0,,,,,,
137228,,,,,,,,,,,,,,,,,,,,,
137677,8.9,8.9,0,8.9,0,8.9,0,8.9,0,8.9,0,8.5,0.0471,,,,,13.9,-0.36,13.9,-0.36
137901,19.5,19.5,0,19.5,0,19.5,0,,,,,,,,,,,,,,
137910,19.5,19.5,0,19.5,0,19.5,0,,,,,,,,,,,,,,
137928,19.5,19.5,0,19.5,0,19.5,0,,,,,,,,,,,,,,
137936,19.5,19.5,0,19.5,0,19.5,0,,,,,,,,,,,,,,
138058,223,223,0,223,0,223,0,223,0,223,0,223,0,223,0,223,0,223,0,223,0
138215,13,13,0,12,0.0833,12,0.0833,12,0.0833,10,0.3,11.5,0.13,11.5,0.13,13,0,13,0,12.9,0.00775
138223,14.5,14.5,0,13,0.115,13,0.115,13,0.115,10,0.45,11.5,0.261,11.5,0.261,12.9,0.124,17,-0.147,13.9,0.0432
138231,14.5,14.5,0,13,0.115,13,0.115,13,0.115,10,0.45,11.5,0.261,11.5,0.261,12.9,0.124,17,-0.147,13.9,0.0432
138304,,,,,,,,,,,,,,,,,,,,,
138517,60,60,0,60,0,60,0,60,0,60,0,60,0,60,0,69.9,-0.142,69.9,-0.142,69.9,-0.142
138550,,,,,,,,,,,,,,,,,,,,,
138614,7,7,0,7,0,6.3,0.111,6.3,0.111,6.3,0.111,6.3,0.111,6.8,0.0294,6.8,0.0294,6.8,0.0294,6.8,0.0294
138711,,,,,,,,,,,,,,,,,,,,,
138860,9.5,9.5,0,9.5,0,9.5,0,9.5,0,9.5,0,9.5,0,12.2,-0.221,12.2,-0.221,12.2,-0.221,12.2,-0.221
139033,,,,,,,,,,,,,,,,,,,,,
139386,47.5,47.5,0,47.5,0,47.5,0,47.5,0,47.5,0,47.5,0,,,57,-0.167,57,-0.167,57,-0.167
139521,65.5,65.5,0,65.5,0,65.5,0,65.5,0,65.5,0,65.5,0,65.5,0,69,-0.0507,,,,
139653,76,76,0,76,0,76,0,76,0,76,0,76,0,76,0,76,0,76,0,60.9,0.248
139718,56.1,56.1,0,56.1,0,56.1,0,56.1,0,56.1,0,56.1,0,56.1,0,56.1,0,56.1,0,56.1,0
139807,50,50,0,50,0,50,0,50,0,50,0,50,0,50,0,50,0,50,0,50,0
139890,74.9,74.9,0,74.9,0,74.9,0,74.9,0,,,,,,,,,,,,
139963,65.5,65.5,0,65.5,0,65.5,0,65.5,0,65.5,0,65.5,0,65.5,0,69,-0.0507,,,,
140058,,,,,,,,,,,,,,,,,,,,,
140198,,,,,,,,,,,,,,,,,,,,,
140228,,,,,,,,,,,,,,,,,,,,,
140260,,,,,,,,,,,,,,,,,,,,,
140287,,,,,,,,,,,,,,,,,,,,,
140309,,,,,,,,,,,,,,,,,,,,,
140317,,,,,,,,,,,,,,,,,,,,,
140376,24.5,24.5,0,23,0.0652,23,0.0652,23,0.0652,24.5,0,25.9,-0.0541,25.9,-0.0541,28.1,-0.128,28.1,-0.128,28.1,-0.128
140465,22,22,0,22,0,22,0,,,19.6,0.122,19,0.158,17.5,0.257,19.5,0.128,18.5,0.189,26.9,-0.182
140546,,,,,,,,,,,,,,,,,,,,,
140805,19.9,19.9,0,19.9,0,19.9,0,19.9,0,19.9,0,26,-0.235,26,-0.235,26.5,-0.249,26.5,-0.249,29.9,-0.334
140848,,,,,,,,,,,,,,,,,,,,,
141100,8.9,8.9,0,8.9,0,8.9,0,8.9,0,8.9,0,8.9,0,8.9,0,8.9,0,8.9,0,8.9,0
141414,11.5,11.5,0,11.5,0,11.5,0,11.5,0,11.5,0,11.5,0,11.5,0,11,0.0455,,,,
141421,,,,,,,,,,,,,,,,,,,,,
141424,,,,,,,,,,,,,,,,,,,,,
141428,,,,,,,,,,,,,,,,,,,,,
141429,,,,,,,,,,,,,,,,,,,,,
141433,9.4,9.4,0,9.4,0,9.4,0,9.4,0,9.4,0,9.4,0,9.4,0,9.4,0,9.4,0,9.4,0
141515,,,,,,,,,,,,,,,,,,,,,
141958,109,109,0,109,0,109,0,109,0,109,0,109,0,,,109,0,109,0,109,0
141959,49.9,49.9,0,49.9,0,49.9,0,49.9,0,49.9,0,49.9,0,,,49.9,0,49.9,0,49.9,0
141999,,,,,,,,,,,,,,,,,,,,,
142233,21.5,21.5,0,21.5,0,21.5,0,21.5,0,21.5,0,21.5,0,32.5,-0.338,32.5,-0.338,39.5,-0.456,39.5,-0.456
142542,10,10,0,10,0,10,0,10,0,10,0,10,0,10,0,10,0,10,0,10,0
142786,,,,,,,,,,,,,,,,,,,,,
142794,41,41,0,41,0,41,0,41,0,,,,,,,,,,,,
142956,,,,,,,,,,,,,,,,,,,,,
143006,42.9,42.9,0,42.9,0,,,42.9,0,42.9,0,42.9,0,42.9,0,42.9,0,42.9,0,35,0.226
143049,8,8,0,8,0,8,0,8,0,8,0,8,0,8,0,8,0,8,0,8,0
143051,,,,,,,,,,,,,,,,,,,,,
143322,18.5,18.5,0,18.5,0,18.5,0,18.5,0,18.5,0,18.5,0,18.5,0,18.5,0,18.5,0,18.5,0
143487,,,,,,,,,,,,,,,,,,,,,
143804,41.3,41.3,0,41.3,0,41.3,0,41.3,0,41.3,0,38.3,0.0783,30,0.377,,,45.9,-0.1,45.9,-0.1
143863,108,108,0,108,0,,,102,0.0539,102,0.0539,102,0.0539,88.9,0.209,109,-0.0138,128,-0.159,125,-0.139
143871,56.9,56.9,0,56.9,0,56.9,0,56.9,0,56.9,0,56.9,0,,,56.9,0,56.9,0,55.7,0.0215
144320,,,,,,,,,,,,,,,,,,,,,
144460,70.4,70.4,0,70.4,0,70.4,0,70.4,0,70.4,0,70.4,0,,,70.4,0,70.4,0,66.6,0.0571
144872,,,,,,,,,,,,,,,,,,,,,
144940,,,,,,,,,,,,,,,,,,,,,
145432,47.3,44.2,0.0701,44.2,0.0701,44.2,0.0701,44.2,0.0701,44.2,0.0701,40.7,0.162,40.7,0.162,51,-0.0725,51,-0.0725,51,-0.0725
146064,6.6,6.6,0,6.6,0,6.6,0,6.6,0,6.6,0,6.6,0,,,6,0.1,6,0.1,6,0.1
146200,27.4,27.4,0,27.4,0,27.4,0,27.4,0,27.4,0,27.4,0,27.4,0,27.4,0,27.4,0,,
146366,41,41,0,41,0,41,0,41,0,31.5,0.302,31.9,0.285,31.9,0.285,43.9,-0.0661,43.9,-0.0661,43.9,-0.0661
146455,37.5,37.5,0,36,0.0417,36,0.0417,36,0.0417,32,0.172,32.5,0.154,32.5,0.154,38.8,-0.0335,38.8,-0.0335,38.8,-0.0335
146536,45.5,45.5,0,45.5,0,45.5,0,45.5,0,45.5,0,45.5,0,45.5,0,45.5,0,45.5,0,45.5,0
146560,14,14,0,,,,,,,,,14,0,14,0,,,,,,
146625,16,16,0,16,0,16,0,16,0,16,0,,,13,0.231,11,0.455,19,-0.158,19,-0.158
146633,16,16,0,16,0,16,0,16,0,16,0,15,0.0667,13,0.231,11,0.455,19,-0.158,19,-0.158
146749,49.6,49.6,0,49.6,0,49.6,0,49.6,0,49.6,0,49.6,0,49.6,0,49.6,0,49.6,0,49.5,0.00202
147206,212,212,0,212,0,212,0,212,0,212,0,212,0,212,0,212,0,212,0,212,0
147447,103,103,0,153,-0.325,153,-0.325,153,-0.325,,,,,,,153,-0.325,153,-0.325,153,-0.325
147893,,,,,,,,,,,,,,,,,,,,,
149101,53,53,0,53,0,53,0,53,0,48.5,0.0928,48.5,0.0928,48.5,0.0928,48.5,0.0928,48.5,0.0928,48.5,0.0928
149268,42,42,0,42,0,42,0,42,0,42,0,38.2,0.0995,38.2,0.0995,38.2,0.0995,47.7,-0.119,48.4,-0.132
149659,29.5,29.5,0,29.5,0,29.5,0,29.5,0,29.5,0,25.5,0.157,25.5,0.157,33,-0.106,33,-0.106,33,-0.106
150001,21.5,21.5,0,21.5,0,21.5,0,21.5,0,21.5,0,21.5,0,21.9,-0.0183,21.9,-0.0183,,,,
150006,161,161,0,161,0,,,161,0,161,0,161,0,161,0,193,-0.166,193,-0.166,,
150180,18,18,0,18,0,18,0,18,0,18,0,,,18,0,18,0,16,0.125,16,0.125
150182,29.8,29.8,0,29.8,0,29.8,0,29.8,0,29.8,0,29.8,0,29.8,0,29.8,0,27,0.104,27,0.104
150187,32,32,0,32,0,32,0,32,0,32,0,32,0,32,0,32,0,29.5,0.0847,29.5,0.0847
150418,14,14,0,14,0,14,0,14,0,14,0,14.5,-0.0345,14.5,-0.0345,21,-0.333,21,-0.333,21,-0.333
150521,173,173,0,173,0,173,0,,,173,0,173,0,,,,,166,0.0441,166,0.0441
150534,,,,,,,,,,,,,,,,,,,,,
150536,13.8,13.8,0,13.8,0,13.8,0,12.8,0.0781,12.8,0.0781,,,,,,,,,,
150544,,,,,,,,,,,,,,,,,,,,,
150560,,,,,,,,,,,,,,,,,,,,,
150561,31.5,31.5,0,,,31.5,0,31.5,0,31.5,0,31.5,0,,,31.5,0,31.5,0,31.5,0
150677,45,45,0,45,0,45,0,45,0,45,0,45,0,45,0,45,0,46.9,-0.0405,46.9,-0.0405
150681,4,4,0,4,0,4,0,4,0,4,0,4,0,4,0,4,0,4,0,4,0
150682,32.5,32.5,0,32.5,0,32.5,0,32.5,0,32.5,0,32.5,0,,,36,-0.0972,30.6,0.0621,30.6,0.0621
150695,98.8,98.8,0,98.8,0,98.8,0,98.8,0,98.8,0,98.8,0,98.8,0,87.5,0.129,87.5,0.129,97.5,0.0133
150697,,,,,,,,,,,,,,,,,,,,,
150783,,,,,,,,,,,,,,,,,,,,,
150795,20.5,20.5,0,20.5,0,20.5,0,20.5,0,20.5,0,20.5,0,20.5,0,20.5,0,20.5,0,20.5,0
150812,36.3,36.3,0,36.3,0,36.3,0,36.3,0,36.3,0,36.3,0,,,,,36.3,0,36.3,0
150816,47,47,0,47,0,47,0,47,0,,,47,0,,,47,0,47,0,47,0
150817,68,68,0,68,0,68,0,68,0,68,0,68,0,,,68,0,68,0,68,0
150871,,,,,,,,,,,,,,,,,,,,,
150875,,,,,,,,,,,,,,,,,,,,,
150876,,,,,,,,,,,,,,,,,,,,,
150877,,,,,,,,,,,,,,,,,,,,,
150884,,,,,,,,,,,,,,,,,,,,,
150888,,,,,,,,,,,,,,,,,,,,,
150892,,,,,,,,,,,,,,,,,,,,,
150947,23.3,23.3,0,,,,,,,,,,,,,23.3,0,23.3,0,23.3,0
150949,,,,,,,,,,,,,,,,,,,,,
151031,18.5,18.5,0,18.5,0,18.5,0,18.5,0,18.5,0,18.5,0,,,18.5,0,18.5,0,18.5,0
151087,,,,,,,,,,,,,,,,,,,,,
151093,,,,,,,,,,,,,,,,,,,,,
151117,80,80,0,80,0,80,0,80,0,80,0,76,0.0526,76,0.0526,76,0.0526,70,0.143,76.5,0.0458
151128,53.8,53.8,0,53.8,0,53.8,0,53.8,0,53.8,0,52.5,0.0248,52.5,0.0248,52.5,0.0248,46.3,0.162,52.5,0.0248
151131,81,81,0,81,0,81,0,81,0,81,0,75,0.08,75,0.08,75,0.08,75,0.08,,
151160,,,,,,,,,,,,,,,,,,,,,
151178,,,,,,,,,,,,,,,,,,,,,
151199,45,45,0,45,0,45,0,45,0,45,0,45,0,,,45,0,45,0,45,0
151212,14,14,0,14,0,14,0,,,14,0,,,,,,,14,0,,
151302,80,80,0,80,0,80,0,80,0,80,0,76,0.0526,76,0.0526,76,0.0526,70,0.143,76.5,0.0458
151384,,,,,,,,,,,,,,,,,,,,,
151390,,,,,,,,,,,,,,,,,,,,,
151395,32.6,32.6,0,32.6,0,32.6,0,32.6,0,32.6,0,32.6,0,,,32.6,0,32.6,0,31,0.0516
151396,,,,,,,,,,,,,,,,,,,,,
151398,,,,,,,,,,,,,,,,,,,,,
151555,,,,,,,,,,,,,,,,,,,,,
151568,95,95,0,95,0,95,0,95,0,95,0,95,0,95,0,95,0,,,,
151576,25.9,25.9,0,25.9,0,25.9,0,25.9,0,25.9,0,25.9,0,25.9,0,25.9,0,25.9,0,24,0.0792
151594,69.9,60.8,0.15,60.8,0.15,60.8,0.15,60.8,0.15,60.8,0.15,60.8,0.15,,,60.8,0.15,77.5,-0.0981,79,-0.115
151713,14.2,14.2,0,14.2,0,14.2,0,14.2,0,14.2,0,14.2,0,14.2,0,14.2,0,,,14.2,0
152202,80.1,77.4,0.0349,77.4,0.0349,77.4,0.0349,77.4,0.0349,77.4,0.0349,71.4,0.122,71.4,0.122,71.4,0.122,99.5,-0.195,82,-0.0232
152204,39,39,0,39,0,39,0,39,0,39,0,39,0,,,35,0.114,35,0.114,35,0.114
152281,,,,,,,,,,,,,,,,,,,,,
152293,2,2,0,2,0,2,0,2,0,2,0,2,0,2,0,2,0,2,0,,
152310,,,,,,,,,,,,,,,,,,,,,
152420,33,33,0,33,0,33,0,33,0,33,0,33,0,33,0,33,0,33,0,33,0
152684,17,17,0,17,0,17,0,17,0,17,0,14.5,0.172,14.5,0.172,14.5,0.172,14.5,0.172,13.9,0.223
152820,45.9,45.9,0,57.9,-0.207,57.9,-0.207,45.9,0,45.9,0,57.9,-0.207,59,-0.222,49.9,-0.0802,61.9,-0.258,59.5,-0.229
152821,,,,,,,,,,,,,,,,,,,,,
152824,15,15,0,15,0,15,0,15,0,,,15,0,15,0,15,0,15,0,11.9,0.261
153017,,,,,,,,,,,,,,,,,,,,,
153021,,,,,,,,,,,,,,,,,,,,,
153026,,,,,,,,,,,,,,,,,,,,,
153110,3.5,3.5,0,3.5,0,3.5,0,3.5,0,3.5,0,,,,,3.5,0,3.5,0,3.5,0
153112,,,,,,,,,,,,,,,,,,,,,
153119,15.5,15.5,0,,,,,,,15.5,0,15.5,0,,,12.9,0.202,12.9,0.202,,
153312,50,50,0,50,0,50,0,50,0,50,0,50,0,50,0,50,0,50,0,50,0
153462,10.7,10.7,0,10.7,0,10.7,0,10.7,0,10.7,0,10.7,0,10.7,0,10.7,0,10.7,0,10.7,0
153532,859,859,0,859,0,,,859,0,859,0,859,0,859,0,859,0,,,,
153648,33,33,0,33,0,33,0,33,0,33,0,,,,,30,0.1,30,0.1,30,0.1
153700,17,17,0,17,0,17,0,17,0,17,0,,,,,16,0.0625,16,0.0625,16,0.0625
153702,31.9,31.9,0,31.9,0,31.9,0,31.9,0,31.9,0,27.5,0.16,27.5,0.16,27.5,0.16,35,-0.0886,35,-0.0886
153705,10.5,10.5,0,10.5,0,10.5,0,10.5,0,10.5,0,10.5,0,10.5,0,10.5,0,10.5,0,10.5,0
153710,60,60,0,60,0,60,0,60,0,60,0,60,0,60,0,60,0,65,-0.0769,65,-0.0769
153761,46.2,46.2,0,46.2,0,46.2,0,46.2,0,46.2,0,46.2,0,46.2,0,57.5,-0.197,57.5,-0.197,62,-0.255
153821,38.9,38.9,0,38.9,0,38.9,0,38.9,0,38.9,0,38.9,0,38.9,0,38.9,0,38.9,0,41.9,-0.0716
153823,38.9,38.9,0,38.9,0,38.9,0,38.9,0,38.9,0,38.9,0,38.9,0,38.9,0,38.9,0,41.9,-0.0716
153907,3.5,3.5,0,3.5,0,3.5,0,3.5,0,3.5,0,3.5,0,3.5,0,3.5,0,3.5,0,3.5,0
154270,,,,,,,,,,,,,,,,,,,,,
154326,,,,,,,,,,,,,,,,,,,,,
154717,26,26,0,25,0.04,25,0.04,25,0.04,20.5,0.268,22,0.182,22,0.182,28.1,-0.0747,28.1,-0.0747,28.1,-0.0747
155150,37,37,0,37,0,37,0,37,0,37,0,37,0,37,0,37,0,37,0,37,0
155462,,,,,,,,,,,,,,,,,,,,,
155713,5,5,0,5,0,5,0,5,0,5,0,5,0,5,0,5,0,5,0,5,0
155720,45,45,0,45,0,45,0,45,0,45,0,45,0,45,0,58,-0.224,58,-0.224,58,-0.224
155726,,,,,,,,,,,,,,,,,,,,,
155758,,,,,,,,,,,,,,,,,,,,,
155759,,,,,,,,,,,,,,,,,,,,,
155760,,,,,,,,,,,,,,,,,,,,,
155763,10.5,10.5,0,10.5,0,10.5,0,10.5,0,10.5,0,10.5,0,10.5,0,9.8,0.0714,,,,
155764,35,35,0,35,0,35,0,35,0,35,0,35,0,35,0,33.9,0.0324,,,,
155765,80,80,0,86.5,-0.0751,86.5,-0.0751,86.5,-0.0751,86.5,-0.0751,86.5,-0.0751,86.5,-0.0751,79,0.0127,,,,
155766,18,18,0,23,-0.217,23,-0.217,23,-0.217,23,-0.217,20,-0.1,18,0,20,-0.1,,,,
155768,14,14,0,14,0,14,0,14,0,14,0,14,0,14,0,,,,,,
155770,13.5,13.5,0,13.5,0,13.5,0,13.5,0,13,0.0385,13,0.0385,15.1,-0.106,12,0.125,,,,
155771,10.5,10.5,0,13.5,-0.222,13.5,-0.222,13.5,-0.222,12.7,-0.173,11,-0.0455,11,-0.0455,15.1,-0.305,,,,
155772,13,13,0,13,0,13,0,13,0,13,0,13,0,13,0,10.8,0.204,,,,
155773,13,13,0,13,0,13,0,13,0,13,0,13,0,13,0,11.9,0.0924,,,,
155774,13,13,0,16.3,-0.202,16.3,-0.202,16.3,-0.202,16.3,-0.202,18.4,-0.293,18.4,-0.293,18.4,-0.293,,,,
155787,75,75,0,75,0,75,0,75,0,75,0,75,0,75,0,75,0,75,0,75,0
155788,75,75,0,75,0,75,0,75,0,75,0,75,0,75,0,75,0,75,0,75,0
155789,76,76,0,76,0,76,0,76,0,76,0,76,0,76,0,76,0,76,0,76,0
155790,83,83,0,83,0,83,0,83,0,83,0,83,0,83,0,83,0,83,0,83,0
155791,,,,,,,,,,,,,,,,,,,,,
155793,,,,,,,,,,,,,,,,,,,,,
155809,205,205,0,205,0,205,0,205,0,205,0,205,0,225,-0.0889,225,-0.0889,225,-0.0889,255,-0.196
155810,205,205,0,205,0,205,0,205,0,205,0,205,0,225,-0.0889,225,-0.0889,225,-0.0889,255,-0.196
155812,51.6,,,,,,,,,,,,,54.5,-0.0532,60,-0.14,60,-0.14,60,-0.14
155813,,,,,,,,,,,,,,,,,,,,,
155928,23,23,0,23,0,23,0,23,0,23,0,23,0,23,0,23,0,,,,
155930,72.2,72.2,0,69.7,0.0359,69.7,0.0359,69.7,0.0359,69.7,0.0359,51,0.416,51,0.416,,,,,,
156130,17.5,17.5,0,17.5,0,17.5,0,17.5,0,17.5,0,17.5,0,17.5,0,17.5,0,17.5,0,17.5,0
156200,,,,,,,,,,,,,,,,,,,,,
156201,,,,,,,,,,,,,,,,,,,,,
156202,,,,,,,,,,,,,,,,,,,,,
156203,218,218,0,218,0,,,193,0.13,219,-0.00548,219,-0.00548,219,-0.00548,264,-0.175,197,0.105,264,-0.175
156204,218,218,0,218,0,218,0,193,0.13,219,-0.00548,219,-0.00548,219,-0.00548,264,-0.175,197,0.105,273,-0.203
156205,92.7,92.7,0,115,-0.194,115,-0.194,92.7,0,,,135,-0.313,135,-0.313,135,-0.313,98.4,-0.0579,122,-0.24
156206,92.7,,,,,,,,,113,-0.18,113,-0.18,113,-0.18,135,-0.313,98.4,-0.0579,122,-0.24
156207,92.7,92.7,0,115,-0.194,115,-0.194,92.7,0,113,-0.18,113,-0.18,113,-0.18,135,-0.313,98.4,-0.0579,122,-0.24
156208,92.7,,,,,,,92.7,0,113,-0.18,113,-0.18,113,-0.18,135,-0.313,98.4,-0.0579,122,-0.24
156209,,,,,,,,,,,,,,,,,,,,,
156210,,,,,,,,,,,,,,,,,,,,,
156211,218,218,0,218,0,218,0,193,0.13,219,-0.00548,219,-0.00548,219,-0.00548,264,-0.175,197,0.105,264,-0.175
156212,299,299,0,299,0,299,0,299,0,299,0,299,0,299,0,299,0,299,0,272,0.0993
156213,299,299,0,299,0,299,0,299,0,299,0,299,0,299,0,299,0,299,0,272,0.0993
156214,,,,,,,,,,,,,,,,,,,,,
156240,17,17,0,17,0,17,0,17,0,17,0,17,0,17,0,17,0,17,0,17,0
156248,11.5,11.5,0,11.5,0,11.5,0,11.5,0,11.5,0,11.5,0,11.5,0,11.5,0,11.5,0,11.5,0
157108,,,,,,,,,,,,,,,,,,,,,
157147,,,,,,,,,,,,,,,,,,,,,
157264,12,12,0,12,0,12,0,12,0,12,0,12,0,12,0,12,0,12,0,12,0
157700,23.5,23.5,0,23.5,0,23.5,0,23.5,0,23.5,0,23.5,0,23.5,0,23.5,0,25.5,-0.0784,25.5,-0.0784
157721,205,205,0,205,0,205,0,205,0,205,0,205,0,225,-0.0889,225,-0.0889,225,-0.0889,255,-0.196
157722,,,,,,,,,,,,,,,,,,,,,
157731,,,,,,,,,,,,,,,,,,,,,
157732,195,195,0,195,0,195,0,195,0,195,0,195,0,250,-0.22,250,-0.22,225,-0.133,239,-0.184
158012,,,,,,,,,,,,,,,,,,,,,
158039,,,,,,,,,,,,,,,,,,,,,
158470,8.8,8.8,0,8.8,0,8.8,0,8.8,0,8.8,0,,,8.8,0,8.8,0,8.8,0,8.8,0
158526,66.5,66.5,0,66.5,0,66.5,0,61.7,0.0778,61.7,0.0778,59.5,0.118,62.5,0.064,,,,,91.7,-0.275
158550,,,,,,,,,,,,,,,,,,,,,
158569,,,,,,,,,,,,,,,,,,,,,
158718,,,,,,,,,,,,,,,,,,,,,
158739,,,,,,,,,,,,,,,,,,,,,
158747,44,44,0,44,0,44,0,44,0,44,0,44,0,,,44,0,,,,
158815,32.9,32.9,0,32.9,0,32.9,0,32.9,0,32.9,0,32.9,0,32.9,0,,,39.9,-0.175,,
158828,,,,,,,,,,,,,,,,,,,,,
158829,4.5,4.5,0,4.5,0,4.5,0,4.5,0,4.5,0,4.5,0,4.5,0,4.5,0,4.5,0,4.5,0
158830,4.5,4.5,0,4.5,0,4.5,0,4.5,0,4.5,0,4.5,0,4.5,0,4.5,0,4.5,0,4.5,0
158895,79.9,79.9,0,79.9,0,79.9,0,79.9,0,79.9,0,79.9,0,79.9,0,79.9,0,79.9,0,79.9,0
159003,,,,,,,,,,,,,,,,,,,,,
159012,,,,,,,,,,,,,,,,,,,,,
160148,38.6,38.6,0,38.6,0,38.6,0,38.6,0,38.6,0,38.6,0,38.6,0,38.6,0,,,,
160431,,,,,,,,,,,,,,,,,,,,,
160512,,,,,,,,,,,,,,,,,,,,,
160931,,,,,,,,,,,,,,,,,,,,,
160932,,,,,,,,,,,,,,,,,,,,,
161060,,,,,,,,,,,,,,,,,,,,,
161061,,,,,,,,,,,,,,,,,,,,,
161071,19,19,0,18,0.0556,18,0.0556,18,0.0556,18,0.0556,18,0.0556,18,0.0556,18,0.0556,17.5,0.0857,17.5,0.0857
161928,49.9,49.9,0,49.9,0,49.9,0,49.9,0,49.9,0,49.9,0,,,49.9,0,49.9,0,49.9,0
161929,,,,,,,,,,,,,,,,,,,,,
162035,76.1,74.8,0.0174,74.8,0.0174,74.8,0.0174,74.8,0.0174,74.8,0.0174,70.1,0.0856,70.1,0.0856,75.2,0.012,75.2,0.012,75.2,0.012
162036,32.8,31.5,0.0413,31.5,0.0413,31.5,0.0413,31.5,0.0413,33.6,-0.0238,30.6,0.0719,30.6,0.0719,31.9,0.0282,39.5,-0.17,39.5,-0.17
162041,,,,,,,,,,,,,,,,,,,,,
162042,19.7,18.3,0.0765,18.3,0.0765,18.3,0.0765,18.3,0.0765,18.7,0.0535,17.9,0.101,17.9,0.101,,,20.7,-0.0483,22.3,-0.117
162043,32.2,31.5,0.0222,31.5,0.0222,31.5,0.0222,31.5,0.0222,33.6,-0.0417,28.1,0.146,23,0.4,28.1,0.146,35.1,-0.0826,38.2,-0.157
162068,,,,,,,,,,,,,,,,,,,,,
162434,3.5,3.5,0,,,3.5,0,3.5,0,3.5,0,3.5,0,3.5,0,3.5,0,3.5,0,3.5,0
162450,,,,,,,,,,,,,,,,,,,,,
162515,83,83,0,83,0,83,0,83,0,83,0,83,0,83,0,83,0,83,0,83,0
163032,,,,,,,,,,,,,,,,,,,,,
163155,29.5,29.5,0,29.5,0,29.5,0,29.5,0,29.5,0,29.5,0,29.5,0,29.5,0,29.5,0,,
164216,14.5,14.5,0,14.5,0,14.5,0,14.5,0,14.5,0,14.5,0,14.5,0,14.5,0,14.5,0,14.5,0
164224,,,,,,,,,,,,,,,,,,,,,
164330,,,,,,,,,,,,,,,,,,,,,
164372,6,6,0,6,0,6,0,6,0,6,0,,,,,6,0,6,0,6,0
164380,22.5,22.5,0,22.5,0,22.5,0,22.5,0,22.5,0,22.5,0,22.5,0,22.5,0,22.5,0,,
165019,,,,,,,,,,,,,,,,,,,,,
165021,,,,,,,,,,,,,,,,,,,,,
165022,,,,,,,,,,,,,,,,,,,,,
165024,,,,,,,,,,,,,,,,,,,,,
165025,,,,,,,,,,,,,,,,,,,,,
165027,,,,,,,,,,,,,,,,,,,,,
165028,,,,,,,,,,,,,,,,,,,,,
165029,,,,,,,,,,,,,,,,,,,,,
165030,,,,,,,,,,,,,,,,,,,,,
165031,,,,,,,,,,,,,,,,,,,,,
165182,13,13,0,12,0.0833,12,0.0833,12,0.0833,10,0.3,11.5,0.13,11.5,0.13,13.5,-0.037,13,0,13.9,-0.0647
165310,22,22,0,22,0,22,0,19.5,0.128,19.5,0.128,19.5,0.128,19.5,0.128,19.5,0.128,29.5,-0.254,29.5,-0.254
165735,40.5,40.5,0,40.5,0,40.5,0,49.5,-0.182,49.5,-0.182,49.5,-0.182,49.5,-0.182,49.5,-0.182,49.5,-0.182,49.5,-0.182
165743,45,45,0,45,0,45,0,39.5,0.139,39.5,0.139,,,,,39.5,0.139,58,-0.224,58,-0.224
165751,,,,,,,,,,,,,,,,,,,,,
165890,24.9,24.9,0,24.9,0,24.9,0,24.9,0,24.9,0,24.9,0,24.9,0,24.9,0,24.9,0,24.9,0
165921,,,,,,,,,,,,,,,,,,,,,
165971,30.6,30.6,0,30.6,0,30.6,0,43,-0.288,43,-0.288,39,-0.215,39,-0.215,39,-0.215,48.9,-0.374,55.5,-0.449
165972,46.5,46.5,0,46.5,0,46.5,0,66,-0.295,66,-0.295,59.5,-0.218,47.5,-0.0211,59.5,-0.218,74.6,-0.377,74.6,-0.377
166332,12.5,12.5,0,12.5,0,12.5,0,12.5,0,12.5,0,,,,,12.5,0,16,-0.219,16,-0.219
168270,,,,,,,,,,,,,,,,,,,,,
168816,,,,,,,,,,,,,,,,,,,,,
169102,45,45,0,45,0,45,0,45,0,45,0,45,0,,,,,69,-0.348,69,-0.348
169856,34.9,34.9,0,34.9,0,34.9,0,34.9,0,34.9,0,32.9,0.0608,32.9,0.0608,33,0.0576,33,0.0576,53.9,-0.353
170232,315,315,0,315,0,,,315,0,315,0,315,0,315,0,315,0,419,-0.248,419,-0.248
170240,,,,,,,,,,,,,,,,,,,,,
170429,13.9,13.9,0,13.9,0,13.9,0,13.9,0,13.9,0,13.9,0,,,,,,,,
170712,,,,,,,,,,,,,,,,,,,,,
171093,,,,,,,,,,,,,,,,,,,,,
171824,,,,,,,,,,,,,,,,,,,,,
173363,,,,,,,,,,,,,,,,,,,,,
174645,76.8,76.8,0,76.8,0,76.8,0,76.8,0,76.8,0,76.8,0,76.8,0,76.8,0,,,,
174661,38.5,38.5,0,38.5,0,36.9,0.0434,36.9,0.0434,36.9,0.0434,36.9,0.0434,36.9,0.0434,36.9,0.0434,36.9,0.0434,37.9,0.0158
174670,7.8,7.8,0,7.8,0,7.5,0.04,7.5,0.04,7.5,0.04,7.5,0.04,7.5,0.04,7.5,0.04,7.5,0.04,7.8,0
174700,269,269,0,299,-0.1,,,299,-0.1,299,-0.1,299,-0.1,299,-0.1,249,0.0803,279,-0.0358,329,-0.182
174726,205,205,0,205,0,,,205,0,205,0,205,0,205,0,205,0,205,0,205,0
174755,20.4,20.4,0,20.4,0,20.4,0,20.4,0,20.4,0,20.4,0,20.4,0,23.4,-0.128,29,-0.297,29,-0.297
174756,17.4,17.4,0,20.4,-0.147,20.4,-0.147,20.4,-0.147,20.4,-0.147,,,20.4,-0.147,23.4,-0.256,29,-0.4,29,-0.4
174757,20.4,20.4,0,20.4,0,20.4,0,20.4,0,20.4,0,20.4,0,20.4,0,23.4,-0.128,29,-0.297,29,-0.297
174758,,,,,,,,,,,,,,,,,,,,,
174759,,,,,,,,,,,,,,,,,,,,,
174760,,,,,,,,,,,,,,,,,,,,,
174763,,,,,,,,,,,,,,,,,,,,,
174780,,,,,,,,,,,,,,,,,,,,,
174782,,,,,,,,,,,,,,,,,,,,,
174783,114,114,0,114,0,114,0,114,0,114,0,114,0,114,0,114,0,114,0,114,0
174784,114,114,0,114,0,114,0,114,0,114,0,114,0,114,0,114,0,114,0,114,0
175020,25,25,0,25,0,25,0,25,0,25,0,25,0,27,-0.0741,27,-0.0741,27,-0.0741,27,-0.0741
175021,25,25,0,25,0,25,0,25,0,25,0,25,0,27,-0.0741,27,-0.0741,27,-0.0741,27,-0.0741
175023,20,20,0,20,0,20,0,20,0,20,0,20,0,25,-0.2,27,-0.259,27,-0.259,27,-0.259
175024,25,25,0,25,0,25,0,25,0,25,0,25,0,25,0,27,-0.0741,27,-0.0741,,
175025,25,25,0,25,0,25,0,25,0,25,0,25,0,25,0,27,-0.0741,,,27,-0.0741
175026,42,42,0,42,0,42,0,42,0,42,0,42,0,42,0,42,0,42,0,57.4,-0.268
175027,42,42,0,42,0,42,0,42,0,42,0,42,0,42,0,42,0,42,0,57.4,-0.268
175028,31,31,0,31,0,31,0,31,0,31,0,31,0,31,0,31,0,31,0,36.5,-0.151
175029,44.5,44.5,0,44.5,0,44.5,0,44.5,0,44.5,0,44.5,0,44.5,0,44.5,0,44.5,0,44.5,0
175031,25,25,0,25,0,25,0,25,0,25,0,25,0,31,-0.194,31,-0.194,31,-0.194,31,-0.194
175032,25,25,0,25,0,25,0,25,0,25,0,25,0,31,-0.194,31,-0.194,,,31,-0.194
175033,25,25,0,25,0,25,0,25,0,25,0,25,0,31,-0.194,31,-0.194,31,-0.194,31,-0.194
175034,25,25,0,25,0,25,0,25,0,25,0,25,0,31,-0.194,31,-0.194,31,-0.194,31,-0.194
175161,12.2,12.2,0,12.2,0,12.2,0,12.2,0,12.2,0,12.2,0,12.2,0,,,,,,
175756,18.6,18.6,0,18.6,0,18.6,0,18.6,0,18.6,0,18.6,0,18.6,0,20.6,-0.0971,20.6,-0.0971,20.6,-0.0971
175790,17.5,17.5,0,17.5,0,17.5,0,17.5,0,,,,,,,,,,,,
176133,889,889,0,889,0,,,889,0,889,0,889,0,889,0,889,0,889,0,889,0
176508,13.5,13.5,0,13.5,0,13.5,0,13.5,0,13.5,0,,,,,,,,,,
176559,13.5,13.5,0,13.5,0,13.5,0,13.5,0,13.5,0,11.8,0.144,,,10.9,0.239,14.5,-0.069,15,-0.1
176567,13.5,13.5,0,13.5,0,13.5,0,13.5,0,13.5,0,11.8,0.144,11.8,0.144,10.9,0.239,15,-0.1,15,-0.1
176850,,,,,,,,,,,,,,,,,,,,,
177113,99.9,99.9,0,99.9,0,99.9,0,99.9,0,99.9,0,99.9,0,95,0.0516,89.9,0.111,110,-0.0918,94.9,0.0527
177871,16.9,16.9,0,16.9,0,16.9,0,16.9,0,,,16.9,0,16.9,0,16.9,0,16.9,0,13.9,0.216
177881,220,220,0,220,0,220,0,220,0,220,0,220,0,220,0,220,0,220,0,220,0
178039,68.8,68.8,0,68.8,0,68.8,0,68.8,0,68.8,0,68.8,0,,,113,-0.391,107,-0.359,83.8,-0.179
178047,76,76,0,76,0,76,0,70,0.0857,70,0.0857,68.8,0.105,62,0.226,107,-0.292,107,-0.292,,
178136,,,,,,,,,,,,,,,,,,,,,
178551,14,14,0,14,0,14,0,14,0,14,0,14,0,14,0,14,0,,,,
180092,17,17,0,17,0,17,0,17,0,17,0,17,0,17,0,17,0,17,0,17,0
180100,,,,,,,,,,,,,,,,,,,,,
180325,108,108,0,,,,,,,,,,,,,,,,,,
181704,18,18,0,18,0,18,0,18,0,18,0,18,0,18,0,18,0,18,0,18,0
181710,26.8,26.8,0,26.8,0,26.8,0,26.8,0,26.8,0,26.8,0,26.8,0,26.8,0,26.8,0,26.8,0
181711,68,68,0,68,0,68,0,68,0,68,0,68,0,68,0,68,0,68,0,68,0
182036,31.9,31.9,0,31.9,0,31.9,0,31.9,0,31.9,0,31.9,0,31.9,0,31.9,0,32,-0.00313,39.9,-0.201
182287,75.5,75.5,0,75.5,0,,,,,75.5,0,75.5,0,75.5,0,75.5,0,72.5,0.0414,68.5,0.102
183018,61,61,0,61,0,61,0,61,0,61,0,61,0,61,0,61,0,61,0,,
183020,82.2,82.2,0,82.2,0,82.2,0,82.2,0,82.2,0,76.3,0.0773,76.3,0.0773,79,0.0405,92.7,-0.113,109,-0.246
187818,22,22,0,22,0,22,0,22,0,22,0,22,0,22,0,22,0,20.5,0.0732,19.5,0.128
187877,81,81,0,81,0,,,81,0,81,0,81,0,81,0,81,0,81,0,81,0
187971,6.5,6.5,0,,,,,,,,,,,,,6.5,0,,,6.5,0
189359,234,234,0,234,0,234,0,234,0,234,0,234,0,234,0,234,0,234,0,234,0
189375,212,212,0,212,0,212,0,212,0,212,0,212,0,212,0,212,0,212,0,212,0
191630,20.6,20.6,0,20.6,0,20.6,0,20.6,0,20.6,0,19.1,0.0785,19.1,0.0785,18,0.144,25.5,-0.192,25.5,-0.192
192044,,,,,,,,,,,,,,,,,,,,,
192045,,,,,,,,,,,,,,,,,,,,,
192046,,,,,,,,,,,,,,,,,,,,,
192643,,,,,,,,,,,,,,,,,,,,,
192686,,,,,,,,,,,,,,,,,,,,,
192996,,,,,,,,,,,,,,,,,,,,,
193224,,,,,,,,,,,,,,,,,,,,,
193380,16,16,0,16,0,16,0,16,0,16,0,16,0,16,0,14.5,0.103,14.5,0.103,13.5,0.185
193402,,,,,,,,,,,,,,,,,,,,,
193410,,,,,,,,,,,,,,,,,,,,,
193828,32.2,31.5,0.0222,31.5,0.0222,31.5,0.0222,31.5,0.0222,33.6,-0.0417,28.1,0.146,23,0.4,28.1,0.146,38.3,-0.159,38.2,-0.157
193946,35.5,35.5,0,35.5,0,35.5,0,35.5,0,35.5,0,35.5,0,35.5,0,35.5,0,35.5,0,35.5,0
194175,61,61,0,61,0,61,0,61,0,61,0,61,0,61,0,61,0,61,0,61,0
194456,34.9,34.9,0,34.9,0,34.9,0,34.9,0,34.9,0,34.9,0,34.9,0,34.9,0,34.9,0,34.9,0
194457,34.9,34.9,0,34.9,0,34.9,0,34.9,0,34.9,0,34.9,0,34.9,0,34.9,0,34.9,0,34.9,0
194778,45,45,0,45,0,45,0,45,0,45,0,45,0,45,0,45,0,,,,
195447,,,,,,,,,,,,,,,,,,,,,
195588,,,,,,,,,,,,,,,,,,,,,
195626,71.5,71.5,0,71.5,0,71.5,0,71.5,0,71.5,0,71.5,0,71.5,0,,,,,87.5,-0.183
195634,71.5,71.5,0,71.5,0,71.5,0,71.5,0,71.5,0,71.5,0,71.5,0,,,87.5,-0.183,87.5,-0.183
197487,86.5,86.5,0,102,-0.156,,,102,-0.156,102,-0.156,102,-0.156,98.5,-0.122,98.5,-0.122,89.5,-0.0335,74.9,0.155
198002,11,11,0,11,0,11,0,11,0,11.5,-0.0435,9.5,0.158,,,14.3,-0.231,14.3,-0.231,,
198004,56,56,0,56,0,56,0,56,0,56,0,56,0,,,,,,,,
198005,33.5,33.5,0,33.5,0,33.5,0,33.5,0,33.5,0,33.5,0,33.5,0,33.5,0,33.5,0,25,0.34
198011,,,,,,,,,,,,,,,,,,,,,
198012,,,,,,,,,,,,,,,,,,,,,
198480,220,220,0,220,0,220,0,220,0,220,0,220,0,220,0,220,0,220,0,220,0
198596,52.5,52.5,0,52.5,0,52.5,0,52.5,0,52.5,0,60,-0.125,60,-0.125,60,-0.125,60,-0.125,71,-0.261
198597,70,70,0,70,0,70,0,70,0,70,0,95,-0.263,95,-0.263,95,-0.263,95,-0.263,80.8,-0.134
198598,,,,,,,,,,,,,,,,,,,,,
198600,50,50,0,50,0,50,0,50,0,50,0,39.9,0.253,39.9,0.253,39.9,0.253,39.9,0.253,39.9,0.253
198610,132,132,0,132,0,132,0,132,0,132,0,132,0,132,0,132,0,132,0,132,0
199958,94,94,0,94,0,,,90,0.0444,90,0.0444,90,0.0444,,,,,,,,
200018,,,,,,,,,,,,,,,,,,,,,
200185,16.5,16.5,0,16.5,0,16.5,0,16.5,0,16.5,0,16.5,0,14.8,0.115,14.8,0.115,14.8,0.115,14.8,0.115
200204,,,,,,,,,,,,,,,,,,,,,
200225,15.5,15.5,0,,,,,,,,,,,,,,,,,,
200226,23.5,23.5,0,,,,,,,,,,,,,,,,,,
200242,,,,,,,,,,,,,,,,,,,,,
200254,9.9,9.9,0,9.9,0,9.9,0,9.9,0,18,-0.45,14.9,-0.336,14.9,-0.336,9.9,0,18.9,-0.476,23.9,-0.586
200258,,,,,,,,,,,,,,,,,,,,,
200260,,,,,,,,,,,,,,,,,,,,,
200278,7,7,0,7,0,7,0,7,0,7,0,7,0,7,0,7,0,6.9,0.0145,6.5,0.0769
200304,,,,,,,,,,,,,,,,,,,,,
200311,,,,,,,,,,,,,,,,,,,,,
200317,,,,,,,,,,,,,,,,,,,,,
200318,,,,,,,,,,,,,,,,,,,,,
200326,,,,,,,,,,,,,,,,,,,,,
200327,6.5,6.5,0,6.5,0,6.5,0,6.5,0,6,0.0833,6,0.0833,6,0.0833,,,,,,
200339,,,,,,,,,,,,,,,,,,,,,
200345,7,7,0,7,0,7,0,7,0,7,0,7,0,7,0,7,0,8,-0.125,8,-0.125
200400,35.9,35.9,0,35.9,0,35.9,0,35.9,0,35.9,0,35.9,0,35.9,0,35.9,0,35.9,0,39.9,-0.1
200421,,,,,,,,,,,,,,,,,,,,,
200435,19.5,19.5,0,18,0.0833,18,0.0833,18,0.0833,,,,,17,0.147,21,-0.0714,21,-0.0714,16.9,0.154
200449,8,8,0,8,0,8,0,8,0,8,0,8,0,8,0,8,0,8,0,8,0
200450,,,,,,,,,,,,,,,,,,,,,
200496,85,85,0,85,0,85,0,85,0,85,0,85,0,85,0,85,0,85,0,85,0
200714,,,,,,,,,,,,,,,,,,,,,
200715,72,72,0,,,,,,,,,,,,,82.5,-0.127,,,,
200733,30,30,0,30,0,30,0,30,0,30,0,26.9,0.115,26.9,0.115,42.5,-0.294,,,42.5,-0.294
200753,8,8,0,8,0,8,0,8,0,8,0,8,0,8,0,8,0,8,0,8,0
201014,19.9,19.9,0,19.9,0,19.9,0,,,,,,,,,,,19.5,0.0205,19.5,0.0205
201015,19.9,19.9,0,19.9,0,19.9,0,,,,,,,,,,,19.5,0.0205,19.5,0.0205
201016,,,,,,,,,,,,,,,,,,,,,
201112,27,27,0,27,0,27,0,25,0.08,25,0.08,25,0.08,,,26.5,0.0189,29.5,-0.0847,29.5,-0.0847
201187,,,,,,,,,,,,,,,,,,,,,
201188,26.5,26.5,0,26.5,0,26.5,0,26.5,0,26.5,0,26.5,0,26.5,0,26.5,0,26.5,0,,
201191,24.5,24.5,0,24.5,0,24.5,0,24.5,0,24.5,0,,,,,,,,,,
201210,14.8,14.8,0,14.8,0,14.8,0,14.8,0,,,14.8,0,,,14.8,0,24,-0.383,24,-0.383
201212,,,,,,,,,,,,,,,,,,,,,
201228,,,,,,,,,,,,,,,,,,,,,
201269,,,,,,,,,,,,,,,,,,,,,
201280,30,30,0,30,0,30,0,30,0,30,0,30,0,30,0,30,0,30,0,30,0
201281,43,43,0,43,0,43,0,43,0,43,0,,,43,0,43,0,43,0,43,0
201282,21.9,21.9,0,21.9,0,21.9,0,21.9,0,21.9,0,,,,,21.9,0,21.9,0,21.9,0
201283,,,,,,,,,,,,,,,,,,,,,
201284,,,,,,,,,,,,,,,,,,,,,
201285,45.5,45.5,0,45.5,0,45.5,0,45.5,0,45.5,0,45.5,0,45.5,0,45.5,0,45.5,0,45.5,0
201288,,,,,,,,,,,,,,,,,,,,,
201289,43,43,0,43,0,43,0,43,0,43,0,43,0,43,0,43,0,43,0,43,0
201290,45.5,45.5,0,45.5,0,45.5,0,45.5,0,45.5,0,,,,,45.5,0,45.5,0,45.5,0
201291,45.5,45.5,0,45.5,0,45.5,0,45.5,0,45.5,0,,,45.5,0,45.5,0,45.5,0,45.5,0
201292,52,52,0,52,0,52,0,52,0,52,0,52,0,52,0,52,0,52,0,52,0
201293,52,52,0,52,0,52,0,52,0,52,0,,,52,0,52,0,52,0,52,0
201339,28.5,28.5,0,28.5,0,28.5,0,28.5,0,28.5,0,28.5,0,28.5,0,,,28.5,0,24.9,0.145
201341,16.5,16.5,0,16.5,0,16.5,0,16.5,0,16.5,0,16.5,0,16.5,0,16.5,0,16.5,0,14.9,0.107
201350,2.9,2.9,0,2.9,0,2.9,0,2.9,0,2.9,0,2.9,0,2.9,0,2.9,0,2.9,0,2.9,0
201354,47.9,47.9,0,47.9,0,47.9,0,35.9,0.334,35.9,0.334,47.9,0,47.9,0,48,-0.00208,39.9,0.201,39.9,0.201
201383,57.5,57.5,0,57.5,0,57.5,0,57.5,0,57.5,0,57.5,0,57.5,0,57.5,0,57.5,0,57.5,0
201487,,,,,,,,,,,,,,,,,,,,,
201540,,,,,,,,,,,,,,,,,,,,,
201543,,,,,,,,,,,,,,,,,,,,,
201591,,,,,,,,,,,,,,,,,,,,,
201701,,,,,,,,,,,,,,,,,,,,,
201702,,,,,,,,,,,,,,,,,,,,,
201703,,,,,,,,,,,,,,,,,,,,,
201704,,,,,,,,,,,,,,,,,,,,,
201778,12.5,12.5,0,12.5,0,12.5,0,12.5,0,12.5,0,12.5,0,12.5,0,14.7,-0.15,11.9,0.0504,14.7,-0.15
201789,,,,,,,,,,,,,,,,,,,,,
201816,78.5,78.5,0,78.5,0,78.5,0,78.5,0,78.5,0,78.5,0,78.5,0,78.5,0,78.5,0,78.5,0
201863,49,49,0,,,,,,,35,0.4,35,0.4,37.5,0.307,37.5,0.307,37.5,0.307,37.5,0.307
201898,27,27,0,27,0,27,0,27,0,27,0,,,,,,,,,,
201971,12,12,0,12,0,12,0,12,0,12,0,12,0,,,10,0.2,10,0.2,,
201978,50,50,0,50,0,,,49,0.0204,49,0.0204,49,0.0204,49,0.0204,49,0.0204,44.9,0.114,52,-0.0385
202002,,,,,,,,,,,,,,,,,,,,,
202088,18.7,18.7,0,18.7,0,18.7,0,18.7,0,18.7,0,15.1,0.238,15.1,0.238,20.4,-0.0833,20.4,-0.0833,20.4,-0.0833
202097,82.5,82.5,0,82.5,0,82.5,0,82.5,0,82.5,0,82.5,0,82.5,0,82.5,0,,,,
202098,,,,,,,,,,,,,,,,,,,,,
202131,32,32,0,32,0,32,0,32,0,32,0,32,0,32,0,32,0,42,-0.238,36,-0.111
202132,17,17,0,17,0,17,0,17,0,17,0,17,0,18.3,-0.071,18.3,-0.071,21.5,-0.209,21.5,-0.209
202133,45.9,45.9,0,45.9,0,45.9,0,45.9,0,45.9,0,45.9,0,43,0.0674,43,0.0674,51,-0.1,53,-0.134
202135,17,17,0,17,0,17,0,17,0,17,0,17,0,18.3,-0.071,18.3,-0.071,21.5,-0.209,21.5,-0.209
202136,27.9,27.9,0,27.9,0,27.9,0,27.9,0,27.9,0,27.9,0,26.8,0.041,26.8,0.041,31.9,-0.125,28.5,-0.0211
202137,27.9,27.9,0,27.9,0,27.9,0,27.9,0,27.9,0,27.9,0,26.8,0.041,26.8,0.041,31.9,-0.125,28.5,-0.0211
202140,40.9,40.9,0,40.9,0,40.9,0,40.9,0,40.9,0,35.9,0.139,35.9,0.139,35.9,0.139,23.3,0.755,69.9,-0.415
202155,8.5,8.5,0,8.5,0,8.5,0,8.5,0,8.5,0,10,-0.15,10,-0.15,10,-0.15,8.9,-0.0449,10.2,-0.167
202167,26,26,0,26,0,26,0,26,0,26,0,29,-0.103,29,-0.103,40.5,-0.358,40.5,-0.358,40.5,-0.358
202170,,,,,,,,,,,,,,,,,,,,,
202175,,,,,,,,,,,,,,,,,,,,,
202273,20.9,20.9,0,20.9,0,,,,,17.5,0.194,19.9,0.0503,19.9,0.0503,19.9,0.0503,19.5,0.0718,19.5,0.0718
202276,105,105,0,105,0,,,,,,,,,,,79.9,0.313,94.9,0.105,99,0.0596
202501,,,,,,,,,,,,,,,,,,,,,
202504,20,20,0,20,0,20,0,20,0,20,0,18.1,0.105,18.1,0.105,18.1,0.105,26.7,-0.251,26.7,-0.251
202618,20.7,20.7,0,20.7,0,20.7,0,20.7,0,20.7,0,20.7,0,20.7,0,20.7,0,20.7,0,20.7,0
202775,,,,,,,,,,,,,,,,,,,,,
202781,41.9,41.9,0,41.9,0,41.9,0,41.9,0,41.9,0,41.9,0,41.9,0,41.9,0,41.9,0,41.9,0
202782,,,,,,,,,,,,,,,,,,,,,
202783,41.9,41.9,0,41.9,0,41.9,0,41.9,0,41.9,0,41.9,0,41.9,0,41.9,0,41.9,0,,
203038,,,,,,,,,,,,,,,,,,,,,
203040,,,,,,,,,,,,,,,,,,,,,
203080,24.9,22.6,0.102,22.6,0.102,22.6,0.102,22.6,0.102,22.6,0.102,19.1,0.304,19.1,0.304,19.1,0.304,24.2,0.0289,24.2,0.0289
203138,45.9,45.9,0,45.9,0,45.9,0,45.9,0,45.9,0,45.9,0,43,0.0674,45,0.02,51,-0.1,53,-0.134
203139,,,,,,,,,,,,,,,,,,,,,
203227,29.5,29.5,0,29.5,0,29.5,0,29.5,0,29.5,0,29.5,0,29.5,0,29.5,0,29.5,0,29.5,0
203522,,,,,,,,,,,,,,,,,,,,,
203582,93,93,0,93,0,,,93,0,93,0,93,0,93,0,93,0,93,0,93,0
203707,17.5,17.5,0,17.5,0,17.5,0,17.5,0,17.5,0,,,,,16.9,0.0355,16.9,0.0355,16.9,0.0355
203710,13.8,13.8,0,13.8,0,,,,,,,,,,,13.8,0,13.8,0,13.8,0
203912,,,,,,,,,,,,,,,,,,,,,
204015,37.5,37.5,0,37.5,0,37.5,0,37.5,0,37.5,0,,,,,,,55,-0.318,55,-0.318
204017,235,235,0,235,0,235,0,235,0,,,,,,,,,,,,
204026,,,,,,,,,,,,,,,,,,,,,
204028,,,,,,,,,,,,,,,,,,,,,
204035,49,49,0,49,0,49,0,49,0,49,0,49,0,49,0,49,0,49,0,49,0
204109,44.9,44.9,0,54,-0.169,54,-0.169,54,-0.169,54,-0.169,54,-0.169,54,-0.169,53.5,-0.161,53.5,-0.161,,
204154,,,,,,,,,,,,,,,,,,,,,
204199,,,,,,,,,,,,,,,,,,,,,
204251,6.5,6.5,0,6.5,0,6.5,0,6.5,0,6.5,0,6.5,0,6.5,0,6.5,0,6.5,0,6,0.0833
204279,78.5,78.5,0,78.5,0,78.5,0,78.5,0,,,78.5,0,78.5,0,78.5,0,78.5,0,78.5,0
204310,28.5,28.5,0,28.5,0,28.5,0,28.5,0,,,,,,,32,-0.109,32,-0.109,36.5,-0.219
204311,,,,,,,,,,,,,,,,,,,,,
204313,19.5,19.5,0,19.5,0,19.5,0,19.5,0,19.5,0,19.5,0,19.5,0,,,19.5,0,19.5,0
204314,,,,,,,,,,,,,,,,,,,,,
204316,,,,,,,,,,,,,,,,,,,,,
204318,28.5,28.5,0,28.5,0,28.5,0,28.5,0,,,,,,,29.9,-0.0468,29.9,-0.0468,36.5,-0.219
204319,39,39,0,39,0,39,0,39,0,39,0,45,-0.133,45,-0.133,45,-0.133,45,-0.133,49.5,-0.212
204322,50,50,0,50,0,,,49,0.0204,49,0.0204,49,0.0204,49,0.0204,49,0.0204,44.9,0.114,52,-0.0385
204351,36.5,36.5,0,36.5,0,36.5,0,36.5,0,36.5,0,,,36.5,0,,,,,,
204447,,,,,,,,,,,,,,,,,,,,,
204487,32.5,32.5,0,32.5,0,32.5,0,32.5,0,32.5,0,32.5,0,,,32.5,0,32.5,0,32.5,0
204550,26,26,0,26,0,26,0,26,0,26,0,26,0,26,0,26,0,26,0,26,0
204580,,,,,,,,,,,,,,,,,,,,,
204728,,,,,,,,,,,,,,,,,,,,,
204761,18.5,18.5,0,18.5,0,18.5,0,18.5,0,18.5,0,18.5,0,,,18.5,0,18.5,0,18.5,0
204762,7,7,0,7,0,7,0,7,0,7,0,7,0,7,0,7,0,7,0,7,0
204763,7,7,0,7,0,7,0,7,0,7,0,7,0,7,0,7,0,7,0,7,0
204764,7,7,0,7,0,7,0,7,0,7,0,7,0,7,0,7,0,7,0,7,0
204767,7,7,0,7,0,7,0,7,0,7,0,7,0,7,0,7,0,7,0,7,0
204768,7,7,0,7,0,7,0,7,0,7,0,7,0,7,0,7,0,7,0,7,0
204777,,,,,,,,,,,,,,,,,,,,,
204811,12,12,0,12,0,12,0,12,0,12,0,12,0,12,0,12,0,11.9,0.0084,11.2,0.0714
204812,11.9,11.9,0,11.9,0,11.9,0,11.9,0,11.9,0,11.9,0,11.9,0,11.9,0,11.9,0,11.2,0.0625
204817,,,,,,,,,,,,,,,,,,,,,
204872,,,,,,,,,,,,,,,,,,,,,
204991,46,46,0,46,0,46,0,46,0,46,0,46,0,46,0,48,-0.0417,48,-0.0417,48,-0.0417
205177,65.5,65.5,0,65.5,0,65.5,0,65.5,0,65.5,0,65.5,0,65.5,0,68,-0.0368,110,-0.405,110,-0.405
205213,206,206,0,206,0,206,0,206,0,206,0,206,0,206,0,206,0,206,0,206,0
205415,,,,,,,,,,,,,,,,,,,,,
205723,,,,,,,,,,,,,,,,,,,,,
205776,31,31,0,31,0,31,0,31,0,,,31,0,,,31,0,31,0,27.5,0.127
205871,51.9,51.9,0,51.9,0,,,51.9,0,51.9,0,,,51.9,0,51.9,0,48,0.0813,48,0.0813
205877,51.9,51.9,0,51.9,0,,,51.9,0,,,,,,,51.9,0,48,0.0813,48,0.0813
205975,28.5,28.5,0,28.5,0,28.5,0,40,-0.287,40,-0.287,36.5,-0.219,36.5,-0.219,36.5,-0.219,45.5,-0.374,47.7,-0.403
205976,28.5,28.5,0,28.5,0,28.5,0,40,-0.287,40,-0.287,36.5,-0.219,36.5,-0.219,36.5,-0.219,45.5,-0.374,51.5,-0.447
205981,8.5,8.5,0,8.5,0,8.5,0,8.5,0,8.5,0,8.5,0,8.5,0,10,-0.15,10,-0.15,10,-0.15
206578,,,,,,,,,,,,,,,,,,,,,
206587,,,,,,,,,,,,,,,,,,,,,
206718,15.5,15.5,0,15.5,0,15.5,0,15.5,0,15.5,0,15.5,0,15.5,0,17.5,-0.114,17.5,-0.114,16.8,-0.0774
206779,1.1e+03,1.1e+03,0,1.1e+03,0,,,1.1e+03,0,1.1e+03,0,1.1e+03,0,1.1e+03,0,1.1e+03,0,1.22e+03,-0.103,1.22e+03,-0.103
206879,34,34,0,34,0,34,0,34,0,34,0,34,0,,,34,0,34,0,34,0
207174,16.5,16.5,0,19.5,-0.154,19.5,-0.154,19.5,-0.154,19.5,-0.154,19.5,-0.154,19.5,-0.154,,,19,-0.132,16.9,-0.0237
207365,6,6,0,6,0,6,0,6,0,6,0,6,0,6,0,6,0,,,,
207373,6,6,0,6,0,6,0,6,0,6,0,6,0,6,0,6,0,,,,
207477,,,,,,,,,,,,,,,,,,,,,
207710,19,19,0,19,0,19,0,17.5,0.0857,17.5,0.0857,17.5,0.0857,17.5,0.0857,17.5,0.0857,,,17.5,0.0857
207795,16.9,16.9,0,16.9,0,16.9,0,16.9,0,16.9,0,16.9,0,16.9,0,19.5,-0.133,15.9,0.0629,19.8,-0.146
207797,21.9,21.9,0,21.9,0,21.9,0,21.9,0,21.9,0,21.9,0,21.9,0,25,-0.124,19.9,0.101,25,-0.124
207901,10,10,0,10,0,10,0,10,0,10,0,10,0,10,0,10,0,10,0,10,0
208118,,,,,,,,,,,,,,,,,,,,,
208178,5.9,5.9,0,5.9,0,5.9,0,5.9,0,5.9,0,5.9,0,5.9,0,5.9,0,5.5,0.0727,,
208395,27,27,0,27,0,27,0,27,0,,,30,-0.1,30,-0.1,,,,,,
208612,,,,,,,,,,,,,,,,,,,,,
208639,28.9,28.9,0,31,-0.0677,31,-0.0677,31,-0.0677,31,-0.0677,26.8,0.0784,26.8,0.0784,26.8,0.0784,31.9,-0.094,31.8,-0.0912
208717,49,49,0,48,0.0208,48,0.0208,48,0.0208,49,0,,,45.5,0.0769,51,-0.0392,51,-0.0392,51,-0.0392
208971,104,104,0,104,0,,,104,0,104,0,104,0,104,0,98.5,0.0508,93,0.113,93,0.113
209051,,,,,,,,,,,,,,,,,,,,,
209052,,,,,,,,,,,,,,,,,,,,,
209053,225,225,0,225,0,225,0,225,0,225,0,,,,,,,,,,
209054,225,225,0,225,0,225,0,225,0,225,0,225,0,225,0,225,0,,,,
209062,,,,,,,,,,,,,,,,,,,,,
209063,,,,,,,,,,,,,,,,,,,,,
209068,,,,,,,,,,,,,,,,,,,,,
209069,,,,,,,,,,,,,,,,,,,,,
209070,35,35,0,35,0,35,0,35,0,35,0,35,0,35,0,35,0,35,0,,
209072,19,19,0,19,0,19,0,19,0,19,0,19,0,18,0.0556,16.5,0.152,18,0.0556,18,0.0556
209077,,,,,,,,,,,,,,,,,,,,,
209079,61.2,61.2,0,61.2,0,61.2,0,61.2,0,61.2,0,61.2,0,61.2,0,,,,,,
209080,99.9,99.9,0,99.9,0,99.9,0,99.9,0,99.9,0,99.9,0,99.9,0,99.9,0,,,,
209083,82.5,82.5,0,82.5,0,82.5,0,82.5,0,82.5,0,82.5,0,82.5,0,,,,,,
209084,82.5,82.5,0,82.5,0,82.5,0,82.5,0,82.5,0,82.5,0,82.5,0,,,,,,
209087,25,25,0,25,0,25,0,25,0,25,0,25,0,25,0,25,0,25,0,25,0
209088,25,25,0,25,0,25,0,19.4,0.289,19.4,0.289,25,0,25,0,25,0,25,0,25,0
209092,,,,,,,,,,,,,,,,,,,,,
209093,,,,,,,,,,,,,,,,,,,,,
209094,,,,,,,,,,,,,,,,,,,,,
209095,,,,,,,,,,,,,,,,,,,,,
209120,20.6,20.6,0,20.6,0,20.6,0,20.6,0,20.6,0,20.6,0,20.6,0,20.6,0,20.6,0,20.6,0
209121,54.4,54.4,0,54.4,0,54.4,0,54.4,0,,,,,54.4,0,56.2,-0.032,56.2,-0.032,56.2,-0.032
209122,77.4,77.4,0,77.4,0,77.4,0,77.4,0,,,,,68.8,0.125,68.8,0.125,89.3,-0.133,89.2,-0.132
209123,,,,,,,,,,,,,,,,,,,,,
209124,,,,,,,,,,,,,,,,,,,,,
209126,,,,,,,,,,,,,,,,,,,,,
209127,,,,,,,,,,,,,,,,,,,,,
209128,17,17,0,17,0,17,0,17,0,17,0,17,0,18.3,-0.071,18.3,-0.071,21.5,-0.209,21.5,-0.209
209129,17,17,0,17,0,17,0,17,0,17,0,17,0,,,18.3,-0.071,21.5,-0.209,21.5,-0.209
209273,21.3,21.3,0,21.3,0,21.3,0,21.3,0,21.3,0,21.3,0,,,21,0.0143,21,0.0143,21,0.0143
209274,23.4,23.4,0,23.4,0,23.4,0,23.4,0,23.4,0,23.4,0,19.7,0.188,22.4,0.0446,22.4,0.0446,22.4,0.0446
209325,34.5,34.5,0,34.5,0,,,34.5,0,34.5,0,34.5,0,34.5,0,31,0.113,31,0.113,31,0.113
209456,,,,,,,,,,,,,,,,,,,,,
209458,,,,,,,,,,,,,,,,,,,,,
209459,,,,,,,,,,,,,,,,,,,,,
209460,,,,,,,,,,,,,,,,,,,,,
209530,,,,,,,,,,,,,,,,,,,,,
209531,,,,,,,,,,,,,,,,,,,,,
209533,23.8,23.8,0,23.8,0,23.8,0,23.8,0,23.8,0,23.8,0,23.8,0,,,23.8,0,21,0.133
209534,72.5,72.5,0,72.5,0,72.5,0,72.5,0,72.5,0,72.5,0,72.5,0,72.5,0,72.5,0,,
209537,,,,,,,,,,,,,,,,,,,,,
209539,89.9,89.9,0,89.9,0,89.9,0,89.9,0,89.9,0,89.9,0,89.9,0,89.9,0,89.9,0,89.9,0
209541,16.7,16.7,0,16.7,0,16.7,0,16.7,0,,,,,,,,,,,,
209542,30,30,0,30,0,30,0,37,-0.189,37,-0.189,37,-0.189,37,-0.189,42,-0.286,,,,
209543,68.5,68.5,0,68.5,0,68.5,0,68.5,0,68.5,0,68.5,0,68.5,0,68.5,0,68.5,0,,
209544,24.9,24.9,0,32,-0.222,32,-0.222,31,-0.197,31,-0.197,31,-0.197,31,-0.197,31,-0.197,31,-0.197,31,-0.197
209545,31,31,0,31,0,31,0,31,0,31,0,,,31,0,31,0,31,0,31,0
209547,27.9,27.9,0,32,-0.128,32,-0.128,31,-0.1,31,-0.1,31,-0.1,31,-0.1,31,-0.1,31,-0.1,31,-0.1
209549,24.2,24.2,0,24.2,0,24.2,0,24.2,0,24.2,0,24.2,0,24.2,0,24.2,0,20.5,0.18,24.2,0
209551,167,167,0,167,0,167,0,167,0,167,0,167,0,167,0,167,0,167,0,,
209552,167,167,0,167,0,167,0,167,0,167,0,167,0,167,0,167,0,,,167,0
209559,225,225,0,225,0,225,0,225,0,225,0,225,0,225,0,225,0,,,,
209560,225,225,0,225,0,225,0,225,0,225,0,225,0,225,0,225,0,225,0,,
209678,14.5,14.5,0,14.5,0,14.5,0,14.5,0,14.5,0,14.5,0,14.5,0,14.5,0,17.5,-0.171,,
209701,15,15,0,15,0,15,0,15,0,,,,,,,,,,,,
209703,15,15,0,15,0,15,0,15,0,,,15,0,15,0,15,0,15,0,,
209704,,,,,,,,,,,,,,,,,,,,,
209705,15,15,0,15,0,15,0,15,0,15,0,15,0,15,0,15,0,15,0,14.5,0.0345
209718,4.5,4.5,0,4.5,0,4.5,0,4.5,0,4.5,0,,,4.5,0,6.2,-0.274,6.2,-0.274,6.2,-0.274
209730,15.5,15.5,0,15.5,0,15.5,0,15.5,0,15.5,0,15.5,0,15.5,0,15.5,0,15.5,0,14,0.107
209731,15.5,15.5,0,15.5,0,15.5,0,15.5,0,15.5,0,15.5,0,15.5,0,,,15.5,0,14,0.107
209735,4.5,4.5,0,4.5,0,4.5,0,4.5,0,4.5,0,,,4.5,0,6.2,-0.274,6.2,-0.274,6.2,-0.274
209736,4.5,4.5,0,4.5,0,4.5,0,4.5,0,4.5,0,4.5,0,4.5,0,6.2,-0.274,6.2,-0.274,6.2,-0.274
209741,8,8,0,8,0,8,0,8,0,8,0,8,0,8,0,8,0,8,0,8,0
209775,,,,,,,,,,,,,,,,,,,,,
209777,5.5,5.5,0,5.5,0,5.5,0,5.5,0,5.5,0,5.5,0,5.5,0,5.5,0,5.5,0,5,0.1
209778,,,,,,,,,,,,,,,,,,,,,
210002,,,,,,,,,,,,,,,,,,,,,
210003,14.5,14.5,0,,,18.5,-0.216,18.5,-0.216,,,,,,,,,,,,
210018,125,125,0,125,0,125,0,125,0,125,0,125,0,,,,,,,,
210030,14,14,0,14,0,,,14,0,14,0,,,,,,,,,,
210031,30,30,0,30,0,30,0,30,0,30,0,30,0,,,,,,,,
210032,,,,,,,,,,,,,,,,,,,,,
210033,30,30,0,30,0,,,30,0,30,0,30,0,,,,,,,,
210044,85,85,0,85,0,85,0,85,0,85,0,85,0,,,,,,,,
210052,35.9,35.9,0,35.9,0,35.9,0,35.9,0,35.9,0,,,,,,,,,,
210053,35.9,35.9,0,35.9,0,35.9,0,35.9,0,35.9,0,,,,,,,,,,
210054,37.9,37.9,0,37.9,0,37.9,0,37.9,0,37.9,0,,,,,,,,,,
210065,14.9,14.9,0,14.9,0,14.9,0,14.9,0,14.9,0,,,,,,,,,,
210066,16.9,16.9,0,16.9,0,16.9,0,16.9,0,16.9,0,,,,,,,,,,
210080,26,26,0,26,0,26,0,26,0,26,0,,,,,,,,,,
210081,10,10,0,10,0,10,0,10,0,,,,,,,,,,,,
210082,10,10,0,10,0,10,0,10,0,,,,,,,,,,,,
210083,41,41,0,41,0,41,0,41,0,41,0,,,,,,,,,,
210084,75.9,75.9,0,75.9,0,75.9,0,75.9,0,75.9,0,,,,,,,,,,
210085,6,6,0,6,0,6,0,6,0,6,0,,,,,,,,,,
210153,30.5,30.5,0,30.5,0,30.5,0,30.5,0,30.5,0,30.5,0,30.5,0,30.5,0,30.5,0,30.5,0
210157,,,,,,,,,,,,,,,,,,,,,
210500,12,12,0,12,0,12,0,12,0,12,0,,,,,12,0,12,0,12,0
210502,7.5,7.5,0,7.5,0,7.5,0,7.5,0,7.5,0,7.5,0,7.5,0,8.5,-0.118,7.9,-0.0506,8.5,-0.118
210504,5,5,0,5,0,5,0,5,0,5,0,5,0,5,0,5,0,5,0,5,0
210505,10.4,10.4,0,10.4,0,10.4,0,10.4,0,10.4,0,,,10.4,0,,,10.4,0,,
210529,,,,,,,,,,,,,,,,,,,,,
210531,,,,,,,,,,,,,,,,,,,,,
210532,,,,,,,,,,,,,,,,,,,,,
210571,,,,,,,,,,,,,,,,,,,,,
210577,,,,,,,,,,,,,,,,,,,,,
210718,69,69,0,69,0,69,0,69,0,80,-0.137,80,-0.137,80,-0.137,80,-0.137,80,-0.137,,
210986,56.9,56.9,0,56.9,0,56.9,0,56.9,0,56.9,0,56.9,0,56.9,0,56.9,0,56.9,0,56.9,0
211002,95,95,0,95,0,95,0,95,0,95,0,,,,,,,,,,
211003,95,95,0,95,0,95,0,95,0,95,0,95,0,,,,,,,,
211004,12,12,0,12,0,12,0,12,0,12,0,12,0,,,,,,,,
211005,30,30,0,30,0,30,0,30,0,30,0,30,0,,,,,,,,
211006,30,30,0,30,0,30,0,30,0,30,0,30,0,,,,,,,,
211007,9,9,0,9,0,9,0,9,0,9,0,,,,,,,,,,
211010,75,75,0,,,,,75,0,75,0,,,,,,,,,,
211012,14.5,14.5,0,14.5,0,14.5,0,14.5,0,,,14.5,0,,,,,,,,
211013,,,,,,,,,,,,,,,,,,,,,
211338,20,20,0,20,0,20,0,20,0,20,0,20,0,20,0,20,0,20,0,,
211346,37.5,37.5,0,37.5,0,37.5,0,37.5,0,37.5,0,37.5,0,37.5,0,37.5,0,,,36,0.0417
211729,38,38,0,38,0,38,0,38,0,38,0,38,0,38,0,,,,,,
211782,56.9,56.9,0,56.9,0,56.9,0,56.9,0,56.9,0,56.9,0,56.9,0,,,,,,
213015,27.4,27.4,0,27.4,0,27.4,0,27.4,0,27.4,0,27.4,0,27.4,0,27.4,0,29.5,-0.0712,29.5,-0.0712
213016,27.4,27.4,0,27.4,0,27.4,0,27.4,0,27.4,0,27.4,0,27.4,0,27.4,0,29.5,-0.0712,29.5,-0.0712
213101,30,30,0,30,0,30,0,,,,,,,29.5,0.0169,29.5,0.0169,28,0.0714,28,0.0714
213312,,,,,,,,,,,,,,,,,,,,,
213610,,,,,,,,,,,,,,,,,,,,,
213611,32.2,32.2,0,32.2,0,46,-0.3,32.2,0,32.2,0,46,-0.3,46,-0.3,46,-0.3,46,-0.3,46,-0.3
213764,125,125,0,125,0,,,125,0,125,0,125,0,125,0,125,0,158,-0.209,158,-0.209
214077,,,,,,,,,,,,,,,,,,,,,
214491,42,42,0,42,0,42,0,42,0,42,0,,,42,0,42,0,42,0,42,0
215152,,,,,,,,,,,,,,,,,,,,,
215252,2.7,2.7,0,2.7,0,2.7,0,2.7,0,2.7,0,2.7,0,2.5,0.08,2.5,0.08,2.5,0.08,2.5,0.08
215414,46,46,0,46,0,46,0,46,0,46,0,46,0,46,0,46,0,46,0,46,0
215422,59.9,59.9,0,59.9,0,59.9,0,59.9,0,59.9,0,59.9,0,59.9,0,85,-0.295,78.5,-0.237,78.5,-0.237
215732,,,,,,,,,,,,,,,,,,,,,
215771,35.5,35.5,0,35.5,0,35.5,0,35.5,0,35.5,0,35.5,0,35.5,0,,,,,,
215773,31.5,31.5,0,31.5,0,31.5,0,31.5,0,31.5,0,31.5,0,31.5,0,,,,,,
215777,,,,,,,,,,,,,,,,,,,,,
215780,13.2,13.2,0,13.2,0,13.2,0,13.2,0,13.2,0,,,11.8,0.119,,,,,,
215787,9,9,0,9,0,9,0,9.3,-0.0323,9.3,-0.0323,9.3,-0.0323,9.3,-0.0323,7.9,0.139,9.3,-0.0323,9.3,-0.0323
215996,6.7,6.7,0,6.7,0,6.7,0,6.7,0,,,6.7,0,6.7,0,,,6.7,0,6.7,0
216046,26.5,26.5,0,25.5,0.0392,25.5,0.0392,25.5,0.0392,23.5,0.128,23.5,0.128,19.9,0.332,24.9,0.0643,30.6,-0.134,30.6,-0.134
216771,21,21,0,21,0,21,0,21,0,21,0,21,0,21,0,21,0,21,0,21,0
217042,,,,,,,,,,,,,,,,,,,,,
217122,,,,,,,,,,,,,,,,,,,,,
217125,5.5,5.5,0,5.5,0,5.5,0,5.5,0,5.5,0,5.5,0,5.5,0,5.5,0,5.5,0,5.5,0
217126,5.5,5.5,0,5.5,0,5.5,0,5.5,0,5.5,0,5.5,0,5.5,0,5.5,0,5.5,0,5.5,0
217127,5.5,5.5,0,5.5,0,5.5,0,5.5,0,5.5,0,5.5,0,5.5,0,5.5,0,5.5,0,5.5,0
217129,,,,,,,,,,,,,,,,,,,,,
217133,15,15,0,15,0,15,0,15,0,15,0,15,0,15,0,17,-0.118,17,-0.118,17,-0.118
217136,,,,,,,,,,,,,,,,,,,,,
217137,15.9,15.9,0,15.9,0,15.9,0,15.9,0,15.9,0,15.9,0,15.9,0,16,-0.00625,16,-0.00625,16,-0.00625
217138,21,21,0,21,0,21,0,21,0,21,0,21,0,21,0,23.5,-0.106,23.5,-0.106,23.5,-0.106
217188,,,,,,,,,,,,,,,,,,,,,
217196,,,,,,,,,,,,,,,,,,,,,
217433,42.1,42.1,0,42.1,0,42.1,0,42.1,0,42.1,0,42.1,0,42.1,0,41,0.0268,41,0.0268,41,0.0268
217441,4.5,4.5,0,4.5,0,4.5,0,4.5,0,4.5,0,4.5,0,4.5,0,4.5,0,,,4.5,0
217735,219,219,0,219,0,219,0,219,0,219,0,219,0,219,0,219,0,219,0,219,0
217743,18.2,18.2,0,18.2,0,18.2,0,18.2,0,18.2,0,18.2,0,15.5,0.174,18.2,0,18.2,0,18.2,0
217791,16.5,16.5,0,16.5,0,16.5,0,16.5,0,16.5,0,,,,,16.5,0,16.5,0,16.5,0
217882,,,,,,,,,,,,,,,,,,,,,
217885,,,,,,,,,,,,,,,,,,,,,
217886,,,,,,,,,,,,,,,,,,,,,
218177,,,,,,,,,,,,,,,,,,,,,
218187,,,,,,,,,,,,,,,,,,,,,
218480,,,,,,,,,,,,,,,,,,,,,
218634,25,25,0,25,0,25,0,25,0,25,0,25,0,25,0,24,0.0417,24,0.0417,24,0.0417
218780,43,43,0,43,0,43,0,43,0,43,0,43,0,43,0,43,0,43,0,43,0
218781,43,43,0,43,0,43,0,43,0,43,0,43,0,43,0,43,0,43,0,43,0
219746,168,168,0,168,0,168,0,168,0,168,0,168,0,168,0,168,0,,,,
219747,15,15,0,15,0,15,0,15,0,15,0,15,0,,,15,0,15,0,15,0
219748,,,,,,,,,,,,,,,,,,,,,
219776,12.5,12.5,0,12.5,0,12.5,0,12.5,0,12.5,0,12.5,0,16,-0.219,16,-0.219,,,,
219777,12.5,12.5,0,12.5,0,12.5,0,12.5,0,12.5,0,12.5,0,16,-0.219,16,-0.219,16,-0.219,,
219920,,,,,,,,,,,,,,,,,,,,,
219979,32,32,0,32,0,32,0,52,-0.385,52,-0.385,52,-0.385,52,-0.385,52,-0.385,52,-0.385,52,-0.385
220069,14.5,14.5,0,14.5,0,14.5,0,14.5,0,,,12.5,0.16,12.5,0.16,11.9,0.218,16.5,-0.121,13.5,0.0741
220110,,,,,,,,,,,,,,,,,,,,,
220111,30.8,30.8,0,30.8,0,30.8,0,28.6,0.0769,28.6,0.0769,25.7,0.198,,,42.4,-0.274,42.4,-0.274,42.4,-0.274
220130,36.4,36.4,0,36.4,0,36.4,0,36.4,0,36.4,0,38.9,-0.0643,37.9,-0.0396,43.3,-0.159,38,-0.0421,43.3,-0.159
220132,,,,,,,,,,,,,,,,,,,,,
220302,25.5,25.5,0,25.5,0,25.5,0,25.5,0,,,25.5,0,25.5,0,24.5,0.0408,23.8,0.0714,23.8,0.0714
220365,,,,,,,,,,,,,,,,,,,,,
220367,61,61,0,61,0,61,0,61,0,,,,,,,,,,,,
220368,61,61,0,61,0,61,0,61,0,,,,,,,,,,,,
220370,,,,,,,,,,,,,,,,,,,,,
220373,61,61,0,61,0,61,0,61,0,,,,,,,,,,,,
220375,61,61,0,61,0,,,,,,,,,,,,,,,,
220376,34,34,0,34,0,34,0,34,0,34,0,34,0,34,0,34,0,,,,
220389,28.9,28.9,0,31,-0.0677,31,-0.0677,31,-0.0677,31,-0.0677,26.8,0.0784,20,0.445,31.9,-0.094,31.9,-0.094,31.8,-0.0912
220390,28.9,28.9,0,31,-0.0677,31,-0.0677,31,-0.0677,31,-0.0677,26.8,0.0784,26.8,0.0784,26.8,0.0784,31.9,-0.094,31.8,-0.0912
220403,,,,,,,,,,,,,,,,,,,,,
220411,,,,,,,,,,,,,,,,,,,,,
220412,19.6,19.6,0,19.6,0,19.6,0,19.6,0,,,19.6,0,19.6,0,,,,,19.6,0
220413,16.8,16.8,0,16.8,0,16.8,0,16.8,0,16.8,0,16.8,0,16.8,0,,,16.8,0,16.8,0
220414,24,24,0,24,0,24,0,,,,,,,,,24,0,37.5,-0.36,37.5,-0.36
220419,,,,,,,,,,,,,,,,,,,,,
220454,19.9,19.9,0,19.9,0,19.9,0,19.9,0,22.8,-0.127,,,,,28.5,-0.302,28.5,-0.302,28.5,-0.302
220495,,,,,,,,,,,,,,,,,,,,,
220496,,,,,,,,,,,,,,,,,,,,,
220498,,,,,,,,,,,,,,,,,,,,,
220501,,,,,,,,,,,,,,,,,,,,,
220504,,,,,,,,,,,,,,,,,,,,,
220508,,,,,,,,,,,,,,,,,,,,,
220511,54.4,54.4,0,54.4,0,54.4,0,54.4,0,,,54.4,0,54.4,0,56.2,-0.032,,,56.2,-0.032
220513,129,129,0,129,0,129,0,129,0,129,0,,,88.9,0.451,88.9,0.451,88.9,0.451,88.9,0.451
220514,,,,,,,,,,,,,,,,,,,,,
220517,29.9,29.9,0,29.9,0,29.9,0,29.9,0,29.9,0,29.9,0,29.9,0,29.9,0,29.9,0,26.1,0.146
220518,,,,,,,,,,,,,,,,,,,,,
220519,35.4,35.4,0,35.4,0,35.4,0,35.4,0,35.4,0,31.2,0.135,31.2,0.135,32.7,0.0826,32.7,0.0826,32.7,0.0826
220520,3.5,3.5,0,3.5,0,3.5,0,3.4,0.0294,,,3.4,0.0294,3.4,0.0294,,,3.7,-0.0541,4.1,-0.146
220521,8,8,0,8,0,8,0,7.7,0.039,7.7,0.039,7.7,0.039,7.7,0.039,8.1,-0.0123,8.1,-0.0123,8.1,-0.0123
220522,34,34,0,34,0,34,0,32.4,0.0494,32.4,0.0494,36.3,-0.0634,36.3,-0.0634,19.4,0.753,19.4,0.753,18.4,0.848
220524,7.8,7.8,0,7.8,0,7.8,0,7.8,0,7.8,0,7.5,0.04,7.5,0.04,9,-0.133,9,-0.133,9,-0.133
220525,6.9,6.9,0,6.9,0,6.9,0,6.9,0,6.9,0,6.9,0,6.9,0,,,8.2,-0.159,8.2,-0.159
220526,19,19,0,19,0,19,0,19,0,19,0,17.2,0.105,17.2,0.105,18.1,0.0497,18.1,0.0497,19.5,-0.0256
220529,,,,,,,,,,,,,,,,,,,,,
220571,39,39,0,39,0,39,0,39,0,39,0,39,0,39,0,42.5,-0.0824,42.5,-0.0824,42.5,-0.0824
220577,23.5,23.5,0,23.5,0,23.5,0,23.5,0,23.5,0,23.5,0,23.5,0,23.5,0,23.5,0,23.5,0
220580,68,68,0,,,68,0,,,68,0,,,,,85,-0.2,85,-0.2,85,-0.2
220581,14.9,14.9,0,14.9,0,14.9,0,14.9,0,,,11.9,0.252,14.9,0,14.9,0,14.9,0,20.9,-0.287
220600,25.4,25.4,0,25.4,0,25.4,0,25.4,0,25.4,0,25.4,0,25.4,0,,,25.5,-0.00392,25.5,-0.00392
220633,,,,,,,,,,,,,,,,,,,,,
220640,9.5,9.5,0,9.5,0,9.5,0,9.5,0,9.5,0,9.5,0,9.5,0,9.5,0,,,9.5,0
220658,,,,,,,,,,,,,,,,,,,,,
220678,14.4,14.4,0,14.4,0,14.4,0,14.4,0,14.4,0,14.4,0,14.4,0,14.4,0,14.4,0,14.4,0
220679,14.4,14.4,0,14.4,0,14.4,0,14.4,0,14.4,0,14.4,0,14.4,0,14.4,0,,,12,0.2
220700,15.6,15.6,0,15.6,0,15.6,0,15.6,0,21,-0.257,21,-0.257,15,0.04,21,-0.257,21,-0.257,16,-0.025
220702,15.6,15.6,0,15.6,0,15.6,0,15.6,0,21,-0.257,21,-0.257,15,0.04,21,-0.257,21,-0.257,16,-0.025
220703,15.6,15.6,0,15.6,0,15.6,0,15.6,0,21,-0.257,21,-0.257,15,0.04,21,-0.257,21,-0.257,16,-0.025
220704,15.6,15.6,0,15.6,0,15.6,0,15.6,0,21,-0.257,21,-0.257,15,0.04,21,-0.257,21,-0.257,16,-0.025
220705,15.6,15.6,0,15.6,0,15.6,0,15.6,0,21,-0.257,21,-0.257,15,0.04,21,-0.257,21,-0.257,16,-0.025
220706,21,21,0,21,0,21,0,21,0,21,0,21,0,15,0.4,21,0,21,0,16,0.312
220707,14.4,14.4,0,14.4,0,14.4,0,14.4,0,14.4,0,14.4,0,14.4,0,14.4,0,14.4,0,12,0.2
220708,20.4,20.4,0,20.4,0,20.4,0,20.4,0,20.4,0,20.4,0,20.4,0,20.4,0,20.4,0,20.4,0
220709,20.4,20.4,0,20.4,0,20.4,0,20.4,0,20.4,0,20.4,0,20.4,0,20.4,0,20.4,0,20.4,0
220711,20.4,20.4,0,20.4,0,20.4,0,20.4,0,,,20.4,0,20.4,0,20.4,0,20.4,0,20.4,0
220712,20.4,20.4,0,20.4,0,20.4,0,20.4,0,20.4,0,20.4,0,20.4,0,20.4,0,20.4,0,20.4,0
220713,20.4,20.4,0,20.4,0,20.4,0,20.4,0,20.4,0,20.4,0,20.4,0,20.4,0,20.4,0,20.4,0
220714,20.4,20.4,0,20.4,0,20.4,0,20.4,0,20.4,0,20.4,0,20.4,0,20.4,0,20.4,0,20.4,0
220718,,,,,,,,,,,,,,,,,,,,,
220719,,,,,,,,,,,,,,,,,,,,,
220725,31.5,31.5,0,31.5,0,31.5,0,31.5,0,31.5,0,24.2,0.302,24.2,0.302,22,0.432,37.3,-0.155,37.3,-0.155
220726,37.3,37.3,0,37.3,0,37.3,0,37.3,0,37.3,0,37.3,0,37.3,0,37.3,0,37.3,0,37.3,0
220727,31.5,31.5,0,31.5,0,31.5,0,31.5,0,31.5,0,28.4,0.109,28.4,0.109,37.3,-0.155,37.3,-0.155,37.3,-0.155
220729,239,239,0,239,0,239,0,239,0,239,0,170,0.407,170,0.407,170,0.407,170,0.407,170,0.407
220740,14.6,14.6,0,14.6,0,13.5,0.0815,13.5,0.0815,15.9,-0.0818,15.9,-0.0818,9,0.622,9.8,0.49,8.7,0.678,14.9,-0.0201
220741,28.7,28.7,0,28.7,0,25.5,0.125,25.5,0.125,24.9,0.153,24.9,0.153,24.9,0.153,24.9,0.153,16.6,0.729,21,0.367
220742,15,15,0,15,0,15,0,15,0,15,0,15,0,15,0,15,0,15,0,,
220743,15,15,0,15,0,15,0,15,0,15,0,15,0,11.5,0.304,15,0,15,0,15,0
220746,,,,,,,,,,,,,,,,,,,,,
220747,,,,,,,,,,,,,,,,,,,,,
220749,,,,,,,,,,,,,,,,,,,,,
220755,,,,,,,,,,,,,,,,,,,,,
220756,,,,,,,,,,,,,,,,,,,,,
220761,,,,,,,,,,,,,,,,,,,,,
220762,,,,,,,,,,,,,,,,,,,,,
220763,26.8,,,,,,,,,26.8,0,26.8,0,26.8,0,26.8,0,26.8,0,26.8,0
220780,16.1,16.1,0,16.1,0,16.1,0,,,,,,,,,,,17.9,-0.101,17.9,-0.101
220783,,,,,,,,,,,,,,,,,,,,,
220791,,,,,,,,,,,,,,,,,,,,,
220792,46.4,46.4,0,46.4,0,46.4,0,46.4,0,46.4,0,46.4,0,46.4,0,46.4,0,,,49.6,-0.0645
220793,,,,,,,,,,,,,,,,,,,,,
220810,,,,,,,,,,,,,,,,,,,,,
220871,,,,,,,,,,,,,,,,,,,,,
220877,130,130,0,130,0,,,130,0,130,0,130,0,130,0,130,0,,,,
220878,130,130,0,130,0,,,130,0,130,0,130,0,130,0,130,0,130,0,130,0
220906,,,,,,,,,,,,,,,,,,,,,
220907,132,132,0,132,0,132,0,132,0,132,0,132,0,132,0,132,0,132,0,157,-0.158
220911,,,,,,,,,,,,,,,,,,,,,
220912,,,,,,,,,,,,,,,,,,,,,
220913,23,23,0,23,0,23,0,23,0,23,0,23,0,23,0,,,,,,
220914,,,,,,,,,,,,,,,,,,,,,
220915,,,,,,,,,,,,,,,,,,,,,
220916,,,,,,,,,,,,,,,,,,,,,
220921,,,,,,,,,,,,,,,,,,,,,
220924,,,,,,,,,,,,,,,,,,,,,
220970,31.9,31.9,0,31.9,0,31.9,0,29.9,0.0669,29.9,0.0669,29.9,0.0669,28.9,0.104,31.9,0,35.9,-0.111,45.5,-0.299
220971,31.9,,,,,,,29.9,0.0669,29.9,0.0669,29.9,0.0669,28.9,0.104,31.9,0,35.9,-0.111,45.5,-0.299
220975,31.9,,,,,,,,,,,,,,,,,,,,
220976,31.9,31.9,0,31.9,0,31.9,0,29.9,0.0669,29.9,0.0669,29.9,0.0669,28.9,0.104,31.9,0,35.9,-0.111,45.5,-0.299
220977,31.9,31.9,0,31.9,0,31.9,0,29.9,0.0669,29.9,0.0669,29.9,0.0669,,,31.9,0,35.9,-0.111,45.5,-0.299
221031,,,,,,,,,,,,,,,,,,,,,
221077,,,,,,,,,,,,,,,,,,,,,
221107,109,109,0,109,0,109,0,109,0,109,0,,,109,0,,,137,-0.204,137,-0.204
221108,,,,,,,,,,,,,,,,,,,,,
221109,109,109,0,109,0,109,0,109,0,,,,,109,0,137,-0.204,137,-0.204,137,-0.204
221212,99,99,0,99,0,99,0,99,0,99,0,99,0,192,-0.483,192,-0.483,192,-0.483,185,-0.464
221376,14.5,14.5,0,14.5,0,14.5,0,14.5,0,14.5,0,14.5,0,13,0.115,13,0.115,13,0.115,13,0.115
221505,39,39,0,39,0,39,0,39,0,39,0,39,0,39,0,39,0,39,0,,
221506,37,37,0,37,0,37,0,37,0,,,37,0,37,0,37,0,37,0,37,0
221718,,,,,,,,,,,,,,,,,,,,,
221767,,,,,,,,,,,,,,,,,,,,,
221871,125,125,0,125,0,,,125,0,125,0,125,0,125,0,125,0,125,0,125,0
221922,108,108,0,108,0,108,0,108,0,108,0,99.8,0.0772,,,121,-0.112,121,-0.112,142,-0.246
221923,,,,,,,,,,,,,,,,,,,,,
221924,,,,,,,,,,,,,,,,,,,,,
221925,83.7,83.7,0,83.7,0,83.7,0,83.7,0,83.7,0,83.7,0,83.7,0,83.7,0,83.7,0,83.7,0
221926,83.7,83.7,0,83.7,0,83.7,0,83.7,0,83.7,0,83.7,0,83.7,0,83.7,0,83.7,0,83.7,0
222070,25,25,0,25,0,25,0,25,0,25,0,25,0,25,0,24,0.0417,24,0.0417,24,0.0417
222120,,,,,,,,,,,,,,,,,,,,,
222121,,,,,,,,,,,,,,,,,,,,,
222128,56.3,56.3,0,56.3,0,56.3,0,56.3,0,56.3,0,56.3,0,56.3,0,56.3,0,56.3,0,56.3,0
222129,56.3,56.3,0,56.3,0,56.3,0,56.3,0,56.3,0,56.3,0,56.3,0,56.3,0,56.3,0,56.3,0
222130,56.3,56.3,0,56.3,0,56.3,0,56.3,0,56.3,0,56.3,0,56.3,0,56.3,0,56.3,0,56.3,0
222131,13,13,0,,,,,,,,,,,,,,,,,,
222132,,,,,,,,,,,,,,,,,,,,,
222133,56.3,56.3,0,56.3,0,56.3,0,56.3,0,56.3,0,56.3,0,56.3,0,56.3,0,56.3,0,56.3,0
222134,56.3,56.3,0,56.3,0,56.3,0,56.3,0,56.3,0,56.3,0,56.3,0,56.3,0,56.3,0,56.3,0
222136,56.3,56.3,0,56.3,0,56.3,0,56.3,0,56.3,0,56.3,0,56.3,0,56.3,0,56.3,0,56.3,0
222137,56.3,56.3,0,56.3,0,56.3,0,56.3,0,56.3,0,56.3,0,56.3,0,56.3,0,56.3,0,56.3,0
222139,,,,,,,,,,,,,,,,,,,,,
222140,90,90,0,90,0,90,0,90,0,100,-0.1,100,-0.1,100,-0.1,100,-0.1,100,-0.1,119,-0.244
222141,115,115,0,115,0,115,0,115,0,115,0,115,0,115,0,115,0,115,0,131,-0.122
222142,140,140,0,140,0,140,0,140,0,140,0,140,0,140,0,,,140,0,,
222144,,,,,,,,,,,,,,,,,,,,,
222145,,,,,,,,,,,,,,,,,,,,,
222147,48,48,0,48,0,48,0,48,0,48,0,48,0,48,0,53.8,-0.108,53.8,-0.108,53.8,-0.108
222153,22.5,22.5,0,22.5,0,22.5,0,22.5,0,22.5,0,22.5,0,22.5,0,22.5,0,22.5,0,22.5,0
222156,39.4,39.4,0,39.4,0,39.4,0,39.4,0,39.4,0,41.7,-0.0552,41.7,-0.0552,45.9,-0.142,45.9,-0.142,45.9,-0.142
222157,,,,,,,,,,,,,,,,,,,,,
222159,,,,,,,,,,,,,,,,,,,,,
222163,24.9,24.9,0,24.9,0,24.9,0,24.9,0,24.9,0,24.9,0,,,24.9,0,27.9,-0.108,33,-0.245
222164,,,,,,,,,,,,,,,,,,,,,
222165,82.6,82.6,0,82.6,0,82.6,0,79.6,0.0377,79.6,0.0377,79.6,0.0377,,,79.6,0.0377,85,-0.0282,85,-0.0282
222167,,,,,,,,,,,,,,,,,,,,,
222168,,,,,,,,,,,,,,,,,,,,,
222169,38.8,38.8,0,38.8,0,38.8,0,38.8,0,38.8,0,38.8,0,38.8,0,38.8,0,38.8,0,,
222170,26.4,26.4,0,26.4,0,26.4,0,26.4,0,26.4,0,26.4,0,,,26.4,0,26.4,0,26.4,0
222173,36,36,0,36,0,36,0,36,0,36,0,36,0,36,0,36,0,36,0,36,0
222175,45,45,0,45,0,45,0,45,0,45,0,45,0,,,,,,,,
222180,,,,,,,,,,,,,,,,,,,,,
222181,21,21,0,21,0,21,0,21,0,21,0,,,21,0,21,0,21,0,19.5,0.0769
222183,21,21,0,21,0,21,0,21,0,21,0,21,0,21,0,21,0,21,0,19.5,0.0769
222184,21,21,0,21,0,,,,,21,0,21,0,21,0,21,0,21,0,19.5,0.0769
222185,,,,,,,,,,,,,,,,,,,,,
222190,61.3,61.3,0,61.3,0,61.3,0,61.3,0,61.3,0,,,,,61.3,0,61.3,0,61.3,0
222196,,,,,,,,,,,,,,,,,,,,,
222197,,,,,,,,,,,,,,,,,,,,,
222198,5.5,5.5,0,5.5,0,5.5,0,6.5,-0.154,6.5,-0.154,6.5,-0.154,7.5,-0.267,7.5,-0.267,7,-0.214,7,-0.214
222199,5.5,5.5,0,5.5,0,5.5,0,4.5,0.222,4.5,0.222,6.5,-0.154,6.5,-0.154,6.5,-0.154,7,-0.214,,
222200,47,47,0,47,0,47,0,47,0,47,0,34.9,0.347,34.9,0.347,53,-0.113,50,-0.06,50,-0.06
222201,62.4,62.4,0,62.4,0,62.4,0,62.4,0,,,,,,,98,-0.363,49,0.273,98,-0.363
222203,,,,,,,,,,,,,,,,,,,,,
222204,,,,,,,,,,,,,,,,,,,,,
222206,38.5,38.5,0,38.5,0,38.5,0,,,30.8,0.25,38.5,0,38.5,0,30.8,0.25,45,-0.144,46,-0.163
222209,,,,,,,,,,,,,,,,,,,,,
222210,156,156,0,156,0,156,0,156,0,156,0,156,0,156,0,156,0,156,0,156,0
222217,185,185,0,185,0,185,0,185,0,185,0,185,0,185,0,185,0,,,,
222218,185,185,0,185,0,185,0,185,0,185,0,185,0,185,0,185,0,,,,
222219,185,185,0,185,0,185,0,185,0,185,0,185,0,185,0,185,0,,,,
222220,185,185,0,185,0,185,0,185,0,185,0,185,0,185,0,185,0,185,0,185,0
222221,185,185,0,185,0,185,0,185,0,185,0,185,0,185,0,185,0,,,,
222225,,,,,,,,,,,,,,,,,,,,,
222226,,,,,,,,,,,,,,,,,,,,,
222227,,,,,,,,,,,,,,,,,,,,,
222228,81,81,0,81,0,81,0,81,0,81,0,81,0,81,0,,,81,0,81,0
222229,81,81,0,81,0,,,,,81,0,81,0,81,0,81,0,81,0,81,0
222230,81,81,0,81,0,81,0,81,0,81,0,81,0,81,0,81,0,81,0,81,0
222231,81,81,0,81,0,81,0,81,0,81,0,81,0,81,0,,,81,0,,
222233,81,81,0,81,0,81,0,81,0,81,0,81,0,81,0,81,0,81,0,81,0
222234,81,81,0,81,0,81,0,81,0,81,0,81,0,81,0,81,0,81,0,81,0
222235,9.6,9.6,0,12,-0.2,12,-0.2,12,-0.2,12,-0.2,12,-0.2,12,-0.2,15,-0.36,13.1,-0.267,,
222236,14,14,0,14,0,14,0,14,0,14,0,14,0,11.9,0.176,11.9,0.176,15.2,-0.0789,,
222240,25,25,0,25,0,25,0,25,0,25,0,25,0,25,0,24,0.0417,24,0.0417,24,0.0417
222248,18.9,18.9,0,18.9,0,18.9,0,18.9,0,18.9,0,14,0.35,14,0.35,15.3,0.235,15.3,0.235,15.3,0.235
222249,,,,,,,,,,,,,,,,,,,,,
222252,37,37,0,37,0,37,0,37,0,37,0,37,0,37,0,37,0,37,0,37,0
222254,,,,,,,,,,,,,,,,,,,,,
222261,48,48,0,48,0,48,0,48,0,48,0,48,0,48,0,53.8,-0.108,55,-0.127,55,-0.127
222262,,,,,,,,,,,,,,,,,,,,,
222264,18.5,18.5,0,18.5,0,18.5,0,18.5,0,18.5,0,18.5,0,18.5,0,18.5,0,18.5,0,18.5,0
222265,,,,,,,,,,,,,,,,,,,,,
222266,94.9,94.9,0,94.9,0,94.9,0,94.9,0,94.9,0,64.9,0.462,,,64.9,0.462,64.9,0.462,64.9,0.462
222268,139,139,0,139,0,139,0,139,0,,,99.9,0.391,99.9,0.391,74.9,0.856,99.9,0.391,99.9,0.391
222269,,,,,,,,,,,,,,,,,,,,,
222270,,,,,,,,,,,,,,,,,,,,,
222272,,,,,,,,,,,,,,,,,,,,,
222274,,,,,,,,,,,,,,,,,,,,,
222276,,,,,,,,,,,,,,,,,,,,,
222277,,,,,,,,,,,,,,,,,,,,,
222278,140,140,0,140,0,140,0,140,0,140,0,140,0,112,0.25,140,0,140,0,140,0
222279,,,,,,,,,,,,,,,,,,,,,
222280,140,140,0,140,0,,,,,140,0,140,0,,,,,140,0,140,0
222281,140,140,0,140,0,140,0,105,0.333,105,0.333,140,0,,,,,140,0,140,0
222282,,,,,,,,,,,,,,,,,,,,,
222284,,,,,,,,,,,,,,,,,,,,,
222285,,,,,,,,,,,,,,,,,,,,,
222288,46,46,0,46,0,46,0,46,0,46,0,46,0,46,0,46,0,,,,
222294,24.4,24.4,0,24.4,0,24.4,0,24.4,0,24.4,0,24.4,0,24.4,0,,,,,,
222305,22,22,0,22,0,22,0,22,0,22,0,22,0,22,0,22,0,22,0,22,0
222306,23,23,0,23,0,23,0,23,0,23,0,23,0,23,0,23,0,23,0,23,0
222337,29.5,29.5,0,29.5,0,29.5,0,,,29.5,0,29.5,0,29.5,0,29.5,0,,,29,0.0172
222338,29.2,29.2,0,29.2,0,29.2,0,29.2,0,29.2,0,29.2,0,24.8,0.177,29,0.0069,29,0.0069,29,0.0069
222339,29.3,29.3,0,29.3,0,29.3,0,29.3,0,29.3,0,29.3,0,,,29.3,0,29.3,0,29,0.0103
222382,37.2,37.2,0,37.2,0,37.2,0,37.2,0,37.2,0,,,,,,,,,37.2,0
222384,19.5,19.5,0,19.5,0,19.5,0,19.5,0,19.5,0,,,19.5,0,,,19.5,0,19.5,0
222399,6.9,6.9,0,,,,,,,,,,,,,7.7,-0.104,7.7,-0.104,,
222487,,,,,,,,,,,,,,,,,,,,,
222505,13.2,13.2,0,21.9,-0.397,21.9,-0.397,16,-0.175,16,-0.175,21.9,-0.397,21.9,-0.397,21,-0.371,21,-0.371,16.5,-0.2
222506,25.2,25.2,0,25.2,0,25.2,0,25.2,0,20.9,0.206,20.9,0.206,22,0.145,25.2,0,25.2,0,26,-0.0308
222507,25.2,25.2,0,25.2,0,25.2,0,25.2,0,25.2,0,25.2,0,22,0.145,25.2,0,25.2,0,26,-0.0308
222508,12.6,12.6,0,12.6,0,12.6,0,12.6,0,14.7,-0.143,14.7,-0.143,14.7,-0.143,14.7,-0.143,14.7,-0.143,14.7,-0.143
222509,25.2,25.2,0,25.2,0,25.2,0,25.2,0,20.9,0.206,,,22,0.145,25.2,0,25.2,0,26,-0.0308
222608,,,,,,,,,,,,,,,,,,,,,
222615,10.5,10.5,0,10.5,0,10.5,0,10.5,0,10.5,0,10.5,0,,,10.5,0,8.8,0.193,8.8,0.193
222619,,,,,,,,,,,,,,,,,,,,,
222621,,,,,,,,,,,,,,,,,,,,,
222716,61,61,0,61,0,61,0,61,0,61,0,61,0,61,0,61,0,,,61,0
222757,12,12,0,12,0,12,0,12,0,12,0,12,0,12,0,,,,,12,0
222758,12,12,0,12,0,12,0,12,0,12,0,12,0,12,0,,,,,,
222759,17,17,0,17,0,17,0,17,0,17,0,17,0,17,0,17,0,17,0,17,0
222760,,,,,,,,,,,,,,,,,,,,,
222765,,,,,,,,,,,,,,,,,,,,,
222791,,,,,,,,,,,,,,,,,,,,,
222792,,,,,,,,,,,,,,,,,,,,,
222802,,,,,,,,,,,,,,,,,,,,,
222807,33,33,0,33,0,33,0,33,0,33,0,28.9,0.142,28.9,0.142,28.9,0.142,36.7,-0.101,36.8,-0.103
222813,16,16,0,16,0,16,0,16,0,16,0,15,0.0667,15,0.0667,15,0.0667,15,0.0667,19.5,-0.179
222825,12,12,0,12,0,12,0,12,0,12,0,12,0,12,0,12,0,12,0,12,0
222830,,,,,,,,,,,,,,,,,,,,,
222831,,,,,,,,,,,,,,,,,,,,,
222833,,,,,,,,,,,,,,,,,,,,,
222894,,,,,,,,,,,,,,,,,,,,,
222896,,,,,,,,,,,,,,,,,,,,,
222920,22,22,0,22,0,22,0,22,0,22,0,22,0,22,0,22,0,22,0,,
222927,15,15,0,15,0,15,0,,,15,0,15,0,15,0,15,0,,,15,0
222931,,,,,,,,,,,,,,,,,,,,,
222932,,,,,,,,,,,,,,,,,,,,,
222934,,,,,,,,,,,,,,,,,,,,,
222971,26.4,26.4,0,26.4,0,26.4,0,26.4,0,26.4,0,26.4,0,26.4,0,26.4,0,19.8,0.333,26.4,0
223035,11,11,0,11,0,11,0,11,0,11,0,11,0,11,0,12.5,-0.12,12.5,-0.12,12.5,-0.12
223036,10.5,10.5,0,10.5,0,10.5,0,10.5,0,10.5,0,10.5,0,10.5,0,12,-0.125,12,-0.125,12,-0.125
223038,16,16,0,16,0,16,0,16,0,16,0,16,0,16,0,20,-0.2,20,-0.2,20,-0.2
223044,,,,,,,,,,,,,,,,,,,,,
223045,,,,,,,,,,,,,,,,,,,,,
223046,,,,,,,,,,,,,,,,,,,,,
223093,9.5,9.5,0,9.5,0,9.5,0,9.5,0,9.5,0,9.5,0,,,9.5,0,12.5,-0.24,12.5,-0.24
223345,28.5,28.5,0,28.5,0,26,0.0962,26,0.0962,26,0.0962,,,,,,,,,,
223603,,,,,,,,,,,,,,,,,,,,,
223608,,,,,,,,,,,,,,,,,,,,,
223611,15,15,0,15,0,15,0,15,0,15,0,15,0,15,0,15,0,15,0,12.4,0.21
223612,,,,,,,,,,,,,,,,,,,,,
223613,,,,,,,,,,,,,,,,,,,,,
223615,101,101,0,101,0,101,0,101,0,101,0,101,0,101,0,101,0,101,0,,
223616,101,101,0,101,0,101,0,101,0,101,0,101,0,101,0,80.8,0.25,118,-0.144,122,-0.172
223617,39.9,39.9,0,39.9,0,39.9,0,39.9,0,39.9,0,,,39.9,0,39.9,0,39.9,0,39.9,0
223619,96.9,96.9,0,96.9,0,96.9,0,96.9,0,96.9,0,,,96.9,0,96.9,0,,,96.9,0
223620,38.9,38.9,0,38.9,0,38.9,0,36.9,0.0542,36.9,0.0542,36.9,0.0542,,,38.9,0,44.9,-0.134,51.9,-0.25
223621,31.9,,,,,,,,,,,,,,,39.9,-0.201,39.9,-0.201,44.9,-0.29
223622,31.9,31.9,0,31.9,0,31.9,0,,,,,28.9,0.104,28.9,0.104,33.9,-0.059,39.9,-0.201,44.9,-0.29
223624,,,,,,,,,,,,,,,,,,,,,
223626,,,,,,,,,,,,,,,,,,,,,
223627,10.5,10.5,0,10.5,0,10.5,0,10.5,0,10.5,0,,,,,,,10.5,0,,
223628,10.5,10.5,0,10.5,0,10.5,0,10.5,0,10.5,0,,,,,10.5,0,10.5,0,,
223638,48,48,0,48,0,48,0,48,0,48,0,48,0,48,0,48,0,48,0,48.1,-0.00208
223655,65.9,65.9,0,65.9,0,65.9,0,65.9,0,65.9,0,65.9,0,56,0.177,,,,,,
223656,,,,,,,,,,,,,,,,,,,,,
223658,59,59,0,59,0,59,0,59,0,59,0,,,41.9,0.408,,,,,41.9,0.408
223659,,,,,,,,,,,,,,,,,,,,,
223660,,,,,,,,,,,,,,,,,,,,,
223661,,,,,,,,,,,,,,,,,,,,,
223662,,,,,,,,,,,,,,,,,,,,,
223663,,,,,,,,,,,,,,,,,,,,,
223664,,,,,,,,,,,,,,,,,,,,,
223665,,,,,,,,,,,,,,,,,,,,,
223666,,,,,,,,,,,,,,,,,,,,,
223667,,,,,,,,,,,,,,,,,,,,,
223668,,,,,,,,,,,,,,,,,,,,,
223669,,,,,,,,,,,,,,,,,,,,,
223671,,,,,,,,,,,,,,,,,,,,,
223674,,,,,,,,,,,,,,,,,,,,,
223675,,,,,,,,,,,,,,,,,,,,,
223676,,,,,,,,,,,,,,,,,,,,,
223678,22,22,0,22,0,22,0,22,0,22,0,20.1,0.0945,20.1,0.0945,20.1,0.0945,28.5,-0.228,,
223679,39,39,0,,,39,0,39,0,39,0,,,,,42,-0.0714,42,-0.0714,,
223681,15,15,0,15,0,15,0,15,0,15,0,15,0,15,0,15,0,16.8,-0.107,16.8,-0.107
223682,15,15,0,15,0,15,0,15,0,15,0,,,15,0,15,0,16.8,-0.107,16.8,-0.107
223683,,,,,,,,,,,,,,,,,,,,,
223685,,,,,,,,,,,,,,,,,,,,,
223686,,,,,,,,,,,,,,,,,,,,,
223707,,,,,,,,,,,,,,,,,,,,,
223709,7.5,7.5,0,7.5,0,7.5,0,7.5,0,7.5,0,7.5,0,7.5,0,6.5,0.154,8.5,-0.118,8.5,-0.118
223710,7.5,7.5,0,7.5,0,7.5,0,7.5,0,7.5,0,7.5,0,7.5,0,6.5,0.154,8.5,-0.118,8.5,-0.118
223711,7.5,7.5,0,7.5,0,7.5,0,7.5,0,7.5,0,7.5,0,7.5,0,6.5,0.154,8.5,-0.118,8.5,-0.118
223712,7.5,7.5,0,7.5,0,7.5,0,7.5,0,7.5,0,7.5,0,7.5,0,6.5,0.154,8.5,-0.118,8.5,-0.118
223713,,,,,,,,,,,,,,,,,,,,,
223716,,,,,,,,,,,,,,,,,,,,,
223717,52.5,52.5,0,52.5,0,52.5,0,52.5,0,52.5,0,52.5,0,52.5,0,52.5,0,52.5,0,52.5,0
223718,24.9,24.9,0,24.9,0,24.9,0,24.9,0,24.9,0,24.9,0,24.9,0,24.9,0,24.9,0,,
223719,144,144,0,144,0,144,0,144,0,144,0,144,0,144,0,,,144,0,,
223720,194,194,0,194,0,194,0,194,0,194,0,194,0,194,0,194,0,194,0,194,0
223722,43.3,43.3,0,42.6,0.0164,42.6,0.0164,42.6,0.0164,42.6,0.0164,35.3,0.227,35.3,0.227,48.2,-0.102,56.8,-0.238,56.8,-0.238
223723,45.8,45.8,0,45.8,0,45.8,0,45.8,0,45.8,0,55.5,-0.175,55.5,-0.175,,,,,55,-0.167
223724,61,61,0,61,0,61,0,61,0,61,0,78.5,-0.223,78.5,-0.223,78.5,-0.223,78.5,-0.223,55,0.109
223725,40,,,,,,,,,,,,,,,36.5,0.0959,45.5,-0.121,,
223727,13.4,13.4,0,13.4,0,13.4,0,13.4,0,13.4,0,13.4,0,16.6,-0.193,16.6,-0.193,16.6,-0.193,16.6,-0.193
223728,,,,,,,,,,,,,,,,,,,,,
223729,,,,,,,,,,,,,,,,,,,,,
223730,33.9,33.9,0,33.9,0,33.9,0,33.9,0,33.9,0,33.9,0,42.4,-0.2,42.4,-0.2,42.4,-0.2,42.4,-0.2
223731,25.3,25.3,0,25.3,0,25.3,0,25.3,0,25.3,0,25.3,0,31.1,-0.186,31.1,-0.186,31.1,-0.186,31.1,-0.186
223732,,,,,,,,,,,,,,,,,,,,,
223733,22,22,0,22,0,22,0,22,0,22,0,22,0,27.4,-0.197,27.4,-0.197,27.4,-0.197,27.4,-0.197
223734,24.6,24.6,0,28.8,-0.146,28.8,-0.146,28.8,-0.146,,,22.8,0.0789,22.8,0.0789,,,22.9,0.0742,31,-0.206
223763,14.5,14.5,0,14.5,0,14.5,0,,,,,14.5,0,14.5,0,14.5,0,15,-0.0333,,
223764,14.5,14.5,0,14.5,0,14.5,0,14.5,0,14.5,0,14.5,0,14.5,0,14.5,0,15,-0.0333,21,-0.31
223765,14.5,14.5,0,14.5,0,14.5,0,14.5,0,14.5,0,14.5,0,14.5,0,14.5,0,15,-0.0333,21,-0.31
223766,14.5,14.5,0,14.5,0,14.5,0,14.5,0,14.5,0,,,14.5,0,14.5,0,15,-0.0333,21,-0.31
223778,,,,,,,,,,,,,,,,,,,,,
223779,,,,,,,,,,,,,,,,,,,,,
223780,,,,,,,,,,,,,,,,,,,,,
223792,189,189,0,189,0,189,0,151,0.25,151,0.25,,,,,,,,,,
223798,,,,,,,,,,,,,,,,,,,,,
223805,6.5,6.5,0,9,-0.278,9,-0.278,9,-0.278,9,-0.278,9,-0.278,6.3,0.0317,9,-0.278,6,0.0833,9.5,-0.316
223810,,,,,,,,,,,,,,,,,,,,,
223811,94,94,0,94,0,94,0,94,0,94,0,94,0,85,0.106,94,0,94,0,97.5,-0.0359
223812,94,94,0,94,0,94,0,94,0,94,0,94,0,94,0,94,0,96.9,-0.0299,97.5,-0.0359
223813,,,,,,,,,,,,,,,,,,,,,
223817,20.9,20.9,0,20.9,0,20.9,0,17.8,0.174,17.8,0.174,20.9,0,,,20.9,0,,,,
223819,87.9,87.9,0,87.9,0,87.9,0,87.9,0,87.9,0,87.9,0,87.9,0,88,-0.00114,88,-0.00114,87.9,0
223820,,,,,,,,,,,,,,,,,,,,,
223821,,,,,,,,,,,,,,,,,,,,,
223822,,,,,,,,,,,,,,,,,,,,,
223825,167,167,0,167,0,167,0,167,0,167,0,167,0,167,0,167,0,167,0,167,0
223826,167,167,0,167,0,167,0,167,0,167,0,167,0,167,0,167,0,167,0,167,0
223830,,,,,,,,,,,,,,,,,,,,,
223832,,,,,,,,,,,,,,,,,,,,,
223833,17,17,0,17,0,17,0,17,0,17,0,17,0,17,0,17,0,17,0,,
223834,17,17,0,17,0,17,0,17,0,17,0,17,0,17,0,17,0,17,0,,
223835,,,,,,,,,,,,,,,,,,,,,
223836,17.5,17.5,0,17.5,0,17.5,0,17.5,0,17.5,0,17.5,0,17.5,0,17.5,0,17.5,0,,
223837,17.5,17.5,0,17.5,0,17.5,0,17.5,0,17.5,0,17.5,0,17.5,0,17.5,0,17.5,0,,
223838,,,,,,,,,,,,,,,,,,,,,
223839,159,159,0,165,-0.0339,165,-0.0339,159,0,159,0,165,-0.0339,165,-0.0339,165,-0.0339,169,-0.0568,199,-0.199
223840,159,159,0,165,-0.0339,165,-0.0339,159,0,159,0,165,-0.0339,165,-0.0339,165,-0.0339,169,-0.0568,199,-0.199
223853,,,,,,,,,,,,,,,,,,,,,
223856,13.2,13.2,0,13.2,0,13.2,0,13.2,0,13.2,0,13.2,0,13.2,0,13.2,0,,,,
223858,,,,,,,,,,,,,,,,,,,,,
223859,13.2,13.2,0,13.2,0,13.2,0,13.2,0,13.2,0,,,13.2,0,13.2,0,13.2,0,,
223861,,,,,,,,,,,,,,,,,,,,,
223868,65,65,0,65,0,65,0,65,0,65,0,65,0,65,0,65,0,65,0,65,0
223869,65,65,0,65,0,65,0,65,0,65,0,,,65,0,65,0,65,0,65,0
223870,65,65,0,65,0,65,0,65,0,65,0,65,0,65,0,65,0,65,0,65,0
223871,65,65,0,65,0,65,0,65,0,65,0,65,0,65,0,65,0,65,0,65,0
223872,65,65,0,65,0,65,0,65,0,65,0,65,0,65,0,65,0,65,0,,
223873,38.5,38.5,0,38.5,0,38.5,0,38.5,0,38.5,0,38.5,0,38.5,0,38.5,0,65,-0.408,65,-0.408
223874,65,65,0,65,0,65,0,65,0,65,0,65,0,65,0,65,0,65,0,65,0
223879,,,,,,,,,,,,,,,,,,,,,
223880,,,,,,,,,,,,,,,,,,,,,
223881,163,163,0,163,0,163,0,114,0.429,114,0.429,163,0,163,0,163,0,163,0,163,0
223882,180,,,,,,,180,0,180,0,126,0.429,163,0.104,163,0.104,163,0.104,163,0.104
223883,131,131,0,131,0,131,0,131,0,131,0,91.7,0.429,131,0,131,0,131,0,131,0
223884,185,185,0,185,0,,,,,,,185,0,185,0,185,0,185,0,185,0
223885,20.9,20.9,0,20.9,0,20.9,0,20.9,0,20.9,0,20.9,0,20.9,0,20.9,0,28.5,-0.267,23.6,-0.114
223897,56.5,56.5,0,56.5,0,56.5,0,56.5,0,,,48.1,0.175,48.1,0.175,48.1,0.175,65.3,-0.135,65.3,-0.135
223904,,,,,,,,,,,,,,,,,,,,,
223906,33,33,0,33,0,33,0,33,0,33,0,28.3,0.166,28.3,0.166,28.3,0.166,37.1,-0.111,37.1,-0.111
223908,,,,,,,,,,,,,,,,,,,,,
223909,36.9,36.9,0,36.9,0,36.9,0,34.9,0.0573,34.9,0.0573,,,,,62,-0.405,43.9,-0.159,44.9,-0.178
223910,20,20,0,20,0,20,0,20,0,20,0,20,0,20,0,,,20,0,20,0
223911,,,,,,,,,,,,,,,,,,,,,
223912,,,,,,,,,,,,,,,,,,,,,
223913,47,47,0,47,0,47,0,47,0,47,0,47,0,33.8,0.391,47,0,47,0,34.3,0.37
223914,163,163,0,163,0,163,0,163,0,163,0,163,0,163,0,163,0,163,0,163,0
223915,149,149,0,149,0,149,0,149,0,149,0,149,0,149,0,149,0,149,0,,
223916,,,,,,,,,,,,,,,,,,,,,
223917,62,62,0,62,0,62,0,62,0,62,0,62,0,62,0,62,0,62,0,62,0
223918,98,98,0,98,0,98,0,98,0,98,0,98,0,98,0,98,0,98,0,98,0
223919,62,62,0,62,0,62,0,62,0,,,62,0,62,0,62,0,62,0,62,0
223920,83,83,0,83,0,83,0,83,0,83,0,83,0,83,0,83,0,83,0,83,0
223921,78,78,0,78,0,78,0,78,0,78,0,78,0,78,0,78,0,78,0,78,0
223922,,,,,,,,,,,,,,,,,,,,,
223923,18,18,0,18,0,18,0,18,0,18,0,18,0,18,0,21.5,-0.163,21.5,-0.163,23.5,-0.234
223926,,,,,,,,,,,,,,,,,,,,,
223927,,,,,,,,,,,,,,,,,,,,,
223928,,,,,,,,,,,,,,,,,,,,,
223950,,,,,,,,,,,,,,,,,,,,,
223953,24.9,24.9,0,24.9,0,24.9,0,24.9,0,24.9,0,24.9,0,24.9,0,25,-0.004,35,-0.289,48,-0.481
223954,108,108,0,108,0,108,0,108,0,108,0,108,0,108,0,108,0,108,0,130,-0.169
223955,18.6,18.6,0,18.6,0,18.6,0,18.6,0,19.2,-0.0312,,,19.2,-0.0312,,,19.2,-0.0312,19.2,-0.0312
223956,30,30,0,30,0,30,0,30,0,,,30,0,30,0,,,,,30,0
223976,309,309,0,309,0,309,0,309,0,309,0,309,0,309,0,309,0,309,0,309,0
223977,32,32,0,32,0,32,0,32,0,32,0,32,0,32,0,32,0,42,-0.238,36,-0.111
223978,,,,,,,,,,,,,,,,,,,,,
223979,45.9,45.9,0,45.9,0,45.9,0,40.9,0.122,40.9,0.122,45.9,0,,,45,0.02,51,-0.1,53,-0.134
223980,,,,,,,,,,,,,,,,,,,,,
223981,,,,,,,,,,,,,,,,,,,,,
223982,46,46,0,46,0,46,0,46,0,46,0,42.8,0.0748,37,0.243,,,50,-0.08,50,-0.08
223983,49.4,49.4,0,49.4,0,49.4,0,46,0.0739,46,0.0739,42.8,0.154,37,0.335,,,,,,
223984,,,,,,,,,,,,,,,,,,,,,
223985,,,,,,,,,,,,,,,,,,,,,
223986,,,,,,,,,,,,,,,,,,,,,
223987,,,,,,,,,,,,,,,,,,,,,
223988,,,,,,,,,,,,,,,,,,,,,
223989,343,343,0,343,0,343,0,319,0.0775,319,0.0775,281,0.223,,,,,,,,
223990,363,363,0,363,0,363,0,337,0.0778,337,0.0778,309,0.174,,,,,,,392,-0.0752
223991,,,,,,,,,,,,,,,,,,,,,
223992,133,133,0,133,0,133,0,133,0,133,0,133,0,133,0,177,-0.25,177,-0.25,177,-0.25
223993,117,117,0,117,0,117,0,117,0,117,0,117,0,91.9,0.273,117,0,117,0,117,0
223995,144,144,0,144,0,144,0,122,0.18,122,0.18,144,0,144,0,144,0,144,0,144,0
223996,,,,,,,,,,,,,,,,,,,,,
223997,,,,,,,,,,,,,,,,,,,,,
223998,,,,,,,,,,,,,,,,,,,,,
224005,,,,,,,,,,,,,,,,,,,,,
224007,,,,,,,,,,,,,,,,,,,,,
224009,,,,,,,,,,,,,,,,,,,,,
224010,,,,,,,,,,,,,,,,,,,,,
224011,,,,,,,,,,,,,,,,,,,,,
224012,,,,,,,,,,,,,,,,,,,,,
224019,94,94,0,94,0,94,0,94,0,,,,,,,,,,,94,0
224020,,,,,,,,,,,,,,,,,,,,,
224021,,,,,,,,,,,,,,,,,,,,,
224023,,,,,,,,,,,,,,,,,,,,,
224035,14.5,14.5,0,14.5,0,14.5,0,15.5,-0.0645,,,,,,,,,,,,
224036,19.5,19.5,0,19.5,0,,,,,,,17.5,0.114,17.5,0.114,17.5,0.114,17.5,0.114,17.5,0.114
224041,,,,,,,,,,,,,,,,,,,,,
224042,33.6,33.6,0,33.6,0,33.6,0,33.6,0,,,28.1,0.196,23,0.461,28.1,0.196,35.1,-0.0427,38.2,-0.12
224043,,,,,,,,,,,,,,,,,,,,,
224044,,,,,,,,,,,,,,,,,,,,,
224045,,,,,,,,,,,,,,,,,,,,,
224047,,,,,,,,,,,,,,,,,,,,,
224048,120,120,0,120,0,120,0,120,0,120,0,120,0,120,0,120,0,120,0,120,0
224050,,,,,,,,,,,,,,,,,,,,,
224051,,,,,,,,,,,,,,,,,,,,,
224075,,,,,,,,,,,,,,,,,,,,,
224076,,,,,,,,,,,,,,,,,,,,,
224077,,,,,,,,,,,,,,,,,,,,,
224082,,,,,,,,,,,,,,,,,,,,,
224083,129,129,0,129,0,129,0,,,,,88.9,0.451,,,88.9,0.451,88.9,0.451,85.9,0.502
224084,79,79,0,79,0,79,0,79,0,79,0,54.9,0.439,41,0.927,,,54.9,0.439,54.9,0.439
224085,129,129,0,129,0,129,0,129,0,129,0,88.9,0.451,88.9,0.451,,,88.9,0.451,88.9,0.451
224091,,,,,,,,,,,,,,,,,,,,,
224092,,,,,,,,,,,,,,,,,,,,,
224095,18.6,18.6,0,18.6,0,18.6,0,18.6,0,18.6,0,18.6,0,18.6,0,20.6,-0.0971,20.6,-0.0971,20.6,-0.0971
224096,162,162,0,162,0,231,-0.3,162,0,162,0,231,-0.3,231,-0.3,231,-0.3,231,-0.3,231,-0.3
224097,97,97,0,97,0,97,0,97,0,97,0,97,0,97,0,97,0,97,0,97,0
224098,107,107,0,107,0,107,0,107,0,107,0,96.5,0.109,,,,,120,-0.111,136,-0.212
224101,64.8,64.8,0,64.8,0,64.8,0,64.8,0,64.8,0,64.8,0,64.8,0,,,64.8,0,64.8,0
224140,17.5,17.5,0,17.5,0,17.5,0,17.5,0,17.5,0,17.5,0,17.5,0,17.5,0,20.5,-0.146,20.5,-0.146
224141,,,,,,,,,,,,,,,,,,,,,
224187,22.5,22.5,0,22.5,0,22.5,0,22.5,0,22.5,0,22.5,0,22.5,0,22.5,0,22.5,0,22.5,0
224471,26,26,0,26,0,26,0,26,0,,,26,0,26,0,26,0,26,0,26,0
224479,28.5,28.5,0,28.5,0,28.5,0,28.5,0,28.5,0,28.5,0,28.5,0,28.5,0,28.5,0,28.5,0
224798,31,31,0,31,0,31,0,31,0,31,0,31,0,30.5,0.0164,28.5,0.0877,28.5,0.0877,28.5,0.0877
224823,,,,,,,,,,,,,,,,,,,,,
224827,,,,,,,,,,,,,,,,,,,,,
224904,27,27,0,27,0,27,0,27,0,27,0,27,0,27,0,27.2,-0.00735,27.2,-0.00735,27.4,-0.0146
224917,,,,,,,,,,,,,,,,,,,,,
225010,,,,,,,,,,,,,,,,,,,,,
225031,81,81,0,81,0,81,0,81,0,81,0,81,0,81,0,81,0,,,,
225032,81,81,0,81,0,81,0,81,0,81,0,81,0,81,0,81,0,,,,
225033,10,10,0,10,0,10,0,10,0,10,0,10,0,10,0,10,0,,,,
225034,18,18,0,18,0,18,0,18,0,18,0,18,0,18,0,18,0,,,,
225035,20.9,20.9,0,20.9,0,20.9,0,20.9,0,20.9,0,20.9,0,20.9,0,20.9,0,,,,
225036,,,,,,,,,,,,,,,,,,,,,
225037,,,,,,,,,,,,,,,,,,,,,
225038,25.9,25.9,0,25.9,0,25.9,0,24.9,0.0402,24.9,0.0402,,,,,,,,,,
225039,46.8,46.8,0,46.8,0,46.8,0,46.8,0,46.8,0,46.8,0,46.8,0,46.8,0,,,,
225041,,,,,,,,,,,,,,,,,,,,,
225042,,,,,,,,,,,,,,,,,,,,,
225043,90,90,0,90,0,90,0,90,0,90,0,90,0,90,0,90,0,,,,
225044,90,90,0,90,0,90,0,90,0,90,0,90,0,90,0,90,0,,,,
225046,90,90,0,90,0,90,0,90,0,90,0,90,0,90,0,90,0,,,,
225047,90,90,0,90,0,90,0,90,0,90,0,90,0,90,0,90,0,,,,
225048,56.3,56.3,0,56.3,0,56.3,0,56.3,0,56.3,0,56.3,0,56.3,0,65.6,-0.142,65.6,-0.142,70.8,-0.205
225049,87.5,87.5,0,87.5,0,87.5,0,87.5,0,87.5,0,87.5,0,87.5,0,87.5,0,87.5,0,98.3,-0.11
225060,90,90,0,90,0,90,0,90,0,90,0,90,0,90,0,90,0,,,,
225062,90,90,0,90,0,90,0,90,0,90,0,90,0,90,0,90,0,,,,
225063,90,90,0,90,0,90,0,90,0,90,0,90,0,90,0,90,0,,,,
225064,,,,,,,,,,,,,,,,,,,,,
225066,56,56,0,56,0,56,0,56,0,56,0,56,0,56,0,56,0,,,,
225067,,,,,,,,,,,,,,,,,,,,,
225068,,,,,,,,,,,,,,,,,,,,,
225069,52,52,0,52,0,52,0,52,0,52,0,52,0,52,0,,,,,,
225075,12.9,12.9,0,12.9,0,12.9,0,12.9,0,13,-0.00769,13,-0.00769,13,-0.00769,13,-0.00769,,,,
225076,25.2,25.2,0,25.2,0,25.2,0,25.2,0,25.2,0,25.2,0,21,0.2,22.6,0.115,,,,
225078,,,,,,,,,,,,,,,,,,,,,
225079,,,,,,,,,,,,,,,,,,,,,
225080,61.3,61.3,0,61.3,0,61.3,0,61.3,0,61.3,0,61.3,0,61.3,0,61.3,0,,,,
225081,22,22,0,22,0,22,0,22,0,22,0,,,,,,,,,,
225082,20,20,0,20,0,20,0,20,0,20,0,,,,,,,,,,
225083,20,20,0,20,0,20,0,20,0,20,0,,,,,,,,,,
225084,20,20,0,20,0,20,0,20,0,20,0,,,,,,,,,,
225085,21,21,0,21,0,21,0,21,0,21,0,21,0,21,0,21,0,,,,
225086,21,21,0,21,0,21,0,21,0,21,0,21,0,21,0,21,0,,,,
225087,21,21,0,21,0,21,0,21,0,21,0,21,0,21,0,21,0,,,,
225089,25,25,0,25,0,25,0,25,0,25,0,25,0,21,0.19,25,0,,,,
225091,45,,,,,,,,,,,,,,,,,,,,
225092,99,99,0,99,0,,,,,,,,,,,,,,,,
225093,,,,,,,,,,,,,,,,,,,,,
225094,222,222,0,222,0,222,0,222,0,222,0,195,0.138,215,0.0326,215,0.0326,,,,
225095,222,222,0,222,0,222,0,222,0,222,0,195,0.138,215,0.0326,215,0.0326,,,,
225097,120,120,0,120,0,120,0,120,0,120,0,120,0,120,0,,,,,,
225098,120,120,0,120,0,120,0,120,0,120,0,120,0,120,0,,,,,,
225099,45,45,0,45,0,45,0,45,0,45,0,45,0,45,0,45,0,,,,
225110,24.3,24.3,0,24.3,0,24.3,0,24.3,0,24.3,0,24.3,0,19,0.279,,,,,,
225111,,,,,,,,,,,,,,,,,,,,,
225112,18.6,18.6,0,,,,,,,,,,,,,,,,,,
225113,,,,,,,,,,,,,,,,,,,,,
225114,,,,,,,,,,,,,,,,,,,,,
225115,,,,,,,,,,,,,,,,,,,,,
225116,52,52,0,52,0,52,0,52,0,52,0,52,0,52,0,,,,,,
225117,,,,,,,,,,,,,,,,,,,,,
225119,52.5,52.5,0,52.5,0,52.5,0,52.5,0,52.5,0,52.5,0,52.5,0,,,,,,
225120,87.5,87.5,0,87.5,0,87.5,0,87.5,0,87.5,0,87.5,0,87.5,0,87.5,0,87.5,0,98.3,-0.11
225121,,,,,,,,,,,,,,,,,,,,,
225124,21.3,21.3,0,21.3,0,21.3,0,21.3,0,21.3,0,21.3,0,18,0.183,,,,,,
225125,21.7,21.7,0,27.4,-0.208,27.4,-0.208,27.4,-0.208,27.4,-0.208,27.4,-0.208,,,,,,,,
225127,30.7,30.7,0,30.7,0,30.7,0,30.7,0,30.7,0,30.7,0,30.7,0,,,,,,
225128,34,34,0,34,0,34,0,34,0,34,0,34,0,34,0,,,,,,
225129,91,91,0,91,0,91,0,91,0,91,0,91,0,91,0,,,,,,
225130,,,,,,,,,,,,,,,,,,,,,
225132,32,32,0,32,0,32,0,32,0,32,0,32,0,32,0,32,0,,,,
225133,21.3,21.3,0,21.3,0,21.3,0,21.3,0,21.3,0,21.3,0,21.3,0,21.3,0,,,,
225135,20.9,20.9,0,20.9,0,20.9,0,20.9,0,20.9,0,,,,,20.9,0,,,,
225136,20.9,20.9,0,20.9,0,20.9,0,20.9,0,20.9,0,20.9,0,20.9,0,20.9,0,,,,
225137,20.9,20.9,0,20.9,0,20.9,0,20.9,0,20.9,0,20.9,0,20.9,0,,,,,,
225142,7.5,7.5,0,7.5,0,7.5,0,7.5,0,7.5,0,7.5,0,7.5,0,7.5,0,7.5,0,7.5,0
225150,38.5,38.5,0,38.5,0,38.5,0,38.5,0,38.5,0,38.5,0,38.5,0,38.5,0,38.5,0,38.5,0
225153,45,45,0,45,0,45,0,45,0,45,0,,,,,,,,,,
225155,98,98,0,98,0,98,0,98,0,98,0,98,0,98,0,98,0,,,,
225156,98,98,0,98,0,98,0,98,0,98,0,98,0,98,0,98,0,,,,
225157,49.6,49.6,0,49.6,0,62,-0.2,62,-0.2,62,-0.2,62,-0.2,62,-0.2,,,,,,
225158,49.6,49.6,0,49.6,0,62,-0.2,62,-0.2,62,-0.2,62,-0.2,62,-0.2,62,-0.2,,,,
225159,,,,,,,,,,,,,,,,,,,,,
225163,111,111,0,111,0,111,0,111,0,111,0,100,0.11,100,0.11,100,0.11,,,,
225164,,,,,,,,,,,,,,,,,,,,,
225177,7.5,7.5,0,7.5,0,7.5,0,7.5,0,7.5,0,7.5,0,7.5,0,7.5,0,7.5,0,7.5,0
225183,6.3,6.3,0,6.3,0,6.3,0,6.3,0,6.3,0,6.3,0,8.4,-0.25,8.4,-0.25,,,,
225184,21,21,0,21,0,21,0,21,0,21,0,21,0,21,0,21,0,,,,
225185,7.5,7.5,0,7.5,0,7.5,0,7.5,0,7.5,0,7.5,0,7.5,0,7.5,0,7.5,0,7.5,0
225186,21,21,0,21,0,21,0,21,0,21,0,21,0,,,21,0,,,,
225193,7.5,7.5,0,7.5,0,7.5,0,7.5,0,7.5,0,7.5,0,7.5,0,7.5,0,7.5,0,7.5,0
225194,8,8,0,8,0,8,0,8,0,8,0,8,0,8,0,8,0,8,0,8,0
225195,,,,,,,,,,,,,,,,,,,,,
225196,36,36,0,36,0,36,0,36,0,36,0,36,0,36,0,36,0,,,,
225198,36,36,0,36,0,36,0,36,0,36,0,36,0,36,0,36,0,,,,
225199,,,,,,,,,,,,,,,,,,,,,
225200,36,36,0,36,0,36,0,36,0,36,0,36,0,36,0,36,0,,,,
225201,36,36,0,36,0,36,0,36,0,36,0,36,0,36,0,36,0,,,,
225202,36,36,0,36,0,36,0,36,0,36,0,36,0,36,0,36,0,,,,
225203,36,36,0,36,0,36,0,36,0,36,0,36,0,36,0,36,0,,,,
225204,36,36,0,36,0,36,0,36,0,36,0,36,0,36,0,36,0,,,,
225205,36,36,0,36,0,36,0,36,0,36,0,36,0,36,0,36,0,,,,
225206,36,36,0,36,0,36,0,36,0,36,0,36,0,36,0,36,0,,,,
225208,36,36,0,36,0,36,0,36,0,36,0,36,0,36,0,36,0,,,,
225209,36,36,0,36,0,36,0,36,0,36,0,36,0,36,0,36,0,,,,
225210,36,36,0,36,0,36,0,36,0,36,0,36,0,36,0,36,0,,,,
225211,36,36,0,36,0,36,0,36,0,36,0,36,0,36,0,36,0,,,,
225212,36,36,0,36,0,36,0,36,0,36,0,36,0,36,0,36,0,,,,
225214,36,36,0,36,0,36,0,36,0,36,0,36,0,36,0,36,0,,,,
225216,36,36,0,36,0,36,0,36,0,36,0,36,0,36,0,36,0,,,,
225217,,,,,,,,,,,,,,,,,,,,,
225218,36,36,0,36,0,36,0,36,0,36,0,36,0,36,0,36,0,,,,
225219,36,36,0,36,0,36,0,36,0,36,0,36,0,36,0,36,0,,,,
225220,36,36,0,36,0,36,0,36,0,36,0,36,0,36,0,36,0,,,,
225221,36,36,0,36,0,36,0,36,0,36,0,36,0,36,0,36,0,,,,
225222,81,81,0,81,0,81,0,81,0,81,0,81,0,81,0,81,0,,,,
225224,46.2,46.2,0,46.2,0,66,-0.3,46.2,0,46.2,0,66,-0.3,66,-0.3,,,,,,
225225,45,45,0,45,0,45,0,45,0,45,0,45,0,45,0,45,0,,,45,0
225226,81,81,0,81,0,81,0,81,0,81,0,81,0,81,0,81,0,,,,
225227,81,81,0,81,0,81,0,81,0,81,0,81,0,81,0,81,0,,,,
225228,81,81,0,81,0,81,0,81,0,81,0,81,0,81,0,81,0,,,,
225229,81,81,0,81,0,81,0,81,0,81,0,81,0,81,0,81,0,,,,
225230,81,81,0,81,0,81,0,81,0,81,0,81,0,81,0,81,0,,,,
225401,4.5,4.5,0,4.5,0,4.5,0,4.5,0,4.5,0,4.5,0,4.5,0,4.5,0,3.7,0.216,3.7,0.216
225505,,,,,,,,,,,,,,,,,,,,,
225506,,,,,,,,,,,,,,,,,,,,,
225510,35.5,35.5,0,35.5,0,35.5,0,35.5,0,35.5,0,39.5,-0.101,39.5,-0.101,39.5,-0.101,39.5,-0.101,39.5,-0.101
225517,15.5,15.5,0,15.5,0,15.5,0,15.5,0,15.5,0,15.5,0,,,15.5,0,15.5,0,15.5,0
225531,,,,,,,,,,,,,,,,,,,,,
225557,61,61,0,61,0,,,61,0,61,0,61,0,,,61,0,61,0,61,0
225580,19.8,19.8,0,19.8,0,19.8,0,19.8,0,19.8,0,19.8,0,19.8,0,36,-0.45,,,32,-0.381
225581,12.4,12.4,0,12.4,0,,,12.4,0,12.4,0,12.4,0,12.4,0,15,-0.173,15,-0.173,,
225582,46,46,0,46,0,46,0,46,0,,,46,0,44,0.0455,44,0.0455,,,,
225585,,,,,,,,,,,,,,,,,,,,,
225595,33,33,0,33,0,33,0,33,0,33,0,33,0,33,0,33,0,,,,
225596,33,33,0,33,0,33,0,33,0,33,0,33,0,33,0,33,0,,,,
225597,34,34,0,34,0,34,0,34,0,34,0,34,0,34,0,34,0,,,,
225598,,,,,,,,,,,,,,,,,,,,,
225599,48,48,0,48,0,48,0,48,0,,,48,0,48,0,48,0,,,,
225630,33.5,33.5,0,33.5,0,33.5,0,33.5,0,33.5,0,33.5,0,33.5,0,33.5,0,33.5,0,33.5,0
225673,36,36,0,36,0,36,0,36,0,36,0,36,0,36,0,36,0,36,0,36,0
225681,33.5,33.5,0,33.5,0,33.5,0,33.5,0,33.5,0,33.5,0,33.5,0,33.5,0,33.5,0,33.5,0
225690,,,,,,,,,,,,,,,,,,,,,
225703,11,11,0,11,0,11,0,11,0,11,0,11,0,11,0,11,0,11,0,11,0
225789,16.9,16.9,0,16.9,0,16.9,0,16.9,0,16.9,0,16.9,0,,,16.9,0,12.9,0.31,14.5,0.166
225959,14.5,14.5,0,14.5,0,14.5,0,14.5,0,14.5,0,14.5,0,14.5,0,14.5,0,14.5,0,14.5,0
226010,12.6,12.6,0,12.6,0,12.6,0,12.6,0,14.7,-0.143,14.7,-0.143,14.7,-0.143,14.7,-0.143,14.7,-0.143,14.7,-0.143
226014,66,66,0,66,0,66,0,66,0,76.8,-0.141,76.8,-0.141,76.8,-0.141,76.8,-0.141,76.8,-0.141,76.8,-0.141
226018,14.4,14.4,0,14.4,0,14.4,0,14.4,0,15,-0.04,,,15,-0.04,15,-0.04,15,-0.04,15,-0.04
226019,14.4,14.4,0,14.4,0,14.4,0,14.4,0,15,-0.04,,,15,-0.04,15,-0.04,15,-0.04,15,-0.04
226020,57.6,57.6,0,57.6,0,57.6,0,57.6,0,,,,,59,-0.0237,,,,,,
226021,59,59,0,59,0,59,0,57.6,0.0243,50,0.18,59,0,59,0,59,0,59,0,,
226022,28,28,0,28,0,28,0,,,,,28,0,28,0,28,0,28,0,28,0
226023,,,,,,,,,,,,,,,,,,,,,
226024,18.6,18.6,0,18.6,0,18.6,0,18.6,0,18.6,0,18.6,0,18.6,0,18.6,0,18.6,0,18.6,0
226026,15.6,15.6,0,15.6,0,15.6,0,15.6,0,15.6,0,15.6,0,15.6,0,15.6,0,15.6,0,15.6,0
226027,21.6,21.6,0,21.6,0,21.6,0,21.6,0,21.6,0,21.6,0,21.6,0,21.6,0,21.6,0,21.6,0
226477,52.5,52.5,0,52.5,0,52.5,0,41,0.28,41,0.28,41,0.28,41,0.28,41,0.28,41,0.28,41,0.28
226700,,,,,,,,,,,,,,,,,,,,,
226877,,,,,,,,,,,,,,,,,,,,,
226998,,,,,,,,,,,,,,,,,,,,,
227094,,,,,,,,,,,,,,,,,,,,,
227095,19.7,18.3,0.0765,18.3,0.0765,18.3,0.0765,18.3,0.0765,18.7,0.0535,17.9,0.101,17.9,0.101,17.9,0.101,22.3,-0.117,22.3,-0.117
227096,148,148,0,148,0,148,0,118,0.25,118,0.25,148,0,148,0,185,-0.199,228,-0.351,228,-0.351
227098,60,60,0,60,0,60,0,60,0,60,0,60,0,,,60,0,,,,
227100,110,110,0,110,0,110,0,110,0,110,0,110,0,110,0,110,0,110,0,110,0
227101,,,,,,,,,,,,,,,,,,,,,
227103,,,,,,,,,,,,,,,,,,,,,
227104,195,195,0,195,0,195,0,195,0,195,0,195,0,250,-0.22,250,-0.22,225,-0.133,239,-0.184
227105,195,195,0,195,0,195,0,195,0,195,0,195,0,250,-0.22,250,-0.22,225,-0.133,239,-0.184
227109,158,158,0,158,0,158,0,158,0,158,0,158,0,158,0,158,0,158,0,158,0
227112,31,31,0,31,0,31,0,31,0,31,0,31,0,31,0,31,0,31,0,31,0
227113,31,31,0,31,0,31,0,31,0,31,0,,,31,0,31,0,31,0,31,0
227122,31.9,31.9,0,31.9,0,31.9,0,29.9,0.0669,29.9,0.0669,29.9,0.0669,28.9,0.104,,,35.9,-0.111,45.5,-0.299
227124,27,27,0,27,0,27,0,27,0,27,0,27,0,27,0,27,0,,,27,0
227128,,,,,,,,,,,,,,,,,,,,,
227130,,,,,,,,,,,,,,,,,,,,,
227134,,,,,,,,,,,,,,,,,,,,,
227135,15.5,15.5,0,15.5,0,15.5,0,14,0.107,14,0.107,14,0.107,14,0.107,14,0.107,14,0.107,14,0.107
227136,15.5,15.5,0,15.5,0,15.5,0,14,0.107,14,0.107,14,0.107,14,0.107,14,0.107,14,0.107,14,0.107
227141,,,,,,,,,,,,,,,,,,,,,
227142,100,100,0,100,0,143,-0.3,143,-0.3,143,-0.3,143,-0.3,143,-0.3,143,-0.3,143,-0.3,,
227143,232,232,0,232,0,232,0,232,0,232,0,232,0,232,0,232,0,232,0,,
227144,,,,,,,,,,,,,,,,,,,,,
227146,,,,,,,,,,,,,,,,,,,,,
227147,,,,,,,,,,,,,,,,,,,,,
227148,179,179,0,179,0,179,0,179,0,179,0,179,0,179,0,244,-0.265,244,-0.265,214,-0.163
227149,179,179,0,179,0,179,0,179,0,179,0,,,179,0,244,-0.265,244,-0.265,214,-0.163
227150,179,179,0,179,0,179,0,179,0,179,0,179,0,179,0,216,-0.17,216,-0.17,214,-0.163
227156,,,,,,,,,,,,,,,,,,,,,
227157,60.5,60.5,0,60.5,0,60.5,0,60.5,0,60.5,0,60.5,0,60.5,0,60.5,0,60.5,0,,
227158,87.5,87.5,0,87.5,0,87.5,0,87.5,0,87.5,0,87.5,0,87.5,0,87.5,0,87.5,0,98.3,-0.11
227159,64,64,0,64,0,64,0,64,0,64,0,64,0,64,0,64,0,64,0,68.3,-0.063
227160,36.8,36.8,0,36.8,0,36.8,0,36.8,0,36.8,0,36.8,0,36.8,0,36.8,0,36.8,0,40,-0.08
227162,43.3,43.3,0,43.3,0,43.3,0,43.3,0,43.3,0,43.3,0,43.3,0,43.3,0,43.3,0,46.5,-0.0688
227163,43.3,43.3,0,43.3,0,43.3,0,43.3,0,43.3,0,43.3,0,43.3,0,43.3,0,43.3,0,46.5,-0.0688
227164,38.9,38.9,0,38.9,0,38.9,0,38.9,0,38.9,0,38.9,0,38.9,0,38.9,0,38.9,0,41.9,-0.0716
227165,38.9,38.9,0,38.9,0,38.9,0,38.9,0,38.9,0,38.9,0,38.9,0,38.9,0,38.9,0,41.9,-0.0716
227166,47.5,47.5,0,47.5,0,47.5,0,47.5,0,47.5,0,47.5,0,47.5,0,60.5,-0.215,60.5,-0.215,65.8,-0.278
227167,87.5,87.5,0,87.5,0,87.5,0,87.5,0,87.5,0,87.5,0,87.5,0,87.5,0,87.5,0,98.3,-0.11
227168,87.5,87.5,0,87.5,0,87.5,0,87.5,0,87.5,0,87.5,0,87.5,0,87.5,0,87.5,0,98.3,-0.11
227169,60.5,60.5,0,60.5,0,60.5,0,60.5,0,60.5,0,60.5,0,60.5,0,60.5,0,60.5,0,65.8,-0.0805
227172,47.5,47.5,0,47.5,0,47.5,0,47.5,0,47.5,0,47.5,0,47.5,0,60.5,-0.215,60.5,-0.215,,
227174,9.6,9.6,0,9.6,0,9.6,0,9.6,0,10,-0.04,10,-0.04,10,-0.04,,,10,-0.04,,
227176,57.6,57.6,0,57.6,0,57.6,0,50.4,0.143,,,,,44,0.309,,,57.6,0,,
227179,10.2,10.2,0,14.4,-0.292,14.4,-0.292,14.4,-0.292,14.4,-0.292,14.4,-0.292,11,-0.0727,,,14.4,-0.292,11.5,-0.113
227182,18.6,18.6,0,18.6,0,18.6,0,18.6,0,19.2,-0.0312,,,,,,,19.2,-0.0312,19.2,-0.0312
227183,90,90,0,90,0,90,0,90,0,90,0,64.9,0.387,64.9,0.387,64.9,0.387,64.9,0.387,64.9,0.387
227487,180,180,0,180,0,180,0,180,0,180,0,169,0.0651,169,0.0651,171,0.0502,171,0.0502,171,0.0502
227702,,,,,,,,,,,,,,,,,,,,,
227712,140,140,0,140,0,140,0,140,0,140,0,140,0,140,0,159,-0.12,189,-0.26,224,-0.374
227785,63,63,0,63,0,63,0,63,0,61.9,0.0178,61.9,0.0178,61.9,0.0178,66.2,-0.0483,66.2,-0.0483,66.2,-0.0483
227786,,,,,,,,,,,,,,,,,,,,,
227787,,,,,,,,,,,,,,,,,,,,,
227791,,,,,,,,,,,,,,,,,,,,,
227819,,,,,,,,,,,,,,,,,,,,,
227820,125,125,0,125,0,,,125,0,125,0,125,0,125,0,158,-0.209,158,-0.209,158,-0.209
227830,,,,,,,,,,,,,,,,,,,,,
227838,,,,,,,,,,,,,,,,,,,,,
227878,23,23,0,23,0,23,0,23,0,23,0,29,-0.207,29,-0.207,29,-0.207,29,-0.207,36.6,-0.372
227919,8.5,8.5,0,8.5,0,8.5,0,8.5,0,,,,,,,8.9,-0.0449,11.5,-0.261,11.5,-0.261
227930,,,,,,,,,,,,,,,,,,,,,
227951,,,,,,,,,,,,,,,,,,,,,
228011,99,99,0,99,0,99,0,99,0,99,0,75.9,0.304,75.9,0.304,75.9,0.304,,,75.9,0.304
228012,99,99,0,99,0,99,0,99,0,99,0,75.9,0.304,75.9,0.304,75.9,0.304,,,,
228014,,,,,,,,,,,,,,,,,,,,,
228015,19.5,19.5,0,19.5,0,19.5,0,19.5,0,19.5,0,19.5,0,19.5,0,19.5,0,,,19.5,0
228016,,,,,,,,,,,,,,,,,,,,,
228023,,,,,,,,,,,,,,,,,,,,,
228028,14,14,0,14,0,14,0,14,0,14,0,14,0,14,0,14,0,14,0,14,0
228032,75,75,0,75,0,75,0,75,0,75,0,75,0,75,0,75,0,75,0,75,0
228033,75,75,0,75,0,75,0,75,0,75,0,75,0,75,0,75,0,75,0,75,0
228034,66.4,66.4,0,66.4,0,83,-0.2,83,-0.2,83,-0.2,83,-0.2,83,-0.2,83,-0.2,83,-0.2,83,-0.2
228035,36,36,0,36,0,36,0,36,0,36,0,36,0,36,0,36,0,36,0,,
228037,36,36,0,36,0,36,0,36,0,36,0,36,0,36,0,36,0,36,0,,
228038,36,36,0,36,0,36,0,36,0,36,0,36,0,36,0,36,0,,,36,0
228039,,,,,,,,,,,,,,,,,,,,,
228040,36,36,0,36,0,36,0,36,0,36,0,36,0,36,0,36,0,36,0,,
228041,36,36,0,36,0,36,0,36,0,36,0,36,0,36,0,36,0,36,0,,
228042,36,36,0,36,0,36,0,36,0,36,0,36,0,36,0,36,0,36,0,,
228043,160,160,0,160,0,160,0,160,0,160,0,160,0,170,-0.0588,170,-0.0588,170,-0.0588,178,-0.101
228045,160,160,0,160,0,160,0,160,0,160,0,160,0,170,-0.0588,170,-0.0588,170,-0.0588,178,-0.101
228049,9.7,9.7,0,9.7,0,9.7,0,9.7,0,9.7,0,9.7,0,9.7,0,9.7,0,12.9,-0.248,12.5,-0.224
228052,,,,,,,,,,,,,,,,,,,,,
228056,21,21,0,21,0,21,0,21,0,,,,,,,,,26.1,-0.195,26.1,-0.195
228057,21,21,0,21,0,21,0,21,0,,,,,,,,,26.1,-0.195,26.1,-0.195
228058,,,,,,,,,,,,,,,,,,,,,
228059,21,21,0,21,0,21,0,21,0,,,,,,,,,26.1,-0.195,26.1,-0.195
228061,,,,,,,,,,,,,,,,,,,,,
228062,,,,,,,,,,,,,,,,,,,,,
228063,,,,,,,,,,,,,,,,,,,,,
228071,,,,,,,,,,,,,,,,,,,,,
228083,75,75,0,75,0,75,0,75,0,75,0,63.5,0.181,60,0.25,60,0.25,60,0.25,93,-0.194
228084,6.1,6.1,0,6.1,0,6.1,0,6.1,0,6.1,0,6.1,0,6.6,-0.0758,6.6,-0.0758,6.6,-0.0758,6.6,-0.0758
228085,15.7,15.7,0,15.7,0,15.7,0,15.7,0,15.7,0,15.7,0,,,15.8,-0.00633,15.8,-0.00633,,
228086,31,31,0,31,0,31,0,31,0,31,0,31,0,,,31,0,25.7,0.206,,
228088,25.5,25.5,0,25.5,0,25.5,0,35.9,-0.29,35.9,-0.29,35.9,-0.29,35.9,-0.29,35.9,-0.29,35.9,-0.29,30.9,-0.175
228089,21,21,0,,,,,21,0,21,0,21,0,,,21,0,21,0,21,0
228090,21,21,0,21,0,21,0,21,0,21,0,21,0,21,0,21,0,21,0,21,0
228091,,,,,,,,,,,,,,,,,,,,,
228093,63,63,0,63,0,63,0,63,0,63,0,63,0,63,0,,,,,,
228096,63,63,0,63,0,63,0,63,0,63,0,63,0,63,0,60.9,0.0345,,,,
228097,45,45,0,45,0,45,0,45,0,45,0,45,0,45,0,43.5,0.0345,,,,
228098,63,63,0,63,0,63,0,63,0,63,0,63,0,63,0,60.9,0.0345,55.9,0.127,,
228099,45,45,0,45,0,45,0,45,0,45,0,45,0,45,0,43.5,0.0345,,,,
228101,36,36,0,36,0,36,0,36,0,36,0,36,0,36,0,36,0,,,,
228102,36,36,0,36,0,36,0,36,0,36,0,36,0,36,0,,,,,,
228113,18.9,18.9,0,18.9,0,18.9,0,18.9,0,18.9,0,18.9,0,18.9,0,31.9,-0.408,26,-0.273,32.8,-0.424
228114,7.5,7.5,0,7.5,0,7.5,0,10.9,-0.312,10.9,-0.312,10.9,-0.312,10.9,-0.312,10.9,-0.312,,,,
228115,11,11,0,11,0,11,0,11,0,11,0,16.4,-0.329,16.4,-0.329,16.4,-0.329,16.4,-0.329,16.4,-0.329
228119,,,,,,,,,,,,,,,,,,,,,
228120,19,19,0,19,0,19,0,19,0,19,0,19,0,19,0,20,-0.05,20,-0.05,20,-0.05
228121,19,19,0,19,0,19,0,19,0,19,0,19,0,19,0,20,-0.05,20,-0.05,20,-0.05
228122,19,19,0,19,0,19,0,19,0,19,0,19,0,19,0,20,-0.05,20,-0.05,20,-0.05
228123,,,,,,,,,,,,,,,,,,,,,
228126,60.5,60.5,0,60.5,0,60.5,0,60.5,0,60.5,0,60.5,0,60.5,0,60.5,0,60.5,0,,
228127,47.5,47.5,0,47.5,0,47.5,0,47.5,0,47.5,0,47.5,0,47.5,0,60.5,-0.215,60.5,-0.215,65.8,-0.278
228128,47.5,47.5,0,47.5,0,47.5,0,47.5,0,47.5,0,47.5,0,47.5,0,60.5,-0.215,60.5,-0.215,65.8,-0.278
228129,87.5,87.5,0,87.5,0,87.5,0,87.5,0,87.5,0,87.5,0,87.5,0,87.5,0,87.5,0,,
228130,87.5,87.5,0,87.5,0,87.5,0,87.5,0,87.5,0,87.5,0,87.5,0,,,87.5,0,98.3,-0.11
228131,87.5,87.5,0,87.5,0,87.5,0,87.5,0,87.5,0,87.5,0,87.5,0,87.5,0,87.5,0,98.3,-0.11
228132,59.4,59.4,0,59.4,0,59.4,0,59.4,0,59.4,0,59.4,0,59.4,0,59.4,0,59.4,0,64.5,-0.0791
228134,36.8,36.8,0,36.8,0,36.8,0,36.8,0,36.8,0,36.8,0,36.8,0,36.8,0,36.8,0,40,-0.08
228137,,,,,,,,,,,,,,,,,,,,,
228139,9.7,9.7,0,14.6,-0.336,14.6,-0.336,14.6,-0.336,14.6,-0.336,14.6,-0.336,14.6,-0.336,14.6,-0.336,14.6,-0.336,,
228140,,,,,,,,,,,,,,,,,,,,,
228142,32,32,0,32,0,32,0,32,0,32,0,32,0,24.6,0.301,32,0,,,,
228143,24.8,24.8,0,32,-0.225,32,-0.225,32,-0.225,32,-0.225,32,-0.225,24.6,0.00813,32,-0.225,,,,
228144,38.7,38.7,0,47,-0.177,47,-0.177,47,-0.177,47,-0.177,47,-0.177,47,-0.177,47,-0.177,47,-0.177,,
228145,117,117,0,117,0,,,102,0.147,102,0.147,102,0.147,102,0.147,102,0.147,139,-0.158,139,-0.158
228146,7.5,7.5,0,7.5,0,7.5,0,7.5,0,7.5,0,7.5,0,7.5,0,7.5,0,7.5,0,7.5,0
228147,7.5,7.5,0,7.5,0,7.5,0,7.5,0,7.5,0,7.5,0,7.5,0,7.5,0,7.5,0,7.5,0
228148,7.5,7.5,0,7.5,0,7.5,0,7.5,0,7.5,0,7.5,0,7.5,0,7.5,0,7.5,0,7.5,0
228149,34,34,0,34,0,34,0,34,0,34,0,34,0,34,0,34,0,,,34,0
228151,34,34,0,34,0,34,0,34,0,34,0,34,0,34,0,34,0,,,34,0
228152,34,34,0,34,0,34,0,34,0,34,0,34,0,34,0,34,0,,,34,0
228153,21,21,0,21,0,21,0,21,0,21,0,21,0,21,0,21,0,21,0,21,0
228154,7.5,7.5,0,7.5,0,7.5,0,10.5,-0.286,10.5,-0.286,10.5,-0.286,10.5,-0.286,10.5,-0.286,10.5,-0.286,10.5,-0.286
228155,,,,,,,,,,,,,,,,,,,,,
228156,11,11,0,11,0,11,0,16,-0.312,16,-0.312,16,-0.312,16,-0.312,16,-0.312,16,-0.312,16,-0.312
228157,7.5,7.5,0,7.5,0,7.5,0,7.5,0,7.5,0,10.9,-0.312,10.9,-0.312,10.9,-0.312,10.9,-0.312,,
228158,11,11,0,,,11,0,11,0,11,0,16.4,-0.329,16.4,-0.329,16.4,-0.329,16.4,-0.329,,
228161,,,,,,,,,,,,,,,,,,,,,
228162,,,,,,,,,,,,,,,,,,,,,
228163,,,,,,,,,,,,,,,,,,,,,
228164,,,,,,,,,,,,,,,,,,,,,
228165,,,,,,,,,,,,,,,,,,,,,
228166,,,,,,,,,,,,,,,,,,,,,
228167,,,,,,,,,,,,,,,,,,,,,
228169,33,33,0,33,0,33,0,33,0,33,0,33,0,,,33,0,,,33,0
228175,,,,,,,,,,,,,,,,,,,,,
228178,98,98,0,98,0,98,0,98,0,98,0,98,0,98,0,98,0,98,0,98,0
228179,62,62,0,62,0,62,0,62,0,62,0,62,0,62,0,62,0,62,0,62,0
228180,62,62,0,62,0,62,0,62,0,62,0,62,0,62,0,62,0,62,0,62,0
228181,98,98,0,98,0,98,0,98,0,98,0,98,0,98,0,98,0,98,0,98,0
228182,78,78,0,78,0,78,0,78,0,78,0,78,0,78,0,78,0,78,0,78,0
228183,83,83,0,83,0,83,0,83,0,83,0,83,0,83,0,83,0,83,0,83,0
228185,,,,,,,,,,,,,,,,,,,,,
228186,,,,,,,,,,,,,,,,,,,,,
228187,,,,,,,,,,,,,,,,,,,,,
228188,,,,,,,,,,,,,,,,,,,,,
228189,,,,,,,,,,,,,,,,,,,,,
228190,,,,,,,,,,,,,,,,,,,,,
228191,31.9,31.9,0,,,,,,,,,,,,,,,,,,
228193,63.8,63.8,0,,,,,63.5,0.00472,,,,,,,63.5,0.00472,63.5,0.00472,,
228202,68.3,68.3,0,68.3,0,68.3,0,68.3,0,68.3,0,68.3,0,68.3,0,100,-0.317,,,,
228203,,,,,,,,,,,,,,,,,,,,,
228204,68.3,68.3,0,68.3,0,68.3,0,68.3,0,,,68.3,0,68.3,0,100,-0.317,,,,
228205,,,,,,,,,,,,,,,,,,,,,
228221,266,266,0,266,0,266,0,266,0,266,0,200,0.333,266,0,266,0,266,0,,
228223,27.5,27.5,0,27.5,0,27.5,0,27.5,0,27.5,0,24.8,0.109,24.8,0.109,22.9,0.201,22.9,0.201,22.9,0.201
228224,18.2,18.2,0,18.2,0,18.2,0,18.2,0,18.2,0,16.4,0.11,16.4,0.11,14.3,0.273,14.3,0.273,14.3,0.273
228225,17.5,17.5,0,17.5,0,17.5,0,17.5,0,17.5,0,,,,,,,,,,
228226,7.8,7.8,0,7.8,0,7.8,0,7.8,0,7.8,0,7,0.114,7,0.114,,,,,6.2,0.258
228228,32.5,32.5,0,32.5,0,32.5,0,32.5,0,32.5,0,28.7,0.132,28.7,0.132,27.3,0.19,27.3,0.19,27.3,0.19
228229,40,40,0,40,0,40,0,40,0,40,0,36.5,0.0959,36.5,0.0959,36.5,0.0959,48.9,-0.182,48.9,-0.182
228231,61,61,0,61,0,61,0,61,0,61,0,55.5,0.0991,55.5,0.0991,,,69.4,-0.121,69.4,-0.121
228233,63.8,63.8,0,,,,,63.8,0,,,,,63.8,0,63.8,0,63.8,0,63.8,0
228239,40.8,40.8,0,40.8,0,40.8,0,40.8,0,40.8,0,40.8,0,40.8,0,,,40.8,0,40.8,0
228240,40.8,40.8,0,40.8,0,40.8,0,40.8,0,40.8,0,40.8,0,40.8,0,40.8,0,40.8,0,40.8,0
228241,19.3,19.3,0,20,-0.035,20,-0.035,19.3,0,19.3,0,27,-0.285,27,-0.285,27,-0.285,19.5,-0.0103,27,-0.285
228242,69.7,69.7,0,90,-0.226,90,-0.226,69.7,0,69.7,0,90,-0.226,73.4,-0.0504,90,-0.226,,,100,-0.303
228243,97.6,97.6,0,126,-0.225,126,-0.225,91.5,0.0667,91.5,0.0667,126,-0.225,103,-0.0506,126,-0.225,140,-0.303,,
228244,34.4,34.4,0,45,-0.236,45,-0.236,36.5,-0.0575,36.5,-0.0575,45,-0.236,45,-0.236,45,-0.236,45,-0.236,45,-0.236
228245,,,,,,,,,,,,,,,,,,,,,
228246,,,,,,,,,,,,,,,,,,,,,
228247,,,,,,,,,,,,,,,,,,,,,
228248,38.7,38.7,0,38.7,0,38.7,0,38.7,0,38.7,0,38.7,0,38.7,0,38.7,0,38.7,0,38,0.0184
228250,38.7,38.7,0,38.7,0,38.7,0,38.7,0,38.7,0,38.7,0,38.7,0,38.7,0,38.7,0,38,0.0184
228271,188,188,0,188,0,188,0,188,0,188,0,188,0,,,,,,,,
228280,143,143,0,143,0,143,0,143,0,143,0,143,0,114,0.25,,,,,,
228283,143,143,0,143,0,143,0,143,0,143,0,143,0,114,0.25,,,,,,
228284,143,143,0,143,0,143,0,143,0,143,0,143,0,114,0.25,,,,,,
228285,143,143,0,143,0,143,0,143,0,143,0,143,0,114,0.25,,,,,,
228286,143,143,0,143,0,143,0,143,0,143,0,143,0,114,0.25,,,,,,
228288,143,143,0,143,0,143,0,143,0,143,0,143,0,114,0.25,,,,,,
228289,143,143,0,143,0,143,0,143,0,143,0,143,0,114,0.25,,,,,,
228291,167,167,0,167,0,167,0,167,0,167,0,125,0.336,167,0,167,0,167,0,,
228296,,,,,,,,,,,,,,,,,,,,,
228297,,,,,,,,,,,,,,,,,,,,,
228298,21,21,0,21,0,21,0,21,0,21,0,18.6,0.129,18.6,0.129,18.6,0.129,22.2,-0.0541,,
228299,33,33,0,33,0,33,0,33,0,,,,,28.9,0.142,,,35.3,-0.0652,,
228300,,,,,,,,,,,,,,,,,,,,,
228301,,,,,,,,,,,,,,,,,,,,,
228302,33,33,0,33,0,33,0,33,0,33,0,28.3,0.166,23.1,0.429,28.3,0.166,37.1,-0.111,,
228304,21,,,,,,,,,,,,,,,,,22.2,-0.0541,,
228306,68,68,0,68,0,68,0,,,62.5,0.088,68,0,68,0,79,-0.139,85,-0.2,,
228307,,,,,,,,,,,,,,,,,,,,,
228319,57,57,0,57,0,57,0,57,0,57,0,57,0,57,0,57,0,57,0,,
228321,,,,,,,,,,,,,,,,,,,,,
228322,14.8,14.8,0,14.8,0,14.8,0,14.8,0,14.8,0,14.8,0,14.8,0,14.8,0,14.8,0,14,0.0571
228323,11,11,0,11,0,11,0,11,0,11,0,11,0,11,0,11,0,11,0,11,0
228324,14,14,0,14,0,14,0,14,0,,,14,0,14,0,,,14,0,13.5,0.037
228325,,,,,,,,,,,,,,,,,,,,,
228326,,,,,,,,,,,,,,,,,,,,,
228332,105,105,0,105,0,150,-0.3,105,0,105,0,150,-0.3,150,-0.3,150,-0.3,,,150,-0.3
228334,170,170,0,170,0,,,,,170,0,170,0,170,0,170,0,170,0,,
228336,,,,,,,,,,,,,,,,,,,,,
228337,226,226,0,226,0,226,0,226,0,226,0,208,0.0865,208,0.0865,208,0.0865,298,-0.242,298,-0.242
228345,45,45,0,45,0,45,0,45,0,45,0,45,0,45,0,45,0,45,0,,
228347,45,45,0,45,0,45,0,45,0,45,0,45,0,45,0,45,0,45,0,,
228349,45,45,0,45,0,45,0,45,0,45,0,45,0,45,0,45,0,45,0,,
228350,45,45,0,45,0,45,0,,,,,,,45,0,45,0,,,,
228351,45,45,0,45,0,45,0,45,0,45,0,45,0,45,0,45,0,38.5,0.169,,
228352,45,45,0,45,0,45,0,45,0,45,0,45,0,45,0,45,0,45,0,,
228353,45,45,0,45,0,45,0,45,0,45,0,45,0,45,0,45,0,45,0,,
228359,180,180,0,180,0,180,0,169,0.0638,169,0.0638,,,,,,,,,,
228360,36,36,0,36,0,36,0,36,0,36,0,21.6,0.667,36,0,36,0,36,0,,
228361,36,36,0,36,0,36,0,36,0,36,0,21.6,0.667,36,0,36,0,36,0,,
228365,36,36,0,36,0,36,0,36,0,36,0,36,0,36,0,36,0,36,0,,
228366,36,36,0,36,0,36,0,36,0,36,0,36,0,36,0,36,0,36,0,,
228367,36,36,0,36,0,36,0,36,0,36,0,21.6,0.667,36,0,36,0,36,0,,
228368,36,36,0,36,0,36,0,36,0,36,0,36,0,36,0,36,0,36,0,,
228377,,,,,,,,,,,,,,,,,,,,,
228378,2.8,2.8,0,2.8,0,2.8,0,2.8,0,2.8,0,2.8,0,2.8,0,2.8,0,2.8,0,,
228379,15.5,15.5,0,15.5,0,15.5,0,15.5,0,15.5,0,15.5,0,15.5,0,15.5,0,15.5,0,,
228380,14,14,0,,,14,0,14,0,14,0,,,14,0,14,0,14,0,,
228384,,,,,,,,,,,,,,,,,,,,,
228387,19.5,19.5,0,19.5,0,19.5,0,19.5,0,19.5,0,19.5,0,19.5,0,,,,,,
228391,45,45,0,45,0,45,0,45,0,45,0,45,0,45,0,,,,,,
228392,30.3,30.3,0,30.3,0,30.3,0,30.3,0,30.3,0,30.3,0,30.3,0,,,,,,
228393,11.9,11.9,0,15.4,-0.227,15.4,-0.227,15.4,-0.227,15.4,-0.227,15.4,-0.227,15.4,-0.227,15.4,-0.227,16.4,-0.274,,
228394,27.2,27.2,0,27.2,0,27.2,0,27.2,0,27.2,0,27.2,0,27.2,0,27.2,0,29.6,-0.0811,,
228395,,,,,,,,,,,,,,,,,,,,,
228396,27,27,0,27,0,27,0,27,0,27,0,30,-0.1,30,-0.1,,,,,,
228398,60,60,0,60,0,60,0,60,0,60,0,60,0,60,0,60,0,64.3,-0.0669,,
228423,30,30,0,30,0,30,0,30,0,30,0,30,0,,,,,,,,
228441,,,,,,,,,,,,,,,,,,,,,
228450,,,,,,,,,,,,,,,,,,,,,
228452,21,21,0,21,0,21,0,21,0,21,0,21,0,21,0,21,0,18.5,0.135,,
228453,45,45,0,45,0,45,0,45,0,45,0,45,0,45,0,45,0,,,,
228457,50,50,0,50,0,50,0,50,0,50,0,50,0,50,0,50,0,50,0,,
228458,31,31,0,31,0,31,0,31,0,31,0,31,0,31,0,31,0,31,0,,
228459,49,49,0,49,0,49,0,49,0,49,0,49,0,49,0,49,0,,,,
228540,15.5,15.5,0,15.5,0,15.5,0,15.5,0,15.5,0,15.5,0,15.5,0,20,-0.225,20,-0.225,,
228670,28,28,0,28,0,28,0,28,0,28,0,28,0,,,27,0.037,27,0.037,27,0.037
228671,52,52,0,52,0,52,0,52,0,52,0,52,0,52,0,51,0.0196,51,0.0196,,
228673,6.9,6.9,0,6.9,0,6.9,0,6.9,0,6.9,0,6.9,0,,,,,,,,
228725,,,,,,,,,,,,,,,,,,,,,
228771,29.5,29.5,0,,,,,,,,,,,26.5,0.113,33.5,-0.119,33.5,-0.119,33.5,-0.119
228772,45.9,45.9,0,44.5,0.0315,44.5,0.0315,44.5,0.0315,45,0.02,35.9,0.279,35.9,0.279,49.9,-0.0802,49.9,-0.0802,49.9,-0.0802
228780,,,,,,,,,,,,,,,,,,,,,
228810,,,,,,,,,,,,,,,,,,,,,
228834,43.9,43.9,0,43.9,0,43.9,0,43.9,0,,,,,,,,,,,,
228888,,,,,,,,,,,,,,,,,,,,,
228975,65.9,65.9,0,65.9,0,65.9,0,50,0.318,50,0.318,65.9,0,65.9,0,65.9,0,65.9,0,,
228976,17.9,17.9,0,17.9,0,17.9,0,17.9,0,17.9,0,16.9,0.0592,12.7,0.409,17,0.0529,17,0.0529,,
228977,11.2,11.2,0,14.5,-0.228,14.5,-0.228,15.5,-0.277,15.5,-0.277,15.5,-0.277,15.5,-0.277,15.5,-0.277,15.5,-0.277,,
228978,18.9,18.9,0,18.9,0,18.9,0,18.9,0,18.9,0,18.9,0,18.9,0,18.9,0,18.9,0,,
228979,31.6,31.6,0,31.6,0,31.6,0,31.6,0,31.6,0,31.6,0,31.6,0,31.6,0,31.5,0.00317,,
228980,70.6,70.6,0,70.6,0,70.6,0,70.6,0,70.6,0,70.6,0,70.6,0,70.6,0,75,-0.0587,,
228981,16.2,16.2,0,16.2,0,16.2,0,16.2,0,16.2,0,16.2,0,16.2,0,16.2,0,16,0.0125,,
228983,23,23,0,23,0,23,0,23,0,23,0,,,,,23,0,23,0,,
228984,23,23,0,23,0,23,0,23,0,23,0,,,23,0,23,0,23,0,,
228985,23,23,0,23,0,23,0,23,0,23,0,23,0,23,0,23,0,23,0,,
228986,23,23,0,23,0,23,0,23,0,,,,,,,23,0,23,0,,
228989,31.5,31.5,0,30.3,0.0396,30.3,0.0396,30.3,0.0396,30.3,0.0396,25.5,0.235,25.5,0.235,25.5,0.235,,,,
228996,34.1,,,,,,,,,,,,,,,,,,,,
228998,31.5,31.5,0,30.3,0.0396,30.3,0.0396,30.3,0.0396,30.3,0.0396,25.5,0.235,,,25.5,0.235,,,,
229000,31.5,31.5,0,30.3,0.0396,30.3,0.0396,,,,,,,25.5,0.235,25.5,0.235,,,,
229005,32.8,32.8,0,32.3,0.0155,32.3,0.0155,32.3,0.0155,32.3,0.0155,25.5,0.286,25.5,0.286,25.5,0.286,,,,
229006,17,17,0,17,0,17,0,17,0,17,0,17,0,17,0,17,0,17,0,,
229013,14.5,14.5,0,14.5,0,14.5,0,14.5,0,14.5,0,14.5,0,14.5,0,14.5,0,,,,
229014,,,,,,,,,,,,,,,,,,,,,
229016,18,18,0,18,0,18,0,18,0,18,0,18,0,18,0,18,0,18,0,,
229017,47.9,47.9,0,47.9,0,47.9,0,47.9,0,47.9,0,47.9,0,47.9,0,46.2,0.0368,50.9,-0.0589,,
229018,100,100,0,100,0,100,0,100,0,100,0,100,0,100,0,100,-0.00299,,,,
229019,18,18,0,18,0,18,0,18,0,18,0,18,0,18,0,18,0,18,0,,
229025,39.4,39.4,0,47.9,-0.177,47.9,-0.177,47.9,-0.177,47.9,-0.177,47.9,-0.177,47.9,-0.177,46.2,-0.147,50.9,-0.226,,
229026,100,100,0,100,0,100,0,100,0,100,0,100,0,100,0,100,0,105,-0.0448,,
229027,18,18,0,18,0,18,0,18,0,18,0,18,0,18,0,18,0,18,0,,
229028,39.4,39.4,0,47.9,-0.177,47.9,-0.177,47.9,-0.177,47.9,-0.177,47.9,-0.177,47.9,-0.177,46.2,-0.147,,,,
229029,100,100,0,100,0,100,0,100,0,100,0,100,0,100,0,100,-0.00299,105,-0.0476,,
229030,18,18,0,18,0,18,0,18,0,18,0,18,0,18,0,18,0,18,0,,
229031,47.9,47.9,0,47.9,0,47.9,0,47.9,0,47.9,0,47.9,0,47.9,0,46.2,0.0368,50.9,-0.0589,,
229033,100,100,0,100,0,100,0,100,0,100,0,100,0,100,0,100,0,,,,
229034,14.7,14.7,0,14.7,0,14.7,0,12,0.225,12,0.225,14.7,0,11.5,0.278,11,0.336,16.8,-0.125,,
229044,405,405,0,405,0,405,0,405,0,405,0,405,0,405,0,,,,,,
229045,440,440,0,440,0,440,0,440,0,440,0,440,0,440,0,,,,,,
229048,207,207,0,207,0,207,0,207,0,207,0,207,0,207,0,207,0,,,,
229049,165,165,0,165,0,165,0,165,0,165,0,165,0,165,0,165,0,,,,
229073,28,28,0,28,0,28,0,28,0,28,0,28,0,28,0,28,0,28,0,28,0
229074,27.9,27.9,0,27.9,0,27.9,0,27.9,0,27.9,0,27.9,0,,,27.9,0,27.9,0,27.9,0
229100,108,108,0,108,0,108,0,108,0,108,0,108,0,108,0,108,0,,,,
229101,108,108,0,108,0,108,0,108,0,108,0,108,0,108,0,108,0,,,,
229102,108,108,0,108,0,108,0,108,0,108,0,108,0,108,0,,,,,,
229103,79,79,0,79,0,,,79,0,79,0,79,0,79,0,,,,,,
229104,,,,,,,,,,,,,,,,,,,,,
229106,79,79,0,79,0,79,0,79,0,79,0,79,0,79,0,79,0,,,,
229107,,,,,,,,,,,,,,,,,,,,,
229108,45,45,0,45,0,45,0,45,0,45,0,45,0,45,0,,,,,,
229111,45,45,0,45,0,45,0,45,0,45,0,45,0,45,0,45,0,,,,
229112,45,45,0,45,0,45,0,45,0,45,0,45,0,45,0,,,,,,
229114,45,45,0,45,0,45,0,45,0,45,0,45,0,45,0,,,,,,
229115,144,144,0,144,0,144,0,144,0,144,0,144,0,144,0,,,,,,
229118,,,,,,,,,,,,,,,,,,,,,
229119,83,83,0,,,83,0,83,0,,,,,,,83,0,,,,
229123,28.7,28.7,0,28.7,0,28.7,0,28.7,0,28.7,0,,,,,,,,,,
229124,57,57,0,57,0,57,0,57,0,57,0,57,0,57,0,,,,,,
229125,,,,,,,,,,,,,,,,,,,,,
229126,,,,,,,,,,,,,,,,,,,,,
229127,144,144,0,144,0,144,0,144,0,144,0,144,0,144,0,144,0,,,,
229131,30,30,0,30,0,30,0,30,0,30,0,30,0,30,0,30,0,,,,
229134,27,27,0,27,0,27,0,27,0,27,0,27,0,27,0,27,0,,,,
229146,,,,,,,,,,,,,,,,,,,,,
229147,80.9,80.9,0,80.9,0,80.9,0,80.9,0,80.9,0,80.9,0,80.9,0,88,-0.0807,91,-0.111,,
229149,80.9,80.9,0,80.9,0,80.9,0,80.9,0,80.9,0,80.9,0,80.9,0,88,-0.0807,91,-0.111,,
229151,106,106,0,106,0,106,0,106,0,106,0,106,0,106,0,113,-0.062,118,-0.102,,
229152,,,,,,,,,,,,,,,,,,,,,
229153,,,,,,,,,,,,,,,,,,,,,
229154,45,45,0,45,0,45,0,45,0,45,0,45,0,45,0,45,0,57,-0.211,,
229155,,,,,,,,,,,,,,,,,,,,,
229157,,,,,,,,,,,,,,,,,,,,,
229158,28,28,0,35.9,-0.22,35.9,-0.22,35.9,-0.22,35.9,-0.22,31.9,-0.122,31.9,-0.122,31.9,-0.122,,,,
229159,18.9,18.9,0,18.9,0,18.9,0,18.9,0,18.9,0,13.5,0.4,16.9,0.118,16.9,0.118,,,,
229160,50.9,50.9,0,50.9,0,50.9,0,50.9,0,50.9,0,45.9,0.109,32.1,0.586,45.9,0.109,,,,
229601,,,,,,,,,,,,,,,,,,,,,
229718,104,104,0,104,0,,,104,0,104,0,104,0,104,0,104,0,99,0.0455,85,0.218
229776,,,,,,,,,,,,,,,,,,,,,
229865,10,10,0,10,0,10,0,10,0,10,0,,,,,10,0,10,0,,
229874,10,10,0,10,0,10,0,10,0,10,0,10,0,10,0,10,0,10,0,10.5,-0.0476
230090,197,197,0,197,0,197,0,197,0,197,0,197,0,,,198,-0.00253,198,-0.00253,179,0.102
230103,191,191,0,191,0,191,0,191,0,191,0,191,0,,,191,0,191,-0.00157,179,0.0682
230200,,,,,,,,,,,,,,,,,,,,,
230219,,,,,,,,,,,,,,,,,,,,,
230260,,,,,,,,,,,,,,,,,,,,,
230278,252,252,0,252,0,252,0,252,0,252,0,252,0,,,252,0,252,0,200,0.265
230324,129,129,0,129,0,129,0,129,0,129,0,129,0,,,129,0,129,0,125,0.0271
230367,129,129,0,129,0,129,0,129,0,129,0,129,0,,,129,0,129,0,125,0.0271
230383,,,,,,,,,,,,,,,,,,,,,
230411,34.1,34.1,0,34.1,0,34.1,0,34.1,0,34.1,0,34.1,0,34.1,0,30.1,0.133,30.1,0.133,30.1,0.133
230421,164,164,0,164,0,164,0,164,0,164,0,164,0,,,,,164,0,152,0.0771
230430,,,,,,,,,,,,,,,,,,,,,
230464,140,140,0,140,0,140,0,140,0,140,0,140,0,,,140,0,140,0,134,0.044
230478,,,,,,,,,,,,,,,,,,,,,
230479,,,,,,,,,,,,,,,,,,,,,
230481,,,,,,,,,,,,,,,,,,,,,
230482,,,,,,,,,,,,,,,,,,,,,
230483,,,,,,,,,,,,,,,,,,,,,
230487,,,,,,,,,,,,,,,,,,,,,
230488,28.8,28.8,0,28.8,0,28.8,0,28.8,0,28.8,0,22.8,0.263,18.2,0.582,22.8,0.263,22.9,0.258,36.9,-0.22
230489,56,56,0,56,0,56,0,56,0,56,0,56,0,56,0,56,0,56,0,56,0
230490,,,,,,,,,,,,,,,,,,,,,
230491,74.9,74.9,0,74.9,0,74.9,0,74.9,0,74.9,0,74.9,0,74.9,0,74.9,0,,,,
230492,74.9,74.9,0,74.9,0,74.9,0,74.9,0,74.9,0,74.9,0,74.9,0,74.9,0,,,,
230493,,,,,,,,,,,,,,,,,,,,,
230494,144,144,0,144,0,144,0,144,0,144,0,144,0,144,0,144,0,144,0,144,0
230495,,,,,,,,,,,,,,,,,,,,,
230498,168,168,0,168,0,168,0,168,0,168,0,,,,,,,,,,
230499,25.6,25.6,0,25.6,0,25.6,0,25.6,0,25.6,0,25.6,0,,,25.6,0,25.6,0,25,0.024
230514,50,50,0,50,0,50,0,50,0,50,0,,,,,39.9,0.253,39.9,0.253,39.9,0.253
230517,,,,,,,,,,,,,,,,,,,,,
230522,,,,,,,,,,,,,,,,,,,,,
230524,16,16,0,16,0,16,0,16,0,16,0,16,0,16,0,18,-0.111,18,-0.111,,
230540,38.9,38.9,0,38.9,0,38.9,0,35.9,0.0836,35.9,0.0836,35.9,0.0836,34.9,0.115,36.9,0.0542,36.9,0.0542,46.9,-0.171
230541,25.9,25.9,0,25.9,0,25.9,0,24.9,0.0402,24.9,0.0402,,,24.9,0.0402,24.9,0.0402,27.9,-0.0717,33,-0.215
230542,32.9,32.9,0,32.9,0,32.9,0,29.9,0.1,29.9,0.1,29.9,0.1,28.9,0.138,33.9,-0.0295,41.9,-0.215,45.5,-0.277
230543,,,,,,,,,,,,,,,,,,,,,
230547,58,58,0,58,0,58,0,58,0,58,0,58,0,58,0,58,0,58,0,58,0
230550,45,45,0,45,0,45,0,45,0,45,0,45,0,45,0,45,0,45,0,45,0
230551,30.3,30.3,0,30.3,0,30.3,0,30.3,0,30.3,0,30.3,0,30.3,0,30.3,0,30.3,0,30.3,0
230552,45,45,0,45,0,45,0,,,,,45,0,45,0,45,0,45,0,45,0
230554,30.3,30.3,0,30.3,0,30.3,0,30.3,0,30.3,0,30.3,0,30.3,0,30.3,0,30.3,0,30.3,0
230555,21.9,21.9,0,26,-0.158,26,-0.158,26,-0.158,26,-0.158,23.6,-0.072,19.3,0.135,23.6,-0.072,30.5,-0.282,25.9,-0.154
230556,26,26,0,26,0,26,0,26,0,26,0,23.6,0.102,,,23.6,0.102,32.3,-0.195,34,-0.235
230558,26,26,0,26,0,26,0,26,0,26,0,23.6,0.102,23.6,0.102,23.6,0.102,34,-0.235,34,-0.235
230559,33,33,0,33,0,33,0,33,0,33,0,28.9,0.142,,,24.6,0.341,27.5,0.2,40,-0.175
230560,33,33,0,33,0,33,0,28,0.179,33,0,28.9,0.142,28.9,0.142,28.9,0.142,37.3,-0.115,39.8,-0.171
230580,6,6,0,6,0,6,0,6,0,,,6,0,6,0,6,0,6,0,6,0
230591,9.2,9.2,0,9.2,0,9.2,0,9.2,0,9.2,0,9.2,0,9.2,0,9.5,-0.0316,8,0.15,8,0.15
230592,,,,,,,,,,,,,,,,,,,,,
230593,,,,,,,,,,,,,,,,,,,,,
230594,,,,,,,,,,,,,,,,,,,,,
230595,9.2,9.2,0,9.2,0,9.2,0,9.2,0,9.2,0,9.2,0,9.2,0,9.5,-0.0316,8,0.15,8,0.15
230597,9.2,9.2,0,9.2,0,9.2,0,9.2,0,9.2,0,9.2,0,9.2,0,9.5,-0.0316,8,0.15,8,0.15
230640,79.2,79.2,0,79.2,0,79.2,0,79.2,0,79.2,0,79.2,0,79.2,0,79.2,0,79.2,0,79.2,0
230641,57,57,0,57,0,57,0,57,0,57,0,57,0,57,0,57,0,57,0,57,0
230643,,,,,,,,,,,,,,,,,,,,,
230645,58.5,58.5,0,58.5,0,58.5,0,58.5,0,58.5,0,58.5,0,58.5,0,58.5,0,,,,
230646,79.8,79.8,0,79.8,0,79.8,0,79.8,0,79.8,0,79.8,0,79.8,0,79.8,0,80,-0.0025,80,-0.0025
230648,13.5,13.5,0,16.5,-0.182,16.5,-0.182,16.5,-0.182,16.5,-0.182,16.5,-0.182,,,18.5,-0.27,18.5,-0.27,20.5,-0.341
230649,,,,,,,,,,,,,,,,,,,,,
230700,,,,,,,,,,,,,,,,,,,,,
230701,40.8,40.8,0,40.8,0,40.8,0,40.8,0,40.8,0,40.8,0,40.8,0,40.8,0,40.8,0,40.8,0
230702,106,106,0,106,0,106,0,106,0,106,0,99.1,0.0737,91.8,0.159,169,-0.369,169,-0.369,169,-0.369
230703,,,,,,,,,,,,,,,,,,,,,
230704,,,,,,,,,,,,,,,,,,,,,
230705,73,73,0,73,0,73,0,73,0,73,0,73,0,,,91.1,-0.199,91.1,-0.199,96.6,-0.244
230811,75,75,0,75,0,75,0,75,0,75,0,75,0,75,0,75,0,75,0,75,0
230850,,,,,,,,,,,,,,,,,,,,,
230851,8,8,0,8,0,8,0,8,0,8,0,8,0,8,0,8,0,8,0,7.8,0.0256
230920,150,150,0,150,0,150,0,150,0,,,,,,,,,,,,
230921,51,51,0,51,0,51,0,51,0,,,,,,,,,,,,
230922,22,22,0,22,0,22,0,22,0,,,,,,,,,,,,
230923,199,199,0,199,0,199,0,199,0,,,,,,,,,,,,
230924,28.8,,,,,,,,,,,,,,,,,,,,
230926,50,50,0,50,0,50,0,50,0,,,,,,,,,,,,
230934,,,,,,,,,,,,,,,,,,,,,
230937,95,95,0,95,0,95,0,,,,,,,,,,,,,,
230938,95,95,0,95,0,95,0,,,,,,,,,,,,,,
230939,95,95,0,95,0,95,0,95,0,,,,,,,,,,,,
230940,30.7,30.7,0,30.7,0,30.7,0,,,,,,,,,,,,,,
230941,30.7,30.7,0,30.7,0,30.7,0,,,,,,,,,,,,,,
230950,,,,,,,,,,,,,,,,,,,,,
231001,27.9,27.9,0,27.9,0,27.9,0,25.9,0.0772,25.9,0.0772,25.9,0.0772,,,27.9,0,31.9,-0.125,39.9,-0.301
231002,27.9,27.9,0,27.9,0,27.9,0,,,,,25.9,0.0772,24.9,0.12,27.9,0,31.9,-0.125,39.9,-0.301
231006,37.9,37.9,0,37.9,0,42.9,-0.117,42.9,-0.117,42.9,-0.117,42.9,-0.117,39.9,-0.0501,39.9,-0.0501,43.5,-0.129,51.9,-0.27
231008,11,11,0,11,0,11,0,9.5,0.158,9.5,0.158,11,0,11,0,11,0,11,0,15.5,-0.29
231009,10,10,0,10,0,10,0,10,0,10,0,10,0,10,0,10,0,10,0,13.9,-0.281
231020,225,225,0,225,0,225,0,225,0,225,0,262,-0.141,324,-0.306,284,-0.208,265,-0.151,295,-0.237
231037,,,,,,,,,,,,,,,,,,,,,
231215,8.8,8.8,0,8.8,0,8.8,0,8.8,0,8.8,0,8.8,0,8.8,0,8.8,0,8.8,0,8.8,0
231258,,,,,,,,,,,,,,,,,,,,,
231445,27,27,0,27,0,27,0,27,0,27,0,27,0,27,0,27.4,-0.0146,27.4,-0.0146,27.4,-0.0146
231510,,,,,,,,,,,,,,,,,,,,,
231511,,,,,,,,,,,,,,,,,,,,,
231512,91,91,0,91,0,91,0,91,0,91,0,91,0,,,,,,,,
231513,110,110,0,110,0,110,0,110,0,110,0,110,0,110,0,,,,,,
231514,110,110,0,110,0,110,0,,,110,0,110,0,,,,,,,,
231515,110,110,0,110,0,110,0,110,0,110,0,110,0,,,,,,,,
231516,14.8,14.8,0,14.8,0,14.8,0,14.8,0,14.8,0,14.8,0,14.8,0,,,,,,
231536,99,99,0,99,0,99,0,99,0,99,0,79.9,0.239,79.9,0.239,,,,,,
231537,,,,,,,,,,,,,,,,,,,,,
231538,,,,,,,,,,,,,,,,,,,,,
231539,,,,,,,,,,,,,,,,,,,,,
231540,,,,,,,,,,,,,,,,,,,,,
231542,,,,,,,,,,,,,,,,,,,,,
231548,,,,,,,,,,,,,,,,,,,,,
231552,13.8,13.8,0,13.8,0,13.8,0,13.8,0,13.8,0,13.8,0,13.8,0,,,,,,
231553,13.8,13.8,0,13.8,0,13.8,0,13.8,0,13.8,0,13.8,0,13.8,0,,,,,,
231554,37.5,37.5,0,37.5,0,37.5,0,37.5,0,37.5,0,37.5,0,37.5,0,,,,,,
231555,92.5,92.5,0,92.5,0,92.5,0,92.5,0,92.5,0,92.5,0,92.5,0,,,,,,
231556,37.5,37.5,0,37.5,0,37.5,0,37.5,0,37.5,0,37.5,0,37.5,0,,,,,,
231565,18.6,18.6,0,18.6,0,18.6,0,18.6,0,18.6,0,18.6,0,,,,,,,,
231569,95,95,0,95,0,95,0,95,0,95,0,95,0,95,0,,,,,,
231570,95,95,0,95,0,95,0,95,0,95,0,,,95,0,,,,,,
231571,95,95,0,95,0,95,0,95,0,95,0,95,0,95,0,,,,,,
231572,19.4,19.4,0,19.4,0,19.4,0,19.4,0,19.4,0,19.4,0,19.4,0,,,,,,
231582,201,201,0,201,0,201,0,201,0,201,0,185,0.0865,185,0.0865,,,,,,
231583,,,,,,,,,,,,,,,,,,,,,
231585,,,,,,,,,,,,,,,,,,,,,
231586,,,,,,,,,,,,,,,,,,,,,
231587,,,,,,,,,,,,,,,,,,,,,
231612,94,94,0,94,0,94,0,94,0,94,0,94,0,94,0,,,,,,
231615,,,,,,,,,,,,,,,,,,,,,
231616,,,,,,,,,,,,,,,,,,,,,
231631,52.5,52.5,0,52.5,0,52.5,0,52.5,0,52.5,0,52.5,0,52.5,0,,,,,,
231632,89.9,89.9,0,89.9,0,89.9,0,89.9,0,89.9,0,89.9,0,89.9,0,,,,,,
231633,89.9,89.9,0,89.9,0,89.9,0,59.9,0.501,59.9,0.501,59.9,0.501,59.9,0.501,,,,,,
231636,,,,,,,,,,,,,,,,,,,,,
231637,89.9,89.9,0,89.9,0,89.9,0,89.9,0,89.9,0,89.9,0,89.9,0,,,,,,
231638,52.5,52.5,0,52.5,0,52.5,0,52.5,0,52.5,0,52.5,0,52.5,0,,,,,,
231639,25.9,25.9,0,25.9,0,25.9,0,24.9,0.0402,24.9,0.0402,24.9,0.0402,,,,,,,,
231640,30,30,0,30,0,30,0,30,0,,,30,0,30,0,,,,,,
231641,,,,,,,,,,,,,,,,,,,,,
231642,,,,,,,,,,,,,,,,,,,,,
231643,,,,,,,,,,,,,,,,,,,,,
231644,,,,,,,,,,,,,,,,,,,,,
231645,9.8,9.8,0,9.8,0,9.8,0,9.8,0,9.8,0,,,,,,,,,,
231646,9,9,0,9,0,9,0,9,0,9,0,,,,,,,,,,
231647,22.5,22.5,0,22.5,0,22.5,0,22.5,0,22.5,0,,,,,,,,,,
231650,29.1,29.1,0,29.1,0,29.1,0,29.1,0,29.1,0,,,,,,,,,,
231652,240,240,0,240,0,240,0,240,0,240,0,240,0,240,0,,,,,,
231653,138,138,0,138,0,138,0,138,0,138,0,138,0,,,,,,,,
231654,215,215,0,215,0,215,0,215,0,215,0,215,0,215,0,,,,,,
231655,46.9,,,,,,,,,,,,,,,,,,,,
231656,30.9,30.9,0,30.9,0,30.9,0,30.9,0,30.9,0,,,,,,,,,,
231658,,,,,,,,,,,,,,,,,,,,,
231660,46.9,46.9,0,46.9,0,46.9,0,45.9,0.0218,45.9,0.0218,,,,,,,,,,
231662,46.9,,,,,,,,,,,,,,,,,,,,
231663,46.9,,,,,,,,,,,,,,,,,,,,
231670,18,18,0,18,0,18,0,18,0,18,0,,,20,-0.1,,,,,,
231671,14,14,0,14,0,14,0,14,0,14,0,,,,,,,,,,
231672,53,53,0,53,0,53,0,53,0,53,0,,,,,,,,,,
231673,46,46,0,46,0,46,0,45.5,0.011,45.5,0.011,55,-0.164,,,,,65,-0.292,65,-0.292
231674,53,53,0,53,0,53,0,53,0,53,0,,,,,,,,,,
231675,80,80,0,80,0,80,0,80,0,80,0,80,0,,,,,,,,
231676,44,44,0,44,0,44,0,44,0,44,0,44,0,,,,,,,,
231677,80,80,0,80,0,80,0,80,0,80,0,80,0,,,,,,,,
231678,44,44,0,44,0,44,0,44,0,44,0,44,0,,,,,,,,
231679,80,80,0,80,0,80,0,80,0,80,0,80,0,80,0,,,,,,
231680,44,44,0,44,0,44,0,44,0,44,0,44,0,,,,,,,,
231681,,,,,,,,,,,,,,,,,,,,,
231691,80,80,0,80,0,80,0,80,0,80,0,80,0,,,,,,,,
231692,53,53,0,53,0,53,0,53,0,53,0,53,0,53,0,,,,,,
231698,,,,,,,,,,,,,,,,,,,,,
231699,46.9,,,,,,,,,,,,,,,,,,,,
231715,190,190,0,190,0,190,0,190,0,190,0,190,0,190,0,,,,,,
231716,195,195,0,195,0,195,0,195,0,195,0,195,0,195,0,,,,,,
231718,143,143,0,143,0,143,0,143,0,143,0,,,,,,,,,,
231730,173,173,0,173,0,173,0,173,0,173,0,173,0,,,,,,,,
231731,143,143,0,143,0,143,0,143,0,143,0,,,,,,,,,,
231734,128,128,0,128,0,128,0,128,0,128,0,,,,,,,,,,
231736,26.5,26.5,0,26.5,0,26.5,0,26.5,0,26.5,0,,,,,,,,,,
231737,26.5,26.5,0,26.5,0,26.5,0,26.5,0,26.5,0,,,,,,,,,,
231739,26.5,26.5,0,26.5,0,26.5,0,26.5,0,26.5,0,,,,,,,,,,
231740,65.9,65.9,0,65.9,0,65.9,0,65.9,0,65.9,0,,,,,,,,,,
231741,65.9,65.9,0,65.9,0,65.9,0,65.9,0,65.9,0,,,,,,,,,,
231742,65.9,65.9,0,65.9,0,65.9,0,65.9,0,65.9,0,,,,,,,,,,
231743,65.9,65.9,0,,,65.9,0,65.9,0,65.9,0,,,,,,,,,,
231744,65.9,65.9,0,65.9,0,65.9,0,65.9,0,65.9,0,,,,,,,,,,
231748,14,14,0,14,0,14,0,14,0,14,0,14,0,,,,,,,,
231749,28,28,0,28,0,28,0,28,0,,,,,,,,,,,,
231755,,,,,,,,,,,,,,,,,,,,,
231756,,,,,,,,,,,,,,,,,,,,,
231757,,,,,,,,,,,,,,,,,,,,,
231758,52.5,52.5,0,52.5,0,52.5,0,52.5,0,52.5,0,,,,,,,,,,
231765,44,44,0,44,0,44,0,44,0,44,0,44,0,,,,,,,,
231798,15.9,15.9,0,15.9,0,15.9,0,15.9,0,15.9,0,,,,,,,,,,
231799,26.2,26.2,0,26.2,0,26.2,0,26.2,0,26.2,0,,,,,,,,,,
231801,26.2,26.2,0,26.2,0,26.2,0,26.2,0,26.2,0,,,,,,,,,,
231802,65.9,65.9,0,65.9,0,65.9,0,65.9,0,65.9,0,,,,,,,,,,
231804,15.9,15.9,0,15.9,0,15.9,0,15.9,0,15.9,0,,,,,,,,,,
231805,15.9,15.9,0,15.9,0,15.9,0,15.9,0,15.9,0,,,,,,,,,,
231806,,,,,,,,,,,,,,,,,,,,,
231818,143,143,0,143,0,143,0,143,0,143,0,,,,,,,,,,
231890,,,,,,,,,,,,,,,,,,,,,
231899,56,56,0,,,56,0,56,0,,,56,0,,,,,,,,
231900,26.2,26.2,0,26.2,0,26.2,0,26.2,0,26.2,0,,,,,,,,,,
231901,26.2,26.2,0,26.2,0,26.2,0,26.2,0,26.2,0,,,,,,,,,,
231902,15.9,15.9,0,15.9,0,15.9,0,15.9,0,,,,,,,,,,,,
231903,15.9,15.9,0,15.9,0,15.9,0,15.9,0,15.9,0,,,,,,,,,,
231920,12,12,0,12,0,12,0,12,0,12,0,,,,,,,,,,
231921,13,13,0,13,0,13,0,13,0,13,0,,,,,,,,,,
231922,24,24,0,24,0,24,0,24,0,24,0,,,,,,,,,,
231923,23,23,0,23,0,23,0,23,0,23,0,,,,,,,,,,
231925,23,23,0,23,0,23,0,23,0,23,0,,,,,,,,,,
231926,23,23,0,23,0,23,0,23,0,23,0,,,,,,,,,,
231927,,,,,,,,,,,,,,,,,,,,,
231929,19,19,0,19.2,-0.0104,19.2,-0.0104,18,0.0556,,,,,,,,,,,,
231930,19,19,0,19.2,-0.0104,19.2,-0.0104,18,0.0556,,,,,,,,,,,,
231931,26.2,26.2,0,26.2,0,26.2,0,26.2,0,26.2,0,,,,,,,,,,
231933,36,36,0,36,0,36,0,36,0,36,0,,,,,,,,,,
232003,20,20,0,20,0,,,20,0,20,0,20,0,20,0,20,0,20,0,20,0
232006,6,6,0,6,0,6,0,6,0,6,0,6,0,,,6,0,6,0,,
232047,80,80,0,80,0,80,0,80,0,,,,,,,,,,,,
232048,80,80,0,80,0,80,0,80,0,,,,,,,,,,,,
232049,80,80,0,80,0,80,0,80,0,,,,,,,,,,,,
232051,80,80,0,80,0,80,0,80,0,,,,,,,,,,,,
232052,80,80,0,80,0,80,0,80,0,,,,,,,,,,,,
232053,80,80,0,80,0,80,0,80,0,,,,,,,,,,,,
232054,80,80,0,80,0,80,0,80,0,,,,,,,,,,,,
232055,98,98,0,98,0,98,0,98,0,,,,,,,,,,,,
232056,144,144,0,144,0,144,0,144,0,,,,,,,,,,,,
232057,83,83,0,83,0,83,0,83,0,,,,,,,,,,,,
232058,62,62,0,62,0,62,0,62,0,,,,,,,,,,,,
232059,78,78,0,78,0,78,0,78,0,,,,,,,,,,,,
232060,98,98,0,98,0,98,0,98,0,,,,,,,,,,,,
232061,62,62,0,62,0,62,0,62,0,,,,,,,,,,,,
232062,180,180,0,180,0,180,0,169,0.0638,169,0.0638,,,,,,,,,,
232064,49.5,49.5,0,49.5,0,49.5,0,49.5,0,,,,,,,,,,,,
232065,35,35,0,35,0,35,0,35,0,,,,,,,,,,,,
232066,35,35,0,35,0,35,0,35,0,,,,,,,,,,,,
232067,35,35,0,35,0,35,0,35,0,,,,,,,,,,,,
232069,35,35,0,35,0,35,0,35,0,,,,,,,,,,,,
232084,150,150,0,150,0,,,,,150,0,150,0,150,0,150,0,150,0,150,0
232234,29.5,29.5,0,29.5,0,29.5,0,29.5,0,29.5,0,29.5,0,29.5,0,29.5,0,29,0.0172,29,0.0172
232235,29,29,0,29,0,29,0,29,0,29,0,29,0,29,0,,,29,0,29,0
232236,24.8,24.8,0,29.3,-0.154,29.3,-0.154,29.3,-0.154,29.3,-0.154,29.3,-0.154,29.3,-0.154,29.3,-0.154,29,-0.145,,
232491,27.4,27.4,0,27.4,0,27.4,0,27.4,0,27.4,0,27.4,0,27.4,0,27.4,0,29.5,-0.0712,29.5,-0.0712
232513,19.5,19.5,0,19.5,0,19.5,0,19.5,0,19.5,0,17,0.147,,,19.9,-0.0201,19.9,-0.0201,21,-0.0714
232750,53.5,53.5,0,53.5,0,53.5,0,53.5,0,53.5,0,53.5,0,53.5,0,53.5,0,,,,
232939,27.4,27.4,0,27.4,0,27.4,0,27.4,0,27.4,0,27.4,0,27.4,0,27.4,0,29.5,-0.0712,29.5,-0.0712
233048,52.8,52.8,0,52.8,0,52.8,0,52.8,0,52.8,0,52.8,0,52.8,0,52.8,0,52.8,0,52.8,0
233137,,,,,,,,,,,,,,,,,,,,,
233471,20,20,0,20,0,20,0,20,0,,,20,0,21,-0.0476,,,21,-0.0476,21,-0.0476
234011,,,,,,,,,,,,,,,,,,,,,
234015,46.9,46.9,0,46.9,0,46.9,0,45.9,0.0218,45.9,0.0218,45.9,0.0218,,,43.8,0.0708,49.9,-0.0601,49.9,-0.0601
234016,55,55,0,55,0,55,0,55,0,55,0,55,0,55,0,55,0,60.9,-0.0969,61,-0.0984
234017,55,55,0,55,0,55,0,55,0,55,0,55,0,55,0,55,0,60.9,-0.0969,61,-0.0984
234018,63,63,0,63,0,63,0,63,0,63,0,63,0,,,63,0,72.9,-0.136,66.9,-0.0583
234019,34.9,34.9,0,34.9,0,34.9,0,34.9,0,34.9,0,34.9,0,32.9,0.0608,32.9,0.0608,36.9,-0.0542,36.9,-0.0542
234020,230,230,0,230,0,,,230,0,230,0,230,0,230,0,231,-0.00433,231,-0.00433,218,0.055
234021,9,9,0,9,0,9,0,9,0,9,0,9,0,9,0,9,0,9,0,9,0
234022,10.5,10.5,0,10.5,0,10.5,0,10.5,0,10.5,0,10.5,0,10.5,0,10.5,0,10.5,0,10.5,0
234023,101,101,0,101,0,144,-0.3,144,-0.3,144,-0.3,144,-0.3,144,-0.3,144,-0.3,144,-0.3,144,-0.3
234024,,,,,,,,,,,,,,,,,,,,,
234025,118,118,0,118,0,118,0,118,0,118,0,118,0,94.4,0.25,118,0,118,0,118,0
234026,118,118,0,118,0,118,0,118,0,118,0,118,0,94.4,0.25,118,0,118,0,,
234043,,,,,,,,,,,,,,,,,,,,,
234044,118,118,0,118,0,118,0,118,0,118,0,118,0,94.4,0.25,118,0,118,0,118,0
234045,,,,,,,,,,,,,,,,,,,,,
234046,140,140,0,140,0,140,0,105,0.333,105,0.333,140,0,112,0.25,,,,,,
234047,140,140,0,140,0,140,0,140,0,140,0,140,0,112,0.25,140,0,140,0,140,0
234048,,,,,,,,,,,,,,,,,,,,,
234049,,,,,,,,,,,,,,,,,,,,,
234053,,,,,,,,,,,,,,,,,,,,,
234060,83,83,0,83,0,83,0,83,0,83,0,83,0,83,0,83,0,83,0,83,0
234061,78.4,78.4,0,78.4,0,98,-0.2,98,-0.2,98,-0.2,98,-0.2,98,-0.2,98,-0.2,98,-0.2,98,-0.2
234062,78.4,78.4,0,78.4,0,98,-0.2,98,-0.2,98,-0.2,98,-0.2,98,-0.2,98,-0.2,98,-0.2,98,-0.2
234063,49.6,49.6,0,49.6,0,62,-0.2,62,-0.2,62,-0.2,62,-0.2,62,-0.2,62,-0.2,62,-0.2,62,-0.2
234064,78,78,0,78,0,78,0,78,0,78,0,78,0,78,0,78,0,78,0,78,0
234066,,,,,,,,,,,,,,,,,,,,,
234067,132,132,0,132,0,132,0,132,0,132,0,132,0,132,0,132,0,132,0,132,0
234068,92,92,0,92,0,92,0,92,0,92,0,92,0,92,0,92,0,92,0,92,0
234069,,,,,,,,,,,,,,,,,,,,,
234070,116,116,0,116,0,116,0,116,0,116,0,116,0,116,0,116,0,116,0,,
234071,110,110,0,110,0,110,0,110,0,110,0,,,110,0,110,0,110,0,110,0
234072,116,116,0,116,0,116,0,116,0,,,,,116,0,116,0,116,0,116,0
234073,,,,,,,,,,,,,,,,,,,,,
234074,116,116,0,116,0,116,0,116,0,116,0,116,0,116,0,116,0,116,0,116,0
234075,,,,,,,,,,,,,,,,,,,,,
234076,,,,,,,,,,,,,,,,,,,,,
234077,,,,,,,,,,,,,,,,,,,,,
234591,,,,,,,,,,,,,,,,,,,,,
234923,,,,,,,,,,,,,,,,,,,,,
234931,31,31,0,31,0,31,0,31,0,,,,,26.4,0.174,26.5,0.17,37.5,-0.173,37.5,-0.173
235013,,,,,,,,,,,,,,,,,,,,,
235180,,,,,,,,,,,,,,,,,,,,,
236415,,,,,,,,,,,,,,,,,,,,,
236900,54,54,0,54,0,54,0,54,0,54,0,54,0,54,0,54,0,54,0,54,0
237124,56,56,0,56,0,56,0,56,0,56,0,59.9,-0.0651,59.9,-0.0651,78.9,-0.29,78.9,-0.29,78.9,-0.29
237171,31,31,0,31,0,31,0,31,0,31,0,31,0,31,0,,,31,0,31,0
237277,40.5,40.5,0,40.5,0,40.5,0,40.5,0,40.5,0,40.5,0,40.5,0,40.5,0,26.9,0.506,26.9,0.506
237507,27.4,27.4,0,27.4,0,27.4,0,27.4,0,27.4,0,27.4,0,27.4,0,27.4,0,27.4,0,27.4,0
238024,,,,,,,,,,,,,,,,,,,,,
238095,36.3,,,,,,,,,,,,,,,,,,,,
238406,150,150,0,150,0,150,0,150,0,130,0.154,130,0.154,99,0.514,130,0.154,,,140,0.0715
238481,43.1,43.1,0,43.1,0,43.1,0,43.1,0,43.1,0,43.1,0,43.1,0,36,0.197,,,,
238562,6,6,0,6,0,6,0,6,0,6,0,6,0,6,0,6,0,6,0,,
238570,6,6,0,6,0,6,0,6,0,6,0,6,0,6,0,6,0,6,0,6,0
238589,6,6,0,6,0,6,0,6,0,6,0,6,0,6,0,6,0,6,0,6,0
238619,20,20,0,20,0,20,0,20,0,,,20,0,20,0,20,0,20,0,20,0
238880,16.8,16.8,0,16.8,0,16.8,0,16.8,0,16.8,0,16.8,0,14.3,0.175,16.8,0,16.8,0,16.8,0
238945,26.7,26.7,0,26.7,0,26.7,0,26.7,0,26.7,0,26.7,0,26.7,0,26.7,0,26,0.0269,26,0.0269
239038,23,23,0,23,0,23,0,23,0,23,0,23,0,23,0,23,0,23,0,23,0
239062,23,23,0,23,0,23,0,23,0,23,0,23,0,23,0,23,0,23,0,23,0
239240,22.7,22.7,0,26,-0.127,26,-0.127,26,-0.127,26,-0.127,26,-0.127,26,-0.127,26,-0.127,26,-0.127,26,-0.127
239259,24,24,0,24,0,24,0,24,0,24,0,24,0,24,0,24,0,24,0,24,0
240123,47.9,47.9,0,47.9,0,47.9,0,35.9,0.334,35.9,0.334,47.9,0,47.9,0,48,-0.00208,39.9,0.201,39.9,0.201
240453,,,,,,,,,,,,,,,,,,,,,
240461,,,,,,,,,,,,,,,,,,,,,
240462,,,,,,,,,,,,,,,,,,,,,
240465,,,,,,,,,,,,,,,,,,,,,
240533,,,,,,,,,,,,,,,,,,,,,
240535,56,56,0,56,0,56,0,56,0,56,0,56,0,56,0,56,0,56,0,56,0
240537,23.9,23.9,0,23.9,0,23.9,0,23.9,0,23.9,0,23.9,0,23.9,0,,,,,,
240542,18,18,0,18,0,18,0,18,0,18,0,19.8,-0.0909,19.8,-0.0909,15,0.2,15,0.2,20.4,-0.118
240543,18,18,0,18,0,18,0,18,0,18,0,19.8,-0.0909,15,0.2,15,0.2,15,0.2,20.4,-0.118
240544,18,18,0,18,0,18,0,18,0,18,0,19.8,-0.0909,19.8,-0.0909,15,0.2,15,0.2,20.4,-0.118
240545,,,,,,,,,,,,,,,,,,,,,
240546,18.6,18.6,0,18.6,0,18.6,0,18.6,0,21,-0.114,21,-0.114,21,-0.114,15,0.24,21,-0.114,16.5,0.127
240547,,,,,,,,,,,,,,,,,,,,,
240548,20,20,0,20,0,20,0,20,0,20,0,20,0,20,0,20,0,20,0,,
240549,25,25,0,25,0,25,0,25,0,25,0,25,0,25,0,25,0,25,0,25,0
240550,6.6,6.6,0,6.6,0,6.6,0,6.6,0,6.6,0,6.6,0,6.6,0,6.6,0,6.6,0,6.6,0
240552,6.6,6.6,0,6.6,0,6.6,0,6.6,0,6.6,0,6.6,0,6.6,0,6.6,0,6.6,0,6.6,0
240554,,,,,,,,,,,,,,,,,,,,,
240555,,,,,,,,,,,,,,,,,,,,,
240556,,,,,,,,,,,,,,,,,,,,,
240557,,,,,,,,,,,,,,,,,,,,,
240565,,,,,,,,,,,,,,,,,,,,,
240566,,,,,,,,,,,,,,,,,,,,,
240573,,,,,,,,,,,,,,,,,,,,,
240574,,,,,,,,,,,,,,,,,,,,,
240585,,,,,,,,,,,,,,,,,,,,,
240586,,,,,,,,,,,,,,,,,,,,,
240587,,,,,,,,,,,,,,,,,,,,,
240588,,,,,,,,,,,,,,,,,,,,,
240610,52,52,0,52,0,52,0,52,0,52,0,52,0,52,0,,,52,0,52,0
240611,144,144,0,144,0,144,0,144,0,144,0,144,0,144,0,144,0,144,0,,
240612,,,,,,,,,,,,,,,,,,,,,
240614,63.7,63.7,0,63.7,0,63.7,0,63.7,0,63.7,0,63.7,0,63.7,0,63.7,0,63.7,0,63.7,0
240615,20.9,,,,,20.9,0,20.9,0,20.9,0,20.9,0,20.9,0,20.9,0,20.9,0,,
240616,,,,,,,,,,,,,,,,,,,,,
240617,,,,,,,,,,,,,,,,,,,,,
240618,,,,,,,,,,,,,,,,,,,,,
240620,,,,,,,,,,,,,,,,,,,,,
240624,21.3,21.3,0,21.3,0,21.3,0,17.4,0.224,17.4,0.224,21.3,0,21.3,0,21.3,0,21.3,0,17.6,0.21
240625,21.3,21.3,0,21.3,0,21.3,0,17.4,0.224,17.4,0.224,21.3,0,21.3,0,21.3,0,21.3,0,17.6,0.21
240626,27.4,27.4,0,27.4,0,27.4,0,27.4,0,27.4,0,27.4,0,27.4,0,27.4,0,29.5,-0.0712,29.5,-0.0712
240627,27.4,27.4,0,27.4,0,27.4,0,27.4,0,27.4,0,27.4,0,27.4,0,27.4,0,29.5,-0.0712,29.5,-0.0712
240628,20.9,20.9,0,20.9,0,20.9,0,20.9,0,20.9,0,20.9,0,20.9,0,20.9,0,23,-0.0913,23,-0.0913
240632,11,11,0,13.9,-0.209,13.9,-0.209,13.9,-0.209,13.9,-0.209,13.9,-0.209,13.9,-0.209,11.1,-0.00901,10,0.1,24,-0.542
240633,20.5,20.5,0,20.5,0,20.5,0,20.5,0,20.5,0,20.5,0,,,20.5,0,23.5,-0.128,26,-0.212
240634,20.5,20.5,0,20.5,0,20.5,0,20.5,0,20.5,0,20.5,0,,,20.5,0,23.5,-0.128,26,-0.212
240635,45.9,45.9,0,45.9,0,45.9,0,45.9,0,45.9,0,45.9,0,,,49.9,-0.0802,55.9,-0.179,60,-0.235
240636,20.6,20.6,0,20.6,0,20.6,0,20.6,0,20.6,0,20.6,0,20.6,0,20.6,0,20.6,0,22.9,-0.1
240637,20.6,20.6,0,20.6,0,20.6,0,20.6,0,20.6,0,20.6,0,20.6,0,20.6,0,20.6,0,22.9,-0.1
240639,160,160,0,160,0,160,0,160,0,160,0,160,0,160,0,160,0,160,0,160,0
240640,99,99,0,99,0,99,0,,,,,,,,,,,,,99,0
240641,,,,,,,,,,,,,,,,,,,,,
240642,,,,,,,,,,,,,,,,,,,,,
240644,42.9,,,,,,,39.9,0.0752,,,,,,,,,,,54.5,-0.213
240646,87.5,87.5,0,87.5,0,87.5,0,87.5,0,87.5,0,87.5,0,87.5,0,87.5,0,87.5,0,,
240649,,,,,,,,,,,,,,,,,,,,,
240650,65.2,65.2,0,65.2,0,65.2,0,65.2,0,65.2,0,65.2,0,65.2,0,87.5,-0.255,87.5,-0.255,98.3,-0.337
240651,92.4,92.4,0,92.4,0,92.4,0,92.4,0,92.4,0,92.4,0,92.4,0,92.4,0,92.4,0,99,-0.0667
240653,19.4,19.4,0,19.4,0,19.4,0,19.4,0,19.4,0,19.4,0,19.4,0,19.4,0,19.4,0,19.4,0
240654,11.2,11.2,0,11.2,0,11.2,0,11.2,0,11.2,0,11.2,0,11.2,0,11.2,0,11.2,0,11.2,0
240663,77.9,77.9,0,77.9,0,77.9,0,77.9,0,77.9,0,77.9,0,77.9,0,77.9,0,86.9,-0.104,78.9,-0.0127
240665,,,,,,,,,,,,,,,,,,,,,
240666,,,,,,,,,,,,,,,,,,,,,
240667,,,,,,,,,,,,,,,,,,,,,
240668,113,113,0,113,0,113,0,113,0,,,,,,,,,,,,
240669,,,,,,,,,,,,,,,,,,,,,
240670,,,,,,,,,,,,,,,,,,,,,
240671,,,,,,,,,,,,,,,,,,,,,
240673,118,118,0,118,0,118,0,118,0,,,,,,,,,,,,
240683,20.6,20.6,0,20.6,0,20.6,0,20.6,0,20.6,0,20.6,0,20.6,0,20.6,0,20.6,0,19.6,0.051
240684,18.6,18.6,0,18.6,0,18.6,0,18.6,0,18.6,0,18.6,0,18.6,0,20.6,-0.0971,20.6,-0.0971,20.6,-0.0971
240685,14.6,14.6,0,14.6,0,14.6,0,14.6,0,14.6,0,14.6,0,14.6,0,14.6,0,14.6,0,14.6,0
240686,99.9,99.9,0,99.9,0,99.9,0,99.9,0,99.9,0,99.9,0,99.9,0,99.9,0,99.9,0,99.9,0
240688,,,,,,,,,,,,,,,,,,,,,
240689,94.9,94.9,0,94.9,0,94.9,0,94.9,0,94.9,0,64.9,0.462,49,0.937,64.9,0.462,64.9,0.462,64.9,0.462
240690,,,,,,,,,,,,,,,,,,,,,
240691,,,,,,,,,,,,,,,,,,,,,
240693,19.5,19.5,0,19.5,0,19.5,0,19.5,0,19.5,0,19.5,0,19.5,0,21,-0.0714,21,-0.0714,21,-0.0714
240694,,,,,,,,,,,,,,,,,,,,,
240695,,,,,,,,,,,,,,,,,,,,,
240696,90,90,0,90,0,90,0,90,0,90,0,90,0,90,0,90,0,90,0,75,0.2
240697,90,90,0,90,0,90,0,90,0,90,0,90,0,90,0,90,0,,,,
240698,50,50,0,50,0,50,0,50,0,50,0,50,0,50,0,50,0,,,,
240700,62.4,62.4,0,62.4,0,78,-0.2,78,-0.2,78,-0.2,78,-0.2,78,-0.2,78,-0.2,78,-0.2,78,-0.2
240701,62.4,62.4,0,62.4,0,78,-0.2,78,-0.2,78,-0.2,78,-0.2,78,-0.2,,,,,78,-0.2
240703,62.4,62.4,0,62.4,0,78,-0.2,78,-0.2,78,-0.2,78,-0.2,78,-0.2,78,-0.2,78,-0.2,78,-0.2
240704,78,78,0,78,0,78,0,78,0,78,0,78,0,78,0,78,0,78,0,78,0
240705,62.4,62.4,0,62.4,0,78,-0.2,78,-0.2,78,-0.2,78,-0.2,78,-0.2,78,-0.2,78,-0.2,78,-0.2
240706,62.4,62.4,0,62.4,0,78,-0.2,78,-0.2,78,-0.2,78,-0.2,78,-0.2,78,-0.2,78,-0.2,78,-0.2
240707,62.4,62.4,0,62.4,0,78,-0.2,78,-0.2,78,-0.2,78,-0.2,78,-0.2,78,-0.2,78,-0.2,78,-0.2
240708,62.4,62.4,0,62.4,0,78,-0.2,78,-0.2,78,-0.2,78,-0.2,78,-0.2,78,-0.2,78,-0.2,78,-0.2
240711,82.5,82.5,0,82.5,0,82.5,0,82.5,0,82.5,0,82.5,0,82.5,0,82.5,0,108,-0.236,108,-0.236
240718,43.9,43.9,0,43.9,0,43.9,0,43.9,0,43.9,0,43.9,0,43.9,0,,,,,,
240720,28.5,28.5,0,28.5,0,28.5,0,28.5,0,28.5,0,,,28.5,0,28.5,0,,,39,-0.269
240721,,,,,,,,,,,,,,,,,,,,,
240722,,,,,,,,,,,,,,,,,,,,,
240723,,,,,,,,,,,,,,,,,,,,,
240724,26.4,26.4,0,26.4,0,26.4,0,26.4,0,26.4,0,26.4,0,26.4,0,26.4,0,,,20,0.32
240726,,,,,,,,,,,,,,,,,,,,,
240735,,,,,,,,,,,,,,,,,,,,,
240736,15.5,15.5,0,15.5,0,15.5,0,14,0.107,14,0.107,14,0.107,14,0.107,14,0.107,14,0.107,14,0.107
240738,15.5,15.5,0,15.5,0,15.5,0,14,0.107,14,0.107,14,0.107,14,0.107,14,0.107,14,0.107,14,0.107
240739,15.5,15.5,0,15.5,0,15.5,0,14,0.107,14,0.107,14,0.107,14,0.107,14,0.107,14,0.107,,
240741,,,,,,,,,,,,,,,,,,,,,
240742,,,,,,,,,,,,,,,,,,,,,
240743,,,,,,,,,,,,,,,,,,,,,
240744,6.6,6.6,0,6.6,0,6.6,0,6.6,0,6.6,0,6.6,0,6.6,0,6.6,0,6.6,0,6.6,0
240746,11.2,11.2,0,11.2,0,11.2,0,11.2,0,11.2,0,11.2,0,11.2,0,11.2,0,11.2,0,11.2,0
240747,4.5,4.5,0,4.5,0,4.5,0,4.5,0,4.5,0,4.5,0,4.5,0,4.5,0,4.5,0,4.5,0
240748,4.5,4.5,0,4.5,0,4.5,0,4.5,0,4.5,0,4.5,0,4.5,0,4.5,0,4.5,0,4.5,0
240749,37.9,37.9,0,37.9,0,37.9,0,37.9,0,37.9,0,37.9,0,,,39.9,-0.0501,39.9,-0.0501,45,-0.158
240750,82.9,82.9,0,90.9,-0.088,90.9,-0.088,90.9,-0.088,90.9,-0.088,,,,,93.9,-0.117,93.9,-0.117,99,-0.163
240751,90.9,90.9,0,90.9,0,90.9,0,90.9,0,90.9,0,,,,,93.9,-0.0319,93.9,-0.0319,99,-0.0818
240754,,,,,,,,,,,,,,,,,,,,,
240755,20,20,0,20,0,20,0,20,0,20,0,20,0,20,0,20,0,25,-0.2,25,-0.2
240756,20,20,0,20,0,20,0,20,0,20,0,20,0,20,0,20,0,,,25,-0.2
240757,20,20,0,20,0,20,0,20,0,20,0,20,0,20,0,20,0,,,,
240758,,,,,,,,,,,,,,,,,,,,,
240759,51,51,0,51,0,51,0,,,,,,,,,,,,,,
240760,,,,,,,,,,,,,,,,,,,,,
240762,,,,,,,,,,,,,,,,,,,,,
240763,,,,,,,,,,,,,,,,,,,,,
240764,,,,,,,,,,,,,,,,,,,,,
240765,,,,,,,,,,,,,,,,,,,,,
240766,,,,,,,,,,,,,,,,,,,,,
240767,,,,,,,,,,,,,,,,,,,,,
240768,,,,,,,,,,,,,,,,,,,,,
240769,,,,,,,,,,,,,,,,,,,,,
240771,23.9,23.9,0,23.9,0,23.9,0,23.9,0,23.9,0,23.9,0,,,23.9,0,27,-0.115,31.9,-0.251
240773,27.9,27.9,0,27.9,0,27.9,0,25.9,0.0772,25.9,0.0772,25.9,0.0772,24.9,0.12,27.9,0,31.9,-0.125,31.9,-0.125
240774,27.9,27.9,0,27.9,0,27.9,0,25.9,0.0772,25.9,0.0772,25.9,0.0772,24.9,0.12,27.9,0,31.9,-0.125,31.9,-0.125
240775,15,15,0,15,0,15,0,15,0,15,0,13,0.154,10.5,0.429,9.5,0.579,15,0,18.2,-0.176
240776,14,14,0,14,0,14,0,14,0,14,0,12.5,0.12,10,0.4,10,0.4,12,0.167,12,0.167
240793,11.7,11.7,0,11.7,0,11.7,0,11.7,0,11.7,0,11.7,0,9.9,0.182,15.9,-0.264,15.9,-0.264,15.9,-0.264
240794,21.3,21.3,0,21.3,0,21.3,0,19.1,0.115,26.2,-0.187,25.6,-0.168,18,0.183,19,0.121,25.6,-0.168,27,-0.211
240802,,,,,,,,,,,,,,,,,,,,,
240804,38.7,38.7,0,38.7,0,38.7,0,38.7,0,38.7,0,38.7,0,38.7,0,38.7,0,,,,
240805,38.7,38.7,0,38.7,0,38.7,0,38.7,0,38.7,0,38.7,0,38.7,0,38.7,0,38.7,0,38.8,-0.00258
240806,,,,,,,,,,,,,,,,,,,,,
240807,17.2,17.2,0,17.2,0,17.2,0,17.2,0,17.2,0,17.2,0,17.2,0,17.2,0,17.2,0,17.3,-0.00578
240808,17.2,17.2,0,17.2,0,17.2,0,17.2,0,17.2,0,17.2,0,17.2,0,17.2,0,17.2,0,17.3,-0.00578
240809,17.3,17.3,0,17.3,0,17.3,0,17.3,0,17.3,0,17.3,0,17.3,0,17.3,0,17.3,0,15,0.153
240813,46.5,46.5,0,46.5,0,46.5,0,46.5,0,46.5,0,46.5,0,46.5,0,46.5,0,46.5,0,43,0.0814
240814,22.5,22.5,0,35.4,-0.364,35.4,-0.364,35.4,-0.364,35.4,-0.364,35.4,-0.364,35.4,-0.364,35.4,-0.364,35.4,-0.364,34.3,-0.344
240817,,,,,,,,,,,,,,,,,,,,,
240838,62,62,0,62,0,62,0,62,0,62,0,62,0,,,62,0,62,0,62,0
240841,,,,,,,,,,,,,,,,,,,,,
240843,,,,,,,,,,,,,,,,,,,,,
240845,12.5,12.1,0.0331,12.1,0.0331,12.1,0.0331,12.1,0.0331,12.1,0.0331,11.5,0.087,11.5,0.087,11.5,0.087,12.8,-0.0234,12.8,-0.0234
240846,22.3,21.5,0.0372,21.5,0.0372,21.5,0.0372,21.5,0.0372,,,20.4,0.0931,20.4,0.0931,20.4,0.0931,20.4,0.0931,,
240847,39.2,39.2,0,39.2,0,39.2,0,39.2,0,39.2,0,37,0.0595,37,0.0595,37,0.0595,40.8,-0.0392,40.8,-0.0392
240848,29,29,0,29,0,29,0,29,0,,,26,0.115,,,,,25,0.16,36.4,-0.203
240849,28,28,0,28,0,28,0,28,0,28,0,25,0.12,24,0.167,24,0.167,24,0.167,24,0.167
240851,,,,,,,,,,,,,,,,,,,,,
240853,24.8,24.8,0,29.3,-0.154,29.3,-0.154,29.3,-0.154,29.3,-0.154,29.3,-0.154,29.3,-0.154,29.3,-0.154,,,29,-0.145
240855,99,99,0,99,0,99,0,99,0,,,,,,,,,,,99,0
240856,,,,,,,,,,,,,,,,,,,,,
240860,,,,,,,,,,,,,,,,,,,,,
240863,168,168,0,168,0,168,0,168,0,168,0,155,0.0839,155,0.0839,155,0.0839,233,-0.28,,
240864,168,168,0,168,0,168,0,168,0,,,,,,,155,0.0839,233,-0.28,,
240893,,,,,,,,,,,,,,,,,,,,,
240896,,,,,,,,,,,,,,,,,,,,,
240897,,,,,,,,,,,,,,,,,,,,,
240898,16.2,16.2,0,20.2,-0.198,20.2,-0.198,16.2,0,16.2,0,20.2,-0.198,20.2,-0.198,20.2,-0.198,19.9,-0.186,20,-0.19
240900,138,138,0,138,0,138,0,138,0,138,0,104,0.333,138,0,138,0,138,0,138,0
240901,200,200,0,200,0,200,0,200,0,200,0,200,0,266,-0.25,266,-0.25,266,-0.25,,
241172,11.1,11.1,0,11.1,0,11.1,0,11.1,0,11.1,0,11.1,0,,,11.1,0,11.1,0,11.1,0
241300,35.6,,,35.6,0,35.6,0,35.6,0,,,35.6,0,,,35.6,0,35.6,0,35.6,0
241771,,,,,,,,,,,,,,,,,,,,,
241784,27,27,0,27,0,27,0,27,0,,,,,,,,,,,,
241806,84.9,84.9,0,84.9,0,84.9,0,84.9,0,,,,,,,130,-0.346,130,-0.346,120,-0.292
241822,,,,,,,,,,,,,,,,,,,,,
241881,46,46,0,46,0,46,0,46,0,46,0,,,,,,,,,,
242136,115,115,0,115,0,115,0,115,0,,,,,,,,,,,,
242164,15.5,15.5,0,15.5,0,15.5,0,15.5,0,15.5,0,15.5,0,15.5,0,19.5,-0.205,19.5,-0.205,19.5,-0.205
242166,75,75,0,75,0,75,0,75,0,75,0,75,0,75,0,108,-0.306,108,-0.306,108,-0.306
242330,,,,,,,,,,,,,,,,,,,,,
242438,29.9,29.9,0,29.9,0,29.9,0,29.9,0,29.9,0,29.9,0,29.9,0,29.9,0,29.9,0,34,-0.121
242446,29.9,29.9,0,,,,,,,,,,,,,,,,,,
243010,90.1,90.1,0,90.1,0,84,0.0726,,,,,,,,,,,,,,
243011,25.9,25.9,0,25.9,0,38,-0.318,38,-0.318,,,,,,,,,,,,
243012,40.6,,,,,37.5,0.0827,37.5,0.0827,,,,,,,,,,,,
243027,12.3,12.3,0,12.3,0,12.3,0,13,-0.0538,13,-0.0538,13,-0.0538,,,12.8,-0.0391,12.8,-0.0391,15,-0.18
243272,54.9,54.9,0,54.9,0,54.9,0,54.9,0,54.9,0,54.9,0,54.9,0,54.9,0,54.9,0,54.9,0
243277,40.5,40.5,0,40.5,0,40.5,0,40.5,0,40.5,0,40.5,0,40.5,0,40.5,0,26.9,0.506,,
243540,24.5,23,0.0652,23,0.0652,23,0.0652,23,0.0652,23,0.0652,23,0.0652,23,0.0652,20.5,0.195,19.5,0.256,24.9,-0.0161
243850,6.3,6.3,0,6.3,0,6.3,0,6.3,0,6.3,0,6.3,0,6.3,0,6.3,0,6.3,0,6.3,0
243930,16,16,0,16,0,16,0,,,16,0,,,16,0,16,0,16,0,16,0
244279,,,,,,,,,,,,,,,,,,,,,
244309,,,,,,,,,,,,,,,,,,,,,
244775,4.6,4.6,0,4.6,0,4.6,0,4.6,0,3.9,0.179,3.9,0.179,3.9,0.179,3.9,0.179,3.9,0.179,3.9,0.179
244791,166,166,0,166,0,,,166,0,166,0,166,0,166,0,166,0,166,0,158,0.054
244937,42.5,42.5,0,42.5,0,42.5,0,42.5,0,,,,,42.5,0,42.5,0,42.5,0,42.5,0
244953,69.5,69.5,0,69.5,0,69.5,0,69.5,0,,,69.5,0,69.5,0,69.5,0,69.5,0,69.5,0
244961,89,89,0,89,0,,,89,0,89,0,89,0,89,0,89,0,89,0,89,0
245021,52,52,0,52,0,52,0,52,0,52,0,52,0,52,0,52,0,52,0,61.4,-0.153
245100,12.9,12.9,0,12.9,0,12.9,0,12.9,0,12.9,0,,,,,18,-0.283,,,,
245560,,,,,,,,,,,,,,,,,,,,,
245788,5.5,5.5,0,5.5,0,5.5,0,5.5,0,5.5,0,,,,,,,,,,
245790,12.5,12.5,0,,,,,,,,,12.5,0,12.5,0,,,12,0.0417,12,0.0417
245791,12.5,12.5,0,12.5,0,12.5,0,12.5,0,,,12.5,0,12.5,0,12.5,0,12,0.0417,12,0.0417
245792,16,16,0,16,0,16,0,16,0,16,0,16,0,16,0,16,0,16,0,15.4,0.039
245793,17.1,17.1,0,17.1,0,17.1,0,17.1,0,17.1,0,17.1,0,17.1,0,17.1,0,17.1,0,17.1,0
245794,37.5,37.5,0,37.5,0,37.5,0,37.5,0,37.5,0,34.5,0.087,34.5,0.087,34.5,0.087,30.8,0.218,30.8,0.218
245796,,,,,,,,,,,,,,,,,,,,,
245797,15,15,0,15,0,15,0,15,0,15,0,,,15,0,15,0,15,0,12.9,0.163
245799,16,16,0,16,0,16,0,16,0,16,0,,,16,0,16,0,,,,
246120,71.5,71.5,0,71.5,0,,,71.5,0,71.5,0,71.5,0,71.5,0,71.5,0,71.5,0,58,0.233
246263,30.5,30.5,0,30.5,0,30.5,0,30.5,0,30.5,0,30.5,0,30.5,0,30.5,0,30.5,0,30.5,0
248482,,,,,,,,,,,,,,,,,,,,,
248483,16.7,16.7,0,16.7,0,16.7,0,16.7,0,16.7,0,,,,,16.7,0,,,16.7,0
248778,133,133,0,133,0,,,133,0,133,0,133,0,133,0,133,0,133,0,133,0
248780,26.4,26.4,0,26.4,0,26.4,0,26.4,0,26.4,0,26.4,0,,,26.4,0,26.4,0,,
248781,,,,,,,,,,,,,,,,,,,,,
248908,11,11,0,11,0,11,0,11,0,11,0,11,0,11,0,11,0,10.5,0.0476,10.5,0.0476
249002,11.4,11.4,0,11.4,0,11.4,0,11.4,0,13.2,-0.136,13.2,-0.136,,,,,,,13.2,-0.136
249003,8.4,8.4,0,8.4,0,8.4,0,8.4,0,12,-0.3,12,-0.3,8,0.05,12,-0.3,8,0.05,9,-0.0667
249004,8,8,0,8,0,8,0,8,0,8,0,8,0,8,0,8,0,8,0,8,0
249005,,,,,,,,,,,,,,,,,,,,,
249006,,,,,,,,,,,,,,,,,,,,,
249007,,,,,,,,,,,,,,,,,,,,,
249008,,,,,,,,,,,,,,,,,,,,,
249010,,,,,,,,,,,,,,,,,,,,,
249011,,,,,,,,,,,,,,,,,,,,,
249012,43.5,43.5,0,53.9,-0.193,53.9,-0.193,53.9,-0.193,53.9,-0.193,53.9,-0.193,43.1,0.00928,53.9,-0.193,40.5,0.0741,44.9,-0.0312
249013,16.4,16.4,0,20.9,-0.215,20.9,-0.215,20.9,-0.215,20.9,-0.215,20.9,-0.215,20.9,-0.215,18.9,-0.132,26.9,-0.39,26.9,-0.39
249014,16.4,16.4,0,20.9,-0.215,20.9,-0.215,20.9,-0.215,20.9,-0.215,20.9,-0.215,20.9,-0.215,18.9,-0.132,26.9,-0.39,26.9,-0.39
249026,243,243,0,243,0,243,0,243,0,243,0,182,0.335,243,0,243,0,243,0,,
249027,243,243,0,243,0,243,0,243,0,243,0,182,0.335,243,0,243,0,243,0,,
249028,122,122,0,122,0,122,0,122,0,122,0,122,0,143,-0.147,,,143,-0.147,143,-0.147
249029,45.6,45.6,0,45.6,0,45.6,0,45.6,0,45.6,0,45.6,0,45.6,0,45.6,0,45.6,0,45.6,0
249030,77.5,77.5,0,77.5,0,77.5,0,77.5,0,77.5,0,77.5,0,77.5,0,77.5,0,77.5,0,77.5,0
249031,143,143,0,143,0,143,0,143,0,143,0,143,0,143,0,143,0,143,0,143,0
249032,45.6,45.6,0,45.6,0,45.6,0,45.6,0,45.6,0,45.6,0,45.6,0,45.6,0,45.6,0,45.6,0
249034,6.3,6.3,0,6.3,0,6.3,0,7.9,-0.203,7.9,-0.203,7.9,-0.203,6.1,0.0328,7.9,-0.203,6,0.05,10,-0.37
249035,21,21,0,21,0,21,0,21,0,21,0,21,0,21,0,21,0,,,,
249036,,,,,,,,,,,,,,,,,,,,,
249039,,,,,,,,,,,,,,,,,,,,,
249040,,,,,,,,,,,,,,,,,,,,,
249043,,,,,,,,,,,,,,,,,,,,,
249044,,,,,,,,,,,,,,,,,,,,,
249045,,,,,,,,,,,,,,,,,,,,,
249046,,,,,,,,,,,,,,,,,,,,,
249047,,,,,,,,,,,,,,,,,,,,,
249049,,,,,,,,,,,,,,,,,,,,,
249051,,,,,,,,,,,,,,,,,,,,,
249052,,,,,,,,,,,,,,,,,,,,,
249053,,,,,,,,,,,,,,,,,,,,,
249055,,,,,,,,,,,,,,,,,,,,,
249058,,,,,,,,,,,,,,,,,,,,,
249059,,,,,,,,,,,,,,,,,,,,,
249060,,,,,,,,,,,,,,,,,,,,,
249061,,,,,,,,,,,,,,,,,,,,,
249062,,,,,,,,,,,,,,,,,,,,,
249063,45,45,0,45,0,45,0,45,0,45,0,24.9,0.807,24.9,0.807,24.9,0.807,,,,
249064,49.9,49.9,0,49.9,0,49.9,0,49.9,0,49.9,0,49.9,0,49.9,0,49.9,0,49.9,0,49.9,0
249082,13.1,13.1,0,13.1,0,13.1,0,13.1,0,13.1,0,13.1,0,13.1,0,,,,,,
249319,95.5,95.5,0,95.5,0,,,95.5,0,95.5,0,95.5,0,95.5,0,95.5,0,95.5,0,95.5,0
249394,95.5,95.5,0,95.5,0,,,95.5,0,95.5,0,95.5,0,95.5,0,95.5,0,95.5,0,95.5,0
249793,65,65,0,65,0,65,0,65,0,65,0,59.1,0.0998,59.1,0.0998,59.1,0.0998,73.8,-0.119,73.9,-0.12
249807,94,94,0,94,0,94,0,94,0,94,0,85.3,0.102,85.3,0.102,85.3,0.102,150,-0.374,153,-0.387
249859,,,,,,,,,,,,,,,,,,,,,
249971,55,55,0,55,0,55,0,55,0,55,0,55,0,,,55,0,55,0,55,0
249998,,,,,,,,,,,,,,,,,,,,,
250100,95,95,0,,,,,,,,,,,,,,,,,,
250101,31.9,31.9,0,31.9,0,31.9,0,29.9,0.0669,,,,,,,,,,,,
250102,47.9,47.9,0,47.9,0,47.9,0,47.9,0,,,,,,,,,,,,
250103,47.9,47.9,0,47.9,0,47.9,0,47.9,0,,,,,,,,,,,,
250506,14.4,14.4,0,14.4,0,14.4,0,14.4,0,14.4,0,16.5,-0.127,16.5,-0.127,23.9,-0.397,18,-0.2,23.9,-0.397
250517,,,,,,,,,,,,,,,,,,,,,
250524,18.9,,,,,18.9,0,,,,,18.9,0,,,18.9,0,18.9,0,,
250525,,,,,,,,,,,,,,,,,,,,,
250526,18.9,,,,,,,18.9,0,18.9,0,18.9,0,18.9,0,18.9,0,18.9,0,,
250550,14.5,14.5,0,14.5,0,14.5,0,14.5,0,14.5,0,14.5,0,14.5,0,14.5,0,14.5,0,,
250590,,,,,,,,,,,,,,,,,,,,,
250592,11.5,11.5,0,11.5,0,11.5,0,11.5,0,11.5,0,11.5,0,10.5,0.0952,10.5,0.0952,10.5,0.0952,16,-0.281
250605,,,,,,,,,,,,,,,,,,,,,
250607,,,,,,,,,,,,,,,,,,,,,
250608,,,,,,,,,,,,,,,,,,,,,
250681,,,,,,,,,,,,,,,,,,,,,
250732,62.9,62.9,0,62.9,0,62.9,0,62.9,0,62.9,0,62.9,0,62.9,0,,,62.9,0,,
251055,15.5,15.5,0,15.5,0,15.5,0,15.5,0,15.5,0,15.5,0,15.5,0,15.9,-0.0252,15.9,-0.0252,15.9,-0.0252
251056,15.5,15.5,0,15.5,0,15.5,0,15.5,0,15.5,0,15.5,0,15.5,0,15.9,-0.0252,15.9,-0.0252,15.9,-0.0252
251057,15.5,15.5,0,15.5,0,15.5,0,15.5,0,15.5,0,15.5,0,15.5,0,,,15.9,-0.0252,15.9,-0.0252
251059,15.5,15.5,0,15.5,0,15.5,0,15.5,0,15.5,0,15.5,0,15.5,0,15.9,-0.0252,15.9,-0.0252,15.9,-0.0252
251060,,,,,,,,,,,,,,,,,,,,,
251111,18.6,18.6,0,18.6,0,18.6,0,18.6,0,21.9,-0.151,21.9,-0.151,21.9,-0.151,21.9,-0.151,15,0.24,16.5,0.127
251112,12.6,12.6,0,12.6,0,12.6,0,12.6,0,14.7,-0.143,14.7,-0.143,14.7,-0.143,14.7,-0.143,14.7,-0.143,14.7,-0.143
251113,21.9,21.9,0,21.9,0,21.9,0,18.6,0.177,16,0.369,21.9,0,21.9,0,21.9,0,15,0.46,16.5,0.327
251114,12.6,12.6,0,12.6,0,12.6,0,12.6,0,14.7,-0.143,14.7,-0.143,14.7,-0.143,14.7,-0.143,14.7,-0.143,14.7,-0.143
251115,21.9,21.9,0,21.9,0,21.9,0,18.6,0.177,16,0.369,21.9,0,21.9,0,21.9,0,15,0.46,16.5,0.327
251116,12.6,12.6,0,12.6,0,12.6,0,12.6,0,14.7,-0.143,,,14.7,-0.143,14.7,-0.143,14.7,-0.143,14.7,-0.143
251117,8,8,0,8,0,8,0,8,0,10,-0.2,10,-0.2,10,-0.2,10,-0.2,10,-0.2,10,-0.2
251450,,,,,,,,,,,,,,,,,,,,,
251451,27.5,27.5,0,27.5,0,27.5,0,27.5,0,27.5,0,27.5,0,,,,,,,,
251770,59.5,59.5,0,59.5,0,,,59.5,0,59.5,0,59.5,0,59.5,0,59.5,0,58,0.0259,,
251775,5.5,5.5,0,6,-0.0833,6,-0.0833,6,-0.0833,6,-0.0833,6,-0.0833,6,-0.0833,6,-0.0833,6,-0.0833,6,-0.0833
251776,,,,,,,,,,,,,,,,,,,,,
251984,8,8,0,8,0,8,0,8,0,8,0,8,0,8,0,8,0,8,0,8,0
252011,,,,,,,,,,,,,,,,,,,,,
252013,42,42,0,42,0,42,0,42,0,42,0,42,0,42,0,42,0,,,42,0
252014,42,42,0,42,0,42,0,42,0,42,0,42,0,42,0,42,0,42,0,42,0
252015,42,42,0,42,0,42,0,42,0,42,0,42,0,42,0,42,0,42,0,42,0
252016,42,42,0,42,0,42,0,42,0,42,0,42,0,42,0,42,0,42,0,42,0
252019,42,42,0,42,0,42,0,42,0,42,0,42,0,42,0,42,0,42,0,42,0
252022,42,42,0,42,0,42,0,42,0,,,42,0,42,0,42,0,,,42,0
252024,42,42,0,42,0,42,0,42,0,42,0,42,0,42,0,42,0,42,0,42,0
252025,42,42,0,42,0,42,0,42,0,42,0,42,0,42,0,42,0,42,0,42,0
252027,42,42,0,42,0,42,0,42,0,,,,,,,,,42,0,42,0
252031,,,,,,,,,,,,,,,,,,,,,
252247,,,,,,,,,,,,,,,,,,,,,
252506,,,,,,,,,,,,,,,,,,,,,
252718,68.9,68.9,0,63.5,0.085,63.5,0.085,63.5,0.085,62.5,0.102,65,0.06,65,0.06,74,-0.0689,74,-0.0689,74,-0.0689
252976,,,,,,,,,,,,,,,,,,,,,
253020,,,,,,,,,,,,,,,,,,,,,
253110,96.6,96.6,0,96.6,0,138,-0.3,138,-0.3,138,-0.3,138,-0.3,138,-0.3,138,-0.3,138,-0.3,138,-0.3
253365,,,,,,,,,,,,,,,,,,,,,
253634,27.5,27.5,0,27.5,0,27.5,0,27.5,0,27.5,0,27.5,0,27.5,0,27.5,0,27.5,0,27.5,0
253707,,,,,,,,,,,,,,,,,,,,,
253774,24.5,24.5,0,24.5,0,24.5,0,24.5,0,24.5,0,24.5,0,24.5,0,24.5,0,23.5,0.0426,22,0.114
253804,21.5,21.5,0,21.5,0,21.5,0,21.5,0,21.5,0,21.5,0,21.5,0,21.5,0,20,0.075,20,0.075
253871,13,13,0,13,0,13,0,,,,,,,,,13,0,17.5,-0.257,17.5,-0.257
253936,13,13,0,13,0,13,0,13,0,13,0,13,0,,,13,0,17.5,-0.257,17.5,-0.257
254130,38.5,38.5,0,38.5,0,38.5,0,38.5,0,38.5,0,38.5,0,38.5,0,38.5,0,38.5,0,37.5,0.0267
254131,36,36,0,36,0,36,0,36,0,36,0,36,0,36,0,36,0,36,0,35,0.0286
254161,5,5,0,5,0,5,0,5,0,5,0,5,0,5,0,5,0,4.9,0.0204,4.9,0.0204
254162,8.6,8.6,0,8.6,0,8.6,0,8.6,0,8.6,0,8.6,0,8.6,0,10,-0.14,10,-0.14,9,-0.0444
254163,7.5,7.5,0,7.5,0,7.5,0,7.5,0,7.5,0,7.5,0,7.5,0,8.5,-0.118,7.9,-0.0506,8.5,-0.118
254164,7.5,7.5,0,7.5,0,7.5,0,7.5,0,7.5,0,7.5,0,7.5,0,8.5,-0.118,7.9,-0.0506,8.5,-0.118
254165,7.5,7.5,0,7.5,0,7.5,0,7.5,0,7.5,0,7.5,0,7.5,0,8.5,-0.118,7.9,-0.0506,8.5,-0.118
254166,5,5,0,5,0,5,0,5,0,5,0,,,5,0,5,0,5,0,5,0
254665,24.4,24.4,0,24.4,0,24.4,0,24.4,0,,,24.4,0,,,24.4,0,24.4,0,24.4,0
255023,82.6,82.6,0,82.6,0,82.6,0,79.6,0.0377,79.6,0.0377,79.6,0.0377,,,79.6,0.0377,85,-0.0282,85,-0.0282
255026,60.9,60.9,0,60.9,0,60.9,0,53.9,0.13,53.9,0.13,53.9,0.13,,,53.9,0.13,57,0.0684,57,0.0684
255092,,,,,,,,,,,,,,,,,,,,,
255220,,,,,,,,,,,,,,,,,,,,,
255224,81,81,0,81,0,81,0,81,0,81,0,81,0,81,0,81,0,,,,
255416,110,110,0,110,0,110,0,110,0,110,0,110,0,,,,,,,98.9,0.114
255771,19.2,19.2,0,19.2,0,19.2,0,19.2,0,19.2,0,19.2,0,19.2,0,19.2,0,19.2,0,,
255780,,,,,,,,,,,,,,,,,,,,,
256099,38,38,0,38,0,38,0,38,0,38,0,38,0,38,0,40,-0.05,40,-0.05,,
256102,21,21,0,21,0,21,0,21,0,21,0,21,0,21,0,22.5,-0.0667,22.5,-0.0667,,
256595,31.9,31.9,0,31.9,0,31.9,0,31.9,0,31.9,0,29.6,0.0777,29.6,0.0777,42.3,-0.246,42.3,-0.246,42.3,-0.246
258873,,,,,,,,,,,,,,,,,,,,,
259050,24.2,24.2,0,24.2,0,24.2,0,19,0.274,19,0.274,24.2,0,24.2,0,24.2,0,24.2,0,24.2,0
259306,30,30,0,30,0,30,0,30,0,30,0,30,0,30,0,30,0,30,0,26,0.154
259454,10.9,10.9,0,10.9,0,10.9,0,10.9,0,10.9,0,10,0.09,10,0.09,10,0.09,10,0.09,10,0.09
259470,9.5,9.5,0,9.5,0,9.5,0,9.5,0,9.5,0,8.5,0.118,8.5,0.118,8.5,0.118,8.5,0.118,8.5,0.118
259667,9.5,9.5,0,9.5,0,9.5,0,9.5,0,9.5,0,8.5,0.118,8.5,0.118,8.5,0.118,8.5,0.118,8.5,0.118
259675,62,62,0,62,0,62,0,51.5,0.204,51.5,0.204,61.8,0.00324,,,56,0.107,61.8,0.00324,55.7,0.113
259691,124,124,0,124,0,124,0,124,0,124,0,124,0,,,124,0,124,0,112,0.101
259705,14.6,14.6,0,14.6,0,14.6,0,14.6,0,14.6,0,14.6,0,,,13.7,0.0657,13.7,0.0657,13.7,0.0657
260152,18.6,18.6,0,18.6,0,18.6,0,18.6,0,18.6,0,18.6,0,18.4,0.0109,18.5,0.00541,19,-0.0211,20,-0.07
260187,30,30,0,30,0,,,30,0,30,0,,,30,0,30,0,27.5,0.0909,27.5,0.0909
260230,16.4,,,16.4,0,16.4,0,16.4,0,16.4,0,16.4,0,16.4,0,19,-0.137,19,-0.137,21,-0.219
260305,225,225,0,225,0,225,0,225,0,225,0,262,-0.141,324,-0.306,284,-0.208,265,-0.151,295,-0.237
260711,32.5,32.5,0,32.5,0,32.5,0,,,29.5,0.102,,,,,,,49.5,-0.343,39.9,-0.185
260820,80.1,77.4,0.0349,77.4,0.0349,77.4,0.0349,77.4,0.0349,77.4,0.0349,71.4,0.122,71.4,0.122,71.4,0.122,99.5,-0.195,82,-0.0232
260890,15.9,15.9,0,15.9,0,15.9,0,15.9,0,15.9,0,15.9,0,15.9,0,15.9,0,15.9,0,17.9,-0.112
261963,15,15,0,15,0,15,0,15,0,15,0,15,0,15.9,-0.0566,15.9,-0.0566,15.9,-0.0566,15.9,-0.0566
262512,,,,,,,,,,,,,,,,,,,,,
262513,,,,,,,,,,,,,,,,,,,,,
262514,,,,,,,,,,,,,,,,,,,,,
262515,,,,,,,,,,,,,,,,,,,,,
262516,,,,,,,,,,,,,,,,,,,,,
263025,55,55,0,65,-0.154,65,-0.154,55,0,,,65,-0.154,65,-0.154,65,-0.154,72,-0.236,,
263026,55,55,0,65,-0.154,65,-0.154,55,0,55,0,65,-0.154,65,-0.154,65,-0.154,72,-0.236,,
263038,,,,,,,,,,,,,,,,,,,,,
263346,,,,,,,,,,,,,,,,,,,,,
263572,104,104,0,104,0,,,104,0,104,0,104,0,104,0,104,0,104,0,104,0
263577,109,109,0,109,0,,,109,0,109,0,109,0,109,0,109,0,109,0,109,0
263578,109,109,0,109,0,,,109,0,109,0,109,0,109,0,109,0,109,0,109,0
263579,109,109,0,109,0,,,109,0,109,0,109,0,109,0,109,0,109,0,109,0
263580,104,104,0,104,0,,,104,0,104,0,104,0,104,0,104,0,104,0,104,0
263581,104,104,0,104,0,,,104,0,104,0,104,0,104,0,104,0,104,0,104,0
263582,104,104,0,104,0,,,104,0,104,0,104,0,104,0,104,0,104,0,,
263737,15.9,15.9,0,15.9,0,15.9,0,15.9,0,15.9,0,15.9,0,15.9,0,15.9,0,15.9,0,17.9,-0.112
264393,,,,,,,,,,,,,,,,,,,,,
264504,,,,,,,,,,,,,,,,,,,,,
264776,25,25,0,25,0,25,0,25,0,25,0,25,0,25,0,25,0,25,0,25,0
264946,,,,,,,,,,,,,,,,,,,,,
265713,,,,,,,,,,,,,,,,,,,,,
265717,,,,,,,,,,,,,,,,,,,,,
265771,,,,,,,,,,,,,,,,,,,,,
265782,,,,,,,,,,,,,,,,,,,,,
266035,,,,,,,,,,,,,,,,,,,,,
266043,,,,,,,,,,,,,,,,,,,,,
266051,21,20.8,0.00962,20.8,0.00962,20.8,0.00962,20.8,0.00962,20.8,0.00962,17.8,0.18,15,0.4,17,0.235,21.7,-0.0323,18,0.167
266280,50,50,0,50,0,50,0,50,0,50,0,39.9,0.253,39.9,0.253,39.9,0.253,39.9,0.253,39.9,0.253
266469,270,270,0,270,0,270,0,270,0,270,0,270,0,270,0,270,0,270,0,270,0
267341,,,,,,,,,,,,,,,,,,,,,
267384,146,146,0,146,0,146,0,146,0,146,0,146,0,135,0.0815,135,0.0815,,,,
267899,47.6,,,,,,,47.6,0,47.6,0,,,,,47.6,0,,,47.6,0
268160,30.5,30.5,0,30.5,0,30.5,0,30.5,0,30.5,0,30.5,0,30.5,0,42.5,-0.282,42.5,-0.282,42.5,-0.282
268313,4.5,4.5,0,4.5,0,3.7,0.216,3.7,0.216,3.7,0.216,3.7,0.216,3.7,0.216,3.7,0.216,3.7,0.216,3.7,0.216
269123,21.5,21.5,0,21.5,0,21.5,0,21.5,0,21.5,0,21.5,0,21.5,0,21.5,0,20,0.075,20,0.075
269590,46,46,0,46,0,46,0,46,0,46,0,46,0,46,0,,,46,0,,
269877,125,125,0,125,0,,,125,0,125,0,125,0,125,0,125,0,125,0,125,0
269878,78.5,78.5,0,78.5,0,,,78.5,0,78.5,0,78.5,0,78.5,0,78.5,0,78.5,0,75,0.0467
269879,78.5,78.5,0,78.5,0,,,78.5,0,78.5,0,78.5,0,78.5,0,78.5,0,78.5,0,75,0.0467
270108,49,49,0,46.5,0.0538,46.5,0.0538,46.5,0.0538,35,0.4,35,0.4,35,0.4,,,55.1,-0.111,,
270227,9.5,9.5,0,9.5,0,9.5,0,9.5,0,9.5,0,9.5,0,9.5,0,9.5,0,9.5,0,10.8,-0.12
270377,149,149,0,149,0,149,0,149,0,,,,,,,,,,,,
270450,19.5,19.5,0,19.5,0,19.5,0,19.5,0,19.5,0,19.5,0,19.5,0,23,-0.152,18.5,0.0541,23,-0.152
270454,23,23,0,23,0,23,0,23,0,23,0,23,0,17.9,0.285,25.5,-0.098,25.5,-0.098,25.5,-0.098
270459,23,23,0,23,0,23,0,23,0,23,0,23,0,23,0,28.5,-0.193,22.9,0.00437,28.5,-0.193
270474,56.9,56.9,0,56.9,0,56.9,0,56.9,0,56.9,0,56.9,0,56.9,0,56.9,0,56.9,0,56.9,0
270830,10,10,0,10,0,10,0,10,0,10,0,10,0,10,0,10,0,10,0,10,0
270997,,,,,,,,,,,,,,,,,,,,,
271616,15,15,0,15,0,15,0,15,0,15,0,,,15,0,15,0,15,0,15,0
271624,13.8,13.8,0,13.8,0,13.8,0,13.8,0,13.8,0,13.8,0,13.8,0,13.8,0,13.8,0,13.8,0
271640,389,389,0,389,0,,,389,0,389,0,389,0,399,-0.0251,399,-0.0251,459,-0.153,,
271781,9.5,9.5,0,9.5,0,9.5,0,9.5,0,9.5,0,,,,,,,,,,
271815,9.5,,,,,9.5,0,9.5,0,9.5,0,,,,,,,,,,
271819,9.5,9.5,0,9.5,0,9.5,0,9.5,0,9.5,0,,,,,,,,,,
272051,,,,,,,,,,,,,,,,,,,,,
272515,,,,,,,,,,,,,,,,,,,,,
272698,,,,,,,,,,,,,,,,,,,,,
272922,,,,,,,,,,,,,,,,,,,,,
273201,42.5,42.5,0,42.5,0,42.5,0,42.5,0,42.5,0,42.5,0,42.5,0,42.5,0,42.5,0,42.5,0
274011,,,,,,,,,,,,,,,,,,,,,
274020,,,,,,,,,,,,,,,,,,,,,
274798,29,29,0,29,0,29,0,29,0,29,0,24.6,0.179,25.9,0.12,25.9,0.12,,,,
275417,,,,,,,,,,,,,,,,,,,,,
275514,,,,,,,,,,,,,,,,,,,,,
275522,,,,,,,,,,,,,,,,,,,,,
275700,24.5,24.5,0,24.5,0,24.5,0,24.5,0,24.5,0,24.5,0,26.5,-0.0755,26.5,-0.0755,26.5,-0.0755,26.5,-0.0755
276162,98,98,0,98,0,98,0,98,0,105,-0.0667,105,-0.0667,105,-0.0667,,,105,-0.0667,125,-0.216
276371,55.6,55.6,0,55.6,0,55.6,0,55.6,0,55.6,0,55.6,0,55.6,0,70.4,-0.21,70.4,-0.21,70.4,-0.21
276372,69,69,0,69,0,69,0,69,0,69,0,69,0,69,0,87.5,-0.211,,,87.5,-0.211
277229,7.7,7.7,0,7.7,0,7.7,0,7.7,0,,,7.7,0,,,7.7,0,7.7,0,7.3,0.0548
277810,7.9,7.9,0,7.9,0,7.9,0,7.9,0,7.9,0,7.9,0,7.9,0,7.9,0,7,0.129,7,0.129
277811,7.9,7.9,0,7.9,0,7.9,0,7.9,0,7.9,0,7.9,0,7.9,0,7.9,0,7,0.129,7,0.129
277815,7.9,7.9,0,7.9,0,7.9,0,7.9,0,7.9,0,7.9,0,7.9,0,7.9,0,7,0.129,7,0.129
278726,,,,,,,,,,,,,,,,,,,,,
279021,132,132,0,132,0,,,132,0,132,0,132,0,132,0,164,-0.195,205,-0.356,205,-0.356
280153,29.7,29.7,0,29.7,0,,,,,,,,,,,,,,,,
280160,22.9,22.9,0,,,,,,,,,,,,,,,,,,
280161,16.8,16.8,0,,,,,,,,,,,,,,,,,,
280163,16.8,16.8,0,,,,,,,,,,,,,,,,,,
280164,22.9,22.9,0,,,,,,,,,,,,,,,,,,
280165,22.9,22.9,0,,,,,,,,,,,,,,,,,,
280166,22.9,22.9,0,,,,,,,,,,,,,,,,,,
280512,,,,,,,,,,,,,,,,,,,,,
281077,,,,,,,,,,,,,,,,,,,,,
281703,,,,,,,,,,,,,,,,,,,,,
281715,,,,,,,,,,,,,,,,,,,,,
281871,,,,,,,,,,,,,,,,,,,,,
282021,55.2,55.2,0,55.2,0,55.2,0,55.2,0,55.2,0,55.2,0,55.2,0,,,,,61.8,-0.107
282024,67.6,67.6,0,67.6,0,67.6,0,67.6,0,67.6,0,,,,,,,,,78,-0.133
282029,55.9,55.9,0,55.9,0,55.9,0,55.9,0,55.9,0,55.9,0,55.9,0,55.9,0,55.9,0,65,-0.14
282037,68.9,,,,,,,68.9,0,68.9,0,68.9,0,68.9,0,,,,,,
282039,44.8,,,,,,,,,44.8,0,,,44.8,0,,,,,49.4,-0.0931
282040,26.9,26.9,0,26.9,0,26.9,0,26.9,0,26.9,0,26.9,0,26.9,0,,,26.9,0,28.6,-0.0594
282041,,,,,,,,,,,,,,,,,,,,,
282043,29,29,0,29,0,29,0,29,0,29,0,29,0,29,0,,,,,,
282225,,,,,,,,,,,,,,,,,,,,,
282625,80.1,77.4,0.0349,77.4,0.0349,77.4,0.0349,77.4,0.0349,77.4,0.0349,71.4,0.122,71.4,0.122,71.4,0.122,99.5,-0.195,82,-0.0232
282642,11,11,0,12,-0.0833,12,-0.0833,12,-0.0833,12,-0.0833,11,0,9,0.222,9,0.222,15.5,-0.29,15.5,-0.29
282650,,,,,,,,,,,,,,,,,,,,,
282677,,,,,,,,,,,,,,,,,,,,,
283479,,,,,,,,,,,,,,,,,,,,,
283851,,,,,,,,,,,,,,,,,,,,,
283990,39.9,39.9,0,39.9,0,38.9,0.0257,38.9,0.0257,38.9,0.0257,38.9,0.0257,38.9,0.0257,38.9,0.0257,38.9,0.0257,38.9,0.0257
283991,8.2,8.2,0,8.2,0,8.2,0,8.2,0,8.2,0,8.2,0,8.2,0,8.2,0,8.2,0,8.2,0
284084,17,17,0,17,0,17,0,17,0,,,,,14.5,0.172,15,0.133,18,-0.0556,15.5,0.0968
284092,17,17,0,17,0,17,0,,,14.5,0.172,14.5,0.172,14.5,0.172,15,0.133,18,-0.0556,15.5,0.0968
284107,17,17,0,17,0,17,0,,,,,,,,,15,0.133,18,-0.0556,15.5,0.0968
284769,18.8,18.8,0,18.8,0,18.8,0,18.8,0,18.8,0,18.8,0,18.8,0,18.8,0,18.8,0,18.8,0
285110,,,,,,,,,,,,,,,,,,,,,
286800,61,61,0,61,0,61,0,61,0,61,0,61,0,61,0,61,0,61,0,,
286818,61,61,0,61,0,61,0,61,0,61,0,61,0,61,0,61,0,61,0,61,0
286923,,,,,,,,,,,,,,,,,,,,,
287130,71,71,0,71,0,71,0,71,0,71,0,71,0,,,71,0,71,0,71,0
287245,61,,,,,,,,,61,0,,,61,0,61,0,,,61,0
287300,61,61,0,61,0,61,0,61,0,61,0,,,,,,,61,0,61,0
287555,61,61,0,61,0,61,0,61,0,61,0,,,61,0,61,0,,,61,0
288013,150,150,0,150,0,188,-0.203,158,-0.0537,158,-0.0537,158,-0.0537,188,-0.203,159,-0.0572,188,-0.203,199,-0.247
288046,160,160,0,160,0,160,0,160,0,160,0,160,0,170,-0.0588,170,-0.0588,170,-0.0588,178,-0.101
288098,14.5,14.5,0,14.5,0,14.5,0,14.5,0,14.5,0,14.5,0,14.5,0,14.5,0,14.5,0,14.5,0
288101,14.5,14.5,0,14.5,0,14.5,0,14.5,0,14.5,0,14.5,0,14.5,0,14.5,0,14.5,0,,
288144,12,12,0,12,0,12,0,12,0,12,0,10.4,0.154,10.4,0.154,12.1,-0.00826,12.1,-0.00826,12.1,-0.00826
288217,,,,,,,,,,,,,,,,,,,,,
288250,6.8,6.8,0,6.8,0,6.8,0,6.8,0,6.8,0,6.8,0,6.8,0,7.1,-0.0423,7.1,-0.0423,8,-0.15
288268,14.8,14.8,0,14.8,0,14.8,0,14.8,0,14.8,0,13.8,0.0725,13.8,0.0725,13.8,0.0725,13.8,0.0725,14.7,0.0068
288349,31.2,31.2,0,31.2,0,31.2,0,31.2,0,31.2,0,26.4,0.182,26.4,0.182,34.3,-0.0904,34.3,-0.0904,34.3,-0.0904
288527,11.4,11.4,0,11.4,0,11.4,0,11.4,0,11.4,0,11.4,0,11.4,0,11.7,-0.0256,11.7,-0.0256,11.7,-0.0256
289010,27.4,27.4,0,27.4,0,27.4,0,27.4,0,27.4,0,,,27.4,0,27.4,0,29.5,-0.0712,29.5,-0.0712
289051,124,,,,,,,,,124,0,124,0,124,0,124,0,124,0,124,0
289671,28.1,28.1,0,28.1,0,28.1,0,28.1,0,28.1,0,28.1,0,,,28.1,0,28.1,0,28.1,0
290416,,,,,,,,,,,,,,,,,,,,,
290530,62,62,0,62,0,62,0,62,0,62,0,62,0,62,0,62,0,,,,
290610,,,,,,,,,,,,,,,,,,,,,
290823,17,17,0,17,0,17,0,17,0,17,0,17,0,17,0,17,0,17,0,17,0
290866,,,,,,,,,,,,,,,,,,,,,
290874,110,110,0,110,0,110,0,110,0,110,0,110,0,110,0,110,0,110,0,110,0
290882,,,,,,,,,,,,,,,,,,,,,
291001,90.3,90.3,0,90.3,0,90.3,0,90.3,0,90.3,0,77.5,0.165,77.5,0.165,82.9,0.0893,82.9,0.0893,65,0.389
291002,90.3,90.3,0,90.3,0,90.3,0,90.3,0,90.3,0,82.9,0.0893,82.9,0.0893,82.9,0.0893,82.9,0.0893,82.9,0.0893
291324,31,31,0,31,0,31,0,31,0,31,0,31,0,31,0,31,0,39,-0.205,39,-0.205
291325,31,31,0,31,0,31,0,31,0,31,0,31,0,31,0,31,0,39,-0.205,39,-0.205
291326,41,41,0,41,0,41,0,41,0,41,0,41,0,41,0,41,0,41,0,41,0
291327,,,,,,,,,,,,,,,,,,,,,
291592,,,,,,,,,,,,,,,,,,,,,
291595,13.5,13.5,0,13.5,0,13.5,0,13.5,0,13.5,0,13.5,0,13.5,0,13.5,0,13.5,0,13.5,0
291641,,,,,,,,,,,,,,,,,,,,,
291986,12.5,12.5,0,12.5,0,12.5,0,12.5,0,12.5,0,12.5,0,,,,,12.5,0,11.9,0.0504
292022,18.6,18.6,0,18.6,0,18.6,0,18.6,0,18.6,0,18.6,0,,,,,,,,
292176,110,110,0,110,0,126,-0.127,126,-0.127,126,-0.127,,,,,,,,,,
292505,36.8,36.8,0,36.8,0,36.8,0,36.8,0,36.8,0,36.8,0,36.8,0,36.8,0,36.8,0,40,-0.08
293011,,,,,,,,,,,,,,,,,,,,,
293014,,,,,,,,,,,,,,,,,,,,,
293017,176,176,0,176,0,176,0,176,0,176,0,176,0,176,0,176,0,90,0.951,90,0.951
293018,183,183,0,183,0,183,0,183,0,183,0,183,0,183,0,183,0,183,0,183,0
293019,,,,,,,,,,,,,,,,,,,,,
293023,122,122,0,122,0,122,0,122,0,122,0,122,0,122,0,122,0,122,0,122,0
293025,,,,,,,,,,,,,,,,,,,,,
293026,,,,,,,,,,,,,,,,,,,,,
293035,,,,,,,,,,,,,,,,,,,,,
293036,43.3,43.3,0,43.3,0,43.3,0,43.3,0,43.3,0,43.3,0,43.3,0,43.3,0,43.3,0,,
293038,38.9,38.9,0,38.9,0,38.9,0,38.9,0,38.9,0,38.9,0,38.9,0,38.9,0,38.9,0,41.9,-0.0716
293039,38.9,38.9,0,38.9,0,38.9,0,38.9,0,38.9,0,38.9,0,38.9,0,38.9,0,38.9,0,41.9,-0.0716
293042,15.5,15.5,0,15.5,0,15.5,0,15.5,0,15.5,0,15.5,0,,,14.5,0.069,15.5,0,22,-0.295
293050,98,98,0,98,0,98,0,98,0,98,0,88.5,0.107,88.5,0.107,88.5,0.107,163,-0.399,163,-0.4
293079,,,,,,,,,,,,,,,,,,,,,
293090,89,89,0,89,0,89,0,89,0,89,0,89,0,,,98,-0.0918,92,-0.0326,105,-0.152
293092,89,89,0,89,0,89,0,89,0,89,0,89,0,89,0,98,-0.0918,92,-0.0326,105,-0.152
293093,89,89,0,89,0,89,0,89,0,89,0,89,0,89,0,98,-0.0918,92,-0.0326,105,-0.152
293094,89,89,0,89,0,89,0,89,0,89,0,89,0,89,0,98,-0.0918,92,-0.0326,105,-0.152
293095,169,169,0,169,0,169,0,169,0,169,0,169,0,169,0,190,-0.109,190,-0.109,190,-0.109
293106,57.5,57.5,0,57.5,0,57.5,0,57.5,0,57.5,0,57.5,0,57.5,0,57.5,0,57.5,0,62,-0.0726
293107,,,,,,,,,,,,,,,,,,,,,
293108,64.8,64.8,0,64.8,0,64.8,0,104,-0.374,104,-0.374,104,-0.374,104,-0.374,104,-0.374,104,-0.374,104,-0.374
293109,104,104,0,104,0,104,0,104,0,104,0,,,104,0,104,0,104,0,104,0
293110,70.9,70.9,0,70.9,0,70.9,0,70.9,0,70.9,0,70.9,0,102,-0.307,102,-0.307,102,-0.307,,
293111,102,102,0,102,0,102,0,102,0,102,0,102,0,102,0,102,0,102,0,102,0
293112,,,,,,,,,,,,,,,,,,,,,
293114,59.4,59.4,0,59.4,0,59.4,0,59.4,0,59.4,0,59.4,0,59.4,0,59.4,0,59.4,0,,
293116,36.8,36.8,0,36.8,0,36.8,0,36.8,0,36.8,0,36.8,0,36.8,0,36.8,0,36.8,0,40,-0.08
293140,94,94,0,94,0,94,0,89,0.0562,89,0.0562,94,0,85,0.106,94,0,96.9,-0.0299,97.5,-0.0359
293141,89,89,0,94,-0.0532,94,-0.0532,89,0,89,0,94,-0.0532,94,-0.0532,94,-0.0532,96.9,-0.0815,97.5,-0.0872
293687,14.5,14.5,0,14.5,0,14.5,0,14.5,0,14.5,0,14.5,0,14.5,0,,,14.5,0,14.5,0
293695,14.5,14.5,0,14.5,0,14.5,0,14.5,0,14.5,0,14.5,0,14.5,0,14.5,0,14.5,0,14.5,0
294411,36.5,36.5,0,36.5,0,36.5,0,36.5,0,36.5,0,36.5,0,36.5,0,36.9,-0.0108,36.9,-0.0108,29.9,0.221
295272,51.9,51.9,0,51.9,0,51.9,0,51.9,0,53,-0.0208,53.5,-0.0299,53.5,-0.0299,62,-0.163,62,-0.163,62,-0.163
295388,11.7,11.7,0,11.7,0,11.7,0,11.7,0,11.7,0,11.7,0,11.7,0,11.7,0,11.7,0,,
295396,11.7,11.7,0,11.7,0,11.7,0,11.7,0,11.7,0,11.7,0,11.7,0,11.7,0,11.7,0,11.7,0
295426,,,,,,,,,,,,,,,,,,,,,
295434,3.5,3.5,0,3.5,0,3.5,0,3.5,0,,,,,,,3.5,0,3.5,0,,
295640,,,,,,,,,,,,,,,,,,,,,
295750,39.5,39.5,0,39.5,0,39.5,0,39.5,0,,,39.5,0,39.5,0,39.5,0,39.5,0,39.5,0
296119,,,,,,,,,,,,,,,,,,,,,
296120,60.5,60.5,0,60.5,0,60.5,0,60.5,0,60.5,0,60.5,0,60.5,0,60.5,0,60.5,0,65.8,-0.0805
296121,,,,,,,,,,,,,,,,,,,,,
296122,60.5,60.5,0,60.5,0,60.5,0,60.5,0,60.5,0,60.5,0,60.5,0,60.5,0,60.5,0,65.8,-0.0805
296146,191,191,0,191,0,191,0,191,0,191,0,191,0,,,,,,,,
296149,,,,,,,,,,,,,,,,,,,,,
296150,,,,,,,,,,,,,,,,,,,,,
296171,,,,,,,,,,,,,,,,,,,,,
296236,,,,,,,,,,,,,,,,,,,,,
296252,,,,,,,,,,,,,,,,,,,,,
296260,,,,,,,,,,,,,,,,,,,,,
296309,,,,,,,,,,,,,,,,,,,,,
296350,,,,,,,,,,,,,,,,,,,,,
296449,,,,,,,,,,,,,,,,,,,,,
297106,,,,,,,,,,,,,,,,,,,,,
297107,,,,,,,,,,,,,,,,,,,,,
297344,,,,,,,,,,,,,,,,,,,,,
297451,15.5,,,,,,,15.5,0,15.5,0,15.5,0,15.5,0,15.5,0,15.5,0,14,0.107
297968,17,17,0,17,0,17,0,17,0,17,0,17,0,17,0,17,0,17,0,17,0
297976,31.5,31.5,0,,,,,,,31.5,0,31.5,0,31.5,0,31.5,0,31.5,0,31.5,0
298034,37.5,37.5,0,37.5,0,37.5,0,37.5,0,37.5,0,30.5,0.23,30.5,0.23,30.5,0.23,30.5,0.23,30.5,0.23
298433,,,,,,,,,,,,,,,,,,,,,
298531,13.5,13.5,0,13.5,0,13.5,0,13.5,0,13.5,0,13.5,0,13.5,0,13.7,-0.0146,13.7,-0.0146,13.7,-0.0146
298711,11.5,11.5,0,11.5,0,11.5,0,11.5,0,11.5,0,11.5,0,,,11.5,0,11.5,0,11.5,0
299529,59.4,59.4,0,59.4,0,59.4,0,59.4,0,59.4,0,59.4,0,59.4,0,59.4,0,59.4,0,64.5,-0.0791
299553,36.8,36.8,0,36.8,0,36.8,0,36.8,0,36.8,0,36.8,0,36.8,0,36.8,0,36.8,0,40,-0.08
299634,,,,,,,,,,,,,,,,,,,,,
299693,8,8,0,8,0,8,0,8,0,8,0,8,0,8,0,8,0,8,0,8,0
299740,8,8,0,8,0,8,0,8,0,8,0,8,0,,,8,0,8,0,8,0
299790,47.9,47.9,0,47.9,0,47.9,0,47.9,0,47.9,0,47.9,0,47.9,0,47.9,0,47.9,0,47.9,0
299804,,,,,,,,,,,,,,,,,,,,,
299812,,,,,,,,,,,,,,,,,,,,,
299820,26.2,26.2,0,26.2,0,26.2,0,26.2,0,26.2,0,26.2,0,26.2,0,26.2,0,26.2,0,26.2,0
299847,,,,,,,,,,,,,,,,,,,,,
299855,,,,,,,,,,,,,,,,,,,,,
300140,23,23,0,23,0,23,0,23,0,23,0,23,0,23,0,23,0,23,0,23,0
300141,37.4,37.4,0,37.4,0,37.4,0,37.4,0,37.4,0,37.4,0,37.4,0,37.4,0,37.4,0,37.4,0
300142,37,37,0,37,0,37,0,37,0,37,0,,,,,37,0,37,0,,
300225,4.5,4.5,0,4.5,0,4.5,0,4.5,0,4.5,0,4.5,0,4.5,0,4.5,0,4.5,0,4.5,0
300349,8,8,0,8,0,8,0,8,0,8,0,8,0,8,0,8,0,8,0,8,0
300505,87.5,87.5,0,87.5,0,87.5,0,87.5,0,,,,,,,,,,,,
300506,87.5,87.5,0,87.5,0,87.5,0,,,,,,,,,,,,,,
300508,,,,,,,,,,,,,,,,,,,,,
300510,,,,,,,,,,,,,,,,,,,,,
300511,,,,,,,,,,,,,,,,,,,,,
300536,50,50,0,50,0,50,0,50,0,50,0,,,,,39.9,0.253,39.9,0.253,39.9,0.253
301010,,,,,,,,,,,,,,,,,,,,,
301011,6.3,6.3,0,6.3,0,6.3,0,6.3,0,6.3,0,6.3,0,6.3,0,6.3,0,6.3,0,6.3,0
301026,,,,,,,,,,,,,,,,,,,,,
301029,86.6,85.8,0.00932,85.8,0.00932,85.8,0.00932,85.8,0.00932,85.8,0.00932,73.5,0.178,73.5,0.178,65,0.332,85,0.0188,85,0.0188
301031,86.6,85.8,0.00932,85.8,0.00932,85.8,0.00932,85.8,0.00932,85.8,0.00932,73.5,0.178,73.5,0.178,85,0.0188,85,0.0188,85,0.0188
301032,,,,,,,,,,,,,,,,,,,,,
301111,132,132,0,132,0,,,132,0,132,0,132,0,132,0,224,-0.411,224,-0.411,224,-0.411
301117,,,,,,,,,,,,,,,,,,,,,
301118,54,54,0,54,0,,,54,0,54,0,54,0,54,0,92,-0.413,92,-0.413,92,-0.413
301149,,,,,,,,,,,,,,,,,,,,,
301420,54,54,0,54,0,,,,,,,54,0,54,0,54,0,54,0,54,0
301421,54,54,0,54,0,54,0,54,0,54,0,54,0,54,0,54,0,54,0,,
301422,,,,,,,,,,,,,,,,,,,,,
301423,73,73,0,73,0,73,0,73,0,73,0,73,0,73,0,73,0,73,0,73,0
301977,,,,,,,,,,,,,,,,,,,,,
302090,37.9,37.9,0,37.9,0,37.9,0,32.5,0.166,32.5,0.166,32.5,0.166,32.5,0.166,32.5,0.166,32.5,0.166,32.5,0.166
302111,,,,,,,,,,,,,,,,,,,,,
302115,,,,,,,,,,,,,,,,,,,,,
302116,,,,,,,,,,,,,,,,,,,,,
302173,40.5,40.5,0,40.5,0,40.5,0,40.5,0,40.5,0,40.5,0,40.5,0,40.5,0,26.9,0.506,26.9,0.506
302178,40.5,40.5,0,40.5,0,40.5,0,40.5,0,40.5,0,40.5,0,40.5,0,40.5,0,26.9,0.506,26.9,0.506
302309,,,,,,,,,,,,,,,,,,,,,
302333,13,13,0,13,0,13,0,12.5,0.04,12.5,0.04,12.5,0.04,12.5,0.04,12.5,0.04,,,,
302515,21,21,0,21,0,21,0,21,0,21,0,21,0,21,0,21,0,20,0.05,18.5,0.135
302530,,,,,,,,,,,,,,,,,,,,,
302578,,,,,,,,,,,,,,,,,,,,,
302600,11,11,0,11,0,11,0,11,0,11,0,11,0,11,0,11,0,11,0,11,0
302643,,,,,,,,,,,,,,,,,,,,,
302651,,,,,,,,,,,,,,,,,,,,,
302707,,,,,,,,,,,,,,,,,,,,,
302720,,,,,,,,,,,,,,,,,,,,,
302781,13.5,13.5,0,13.5,0,13.5,0,13.5,0,,,,,,,,,,,,
302852,63.2,63.2,0,63.2,0,63.2,0,63.2,0,63.2,0,53.3,0.186,53.3,0.186,68,-0.0706,68,-0.0706,68,-0.0706
302854,,,,,,,,,,,,,,,,,,,,,
302879,,,,,,,,,,,,,,,,,,,,,
303006,,,,,,,,,,,,,,,,,,,,,
303101,,,,,,,,,,,,,,,,,,,,,
303189,,,,,,,,,,,,,,,,,,,,,
303235,10,10,0,10,0,10,0,10,0,10,0,10,0,10,0,10,0,10,0,10,0
303275,,,,,,,,,,,,,,,,,,,,,
303283,,,,,,,,,,,,,,,,,,,,,
303523,91,91,0,91,0,91,0,91,0,91,0,85.9,0.0594,85.9,0.0594,87.1,0.0448,87.1,0.0448,87.1,0.0448
303541,84.5,84.5,0,84.5,0,84.5,0,84.5,0,84.5,0,82.5,0.0242,82.5,0.0242,87.1,-0.0299,87.1,-0.0299,87.1,-0.0299
303593,14,14,0,14,0,14,0,14.3,-0.021,14.3,-0.021,14.3,-0.021,,,14.3,-0.021,14.3,-0.021,15.5,-0.0968
303607,31.3,31.3,0,31.3,0,31.3,0,,,31.3,0,33,-0.0515,,,31,0.00968,31,0.00968,31,0.00968
303615,5.2,5.2,0,5.2,0,5.2,0,5.2,0,5.2,0,5.2,0,5.2,0,5.2,0,5.2,0,5.2,0
303642,,,,,,,,,,,,,,,,,,,,,
303654,,,,,,,,,,,,,,,,,,,,,
303704,,,,,,,,,,,,,,,,,,,,,
303712,,,,,,,,,,,,,,,,,,,,,
303720,,,,,,,,,,,,,,,,,,,,,
303836,38.9,38.9,0,38.9,0,38.9,0,32.5,0.197,32.5,0.197,32.5,0.197,32.5,0.197,,,,,32.5,0.197
303844,,,,,,,,,,,,,,,,,,,,,
303879,28,28,0,28,0,28,0,28,0,28,0,28,0,,,28,0,28,0,28,0
303917,,,,,,,,,,,,,,,,,,,,,
304007,20.5,20.5,0,20.5,0,20.5,0,20.5,0,20.5,0,,,20.5,0,20.5,0,20.5,0,20.5,0
304014,87.5,87.5,0,87.5,0,,,87.5,0,87.5,0,87.5,0,87.5,0,87.5,0,87.5,0,87.5,0
304104,,,,,,,,,,,,,,,,,,,,,
304110,21.5,21.5,0,21.5,0,21.5,0,21.5,0,21.5,0,21.5,0,,,21.5,0,21.5,0,21.5,0
304111,,,,,,,,,,,,,,,,,,,,,
304141,,,,,,,,,,,,,,,,,,,,,
304167,,,,,,,,,,,,,,,,,,,,,
304177,,,,,,,,,,,,,,,,,,,,,
304189,25,25,0,25,0,25,0,25,0,25,0,25,0,25,0,25,0,25,0,25,0
304352,11.9,11.9,0,11.9,0,11.9,0,11.9,0,11.9,0,11.9,0,11.9,0,11.9,0,,,,
304504,22.5,22.5,0,22.5,0,22.5,0,22.5,0,22.5,0,21.5,0.0465,21.5,0.0465,21.5,0.0465,24.5,-0.0816,26.9,-0.164
304511,,,,,,,,,,,,,,,,,,,,,
304533,,,,,,,,,,,,,,,,,,,,,
304741,65,65,0,65,0,65,0,65,0,65,0,56.5,0.15,56.5,0.15,,,68.5,-0.0511,73,-0.11
304792,63,63,0,63,0,63,0,63,0,63,0,63,0,63,0,63,0,63,0,55,0.145
304972,10,10,0,10,0,10,0,10,0,9.8,0.0204,10,0,10,0,9.9,0.0101,10.9,-0.0826,13.8,-0.275
305022,,,,,,,,,,,,,,,,,,,,,
305030,,,,,,,,,,,,,,,,,,,,,
305106,,,,,,,,,,,,,,,,,,,,,
305110,18.4,18.4,0,18.4,0,18.4,0,18.4,0,18.4,0,,,,,18.4,0,18.4,0,18.4,0
305146,31.7,31.7,0,31.7,0,31.7,0,31.7,0,31.7,0,31.7,0,,,31.7,0,31.7,0,30.5,0.0393
305152,16.9,16.9,0,16.9,0,16.9,0,16.9,0,16.9,0,16.9,0,,,16.9,0,12.9,0.31,14.5,0.166
305179,,,,,,,,,,,,,,,,,,,,,
305235,16.6,16.6,0,16.6,0,16.6,0,14.5,0.145,,,14.5,0.145,,,14.5,0.145,14.5,0.145,14.5,0.145
305400,28.9,28.9,0,34,-0.15,34,-0.15,34,-0.15,34,-0.15,34,-0.15,34,-0.15,34,-0.15,34,-0.15,34,-0.15
305415,5,5,0,5,0,5,0,5,0,5,0,5,0,3.9,0.282,5.6,-0.107,5.6,-0.107,5.6,-0.107
305448,63.1,63.1,0,63.1,0,63.1,0,63.1,0,63.1,0,63.1,0,63.1,0,63.1,0,63.1,0,63.1,0
305520,,,,,,,,,,,,,,,,,,,,,
305526,,,,,,,,,,,,,,,,,,,,,
305527,27,27,0,27,0,27,0,27,0,27,0,27,0,27,0,26,0.0385,26,0.0385,26,0.0385
305537,37.8,37.8,0,37.8,0,37.8,0,37.8,0,37.8,0,37.8,0,,,37.8,0,,,,
305643,75,75,0,75,0,75,0,75,0,75,0,75,0,75,0,75,0,75,0,80.6,-0.0695
305711,5.6,5.6,0,5.6,0,5.6,0,5.6,0,5.6,0,5.6,0,5.6,0,5.6,0,5.6,0,5.6,0
305712,15.5,15.5,0,15.5,0,15.5,0,15.5,0,15.5,0,15.5,0,15.5,0,15.5,0,15.5,0,15.5,0
305716,23,23,0,23,0,23,0,23,0,23,0,23,0,23,0,23,0,23,0,23,0
305717,4.8,4.8,0,4.8,0,4.8,0,4.8,0,4.8,0,4.8,0,4.8,0,4.8,0,4.8,0,4.8,0
305718,13.8,13.8,0,13.8,0,13.8,0,13.8,0,13.8,0,13.8,0,13.8,0,13.8,0,13.8,0,13.8,0
305722,22,22,0,22,0,22,0,22,0,22,0,22,0,22,0,22,0,22,0,22,0
305778,,,,,,,,,,,,,,,,,,,,,
305789,81,81,0,81,0,,,81,0,81,0,81,0,81,0,81,0,81,0,81,0
305799,35.7,35.7,0,35.7,0,35.7,0,35.7,0,35.7,0,35.7,0,35.7,0,35.7,0,35.7,0,35.7,0
305815,20,20,0,20,0,20,0,20,0,,,,,,,,,,,,
305820,110,110,0,110,0,126,-0.127,126,-0.127,126,-0.127,,,,,,,,,,
305857,37.5,37.5,0,34.5,0.087,34.5,0.087,34.5,0.087,,,28.9,0.298,28.9,0.298,41.4,-0.0942,41.4,-0.0942,41.4,-0.0942
305878,34.9,34.9,0,34.5,0.0116,34.5,0.0116,34.5,0.0116,30,0.163,30,0.163,30,0.163,34.9,0,34.9,0,34.9,0
305960,15.5,15.5,0,15.5,0,15.5,0,15.5,0,15.5,0,,,,,15.5,0,14.5,0.069,14.5,0.069
306051,17.5,17.5,0,17.5,0,17.5,0,17.5,0,17.5,0,17.5,0,,,17.5,0,15,0.167,15,0.167
306197,21.5,21.5,0,21.5,0,21.5,0,21.5,0,21.5,0,20.5,0.0488,,,29.5,-0.271,,,,
306223,,,,,,,,,,,,,,,,,,,,,
306404,,,,,,,,,,,,,,,,,,,,,
306405,,,,,,,,,,,,,,,,,,,,,
306406,,,,,,,,,,,,,,,,,,,,,
306410,105,105,0,105,0,105,0,105,0,105,0,94.8,0.108,94.8,0.108,94.8,0.108,167,-0.37,167,-0.371
306419,,,,,,,,,,,,,,,,,,,,,
306441,14.5,14.5,0,14.5,0,14.5,0,14.5,0,14.5,0,14.5,0,14.5,0,14.5,0,12.5,0.16,12.5,0.16
306442,14.5,14.5,0,14.5,0,14.5,0,14.5,0,14.5,0,14.5,0,14.5,0,14.5,0,12.5,0.16,12.5,0.16
306477,,,,,,,,,,,,,,,,,,,,,
306577,32.5,32.5,0,32.5,0,32.5,0,32.5,0,43,-0.244,43,-0.244,43,-0.244,,,,,,
306701,81,81,0,81,0,,,81,0,81,0,81,0,81,0,81,0,81,0,81,0
306702,81,81,0,81,0,,,81,0,81,0,81,0,81,0,81,0,81,0,81,0
306705,81,81,0,81,0,,,81,0,81,0,,,81,0,81,0,81,0,81,0
306778,29.5,29.5,0,,,,,,,,,,,,,29.5,0,29.5,0,29.5,0
306781,,,,,,,,,,,,,,,,,,,,,
306783,17,17,0,17,0,17,0,17,0,17,0,,,,,,,,,,
306787,43.5,43.5,0,43.5,0,43.5,0,43.5,0,43.5,0,,,,,,,,,,
306835,,,,,,,,,,,,,,,,,,,,,
307100,10,10,0,10,0,10,0,10,0,10,0,,,,,10,0,8.7,0.149,8.7,0.149
307101,,,,,,,,,,,,,,,,,,,,,
307107,28,28,0,26.5,0.0566,26.5,0.0566,26.5,0.0566,18.5,0.514,18.5,0.514,,,29,-0.0345,29,-0.0345,29,-0.0345
307112,,,,,,,,,,,,,,,,,,,,,
307114,18.9,18.9,0,18.9,0,18.9,0,18.9,0,18.9,0,,,,,18.9,0,15,0.26,15,0.26
307118,,,,,,,,,,,,,,,,,,,,,
307119,,,,,,,,,,,,,,,,,,,,,
307122,18.9,18.9,0,18.9,0,18.9,0,18.9,0,18.9,0,18.9,0,18.9,0,18.9,0,15,0.26,15,0.26
307130,18.9,18.9,0,18.9,0,18.9,0,18.9,0,18.9,0,18.9,0,18.9,0,18.9,0,15,0.26,15,0.26
307170,40,40,0,40,0,40,0,40,0,40,0,40,0,40,0,40,0,40,0,,
307661,,,,,,,,,,,,,,,,,,,,,
307726,15,15,0,15,0,15,0,13.9,0.0791,13.9,0.0791,15,0,15,0,15,0,15,0,15,0
307727,,,,,,,,,,,,,,,,,,,,,
307730,,,,,,,,,,,,,,,,,,,,,
307885,14.9,14.9,0,14.9,0,14.9,0,14.9,0,14.9,0,16.9,-0.118,16.9,-0.118,13.9,0.0719,16.9,-0.118,16.9,-0.118
307955,,,,,,,,,,,,,,,,,,,,,
308048,12.5,12.5,0,11.5,0.087,11.5,0.087,11.5,0.087,11,0.136,11,0.136,11,0.136,13.3,-0.0602,13.3,-0.0602,13.3,-0.0602
308181,25,25,0,25,0,25,0,25,0,25,0,25,0,25,0,22.5,0.111,22.5,0.111,22.5,0.111
308187,28,28,0,28,0,28,0,28,0,28,0,28,0,,,,,26,0.0769,26,0.0769
308269,59.4,59.4,0,59.4,0,59.4,0,59.4,0,59.4,0,59.4,0,59.4,0,59.4,0,59.4,0,59.4,0
308316,,,,,,,,,,,,,,,,,,,,,
308442,,,,,,,,,,,,,,,,,,,,,
308579,8.5,8.5,0,8.5,0,8.5,0,8.5,0,8.5,0,10,-0.15,10,-0.15,10,-0.15,8.9,-0.0449,8.5,0
308600,,,,,,,,,,,,,,,,,,,,,
309571,,,,,,,,,,,,,,,,,,,,,
309747,100,100,0,100,0,,,100,0,100,0,100,0,99,0.0101,99,0.0101,99,0.0101,99,0.0101
309771,11.3,11.3,0,11.3,0,11.3,0,,,,,,,,,,,,,,
309775,11.3,11.3,0,11.3,0,11.3,0,11.3,0,11.3,0,11.3,0,,,,,,,,
309971,48.5,48.5,0,48.5,0,48.5,0,48.5,0,48.5,0,48.5,0,48.5,0,63,-0.23,63,-0.23,63,-0.23
309982,21,20.8,0.00962,20.8,0.00962,20.8,0.00962,20.8,0.00962,20.8,0.00962,17.8,0.18,15,0.4,21.7,-0.0323,21.7,-0.0323,18,0.167
310187,,,,,,,,,,,,,,,,,,,,,
310371,15,15,0,15,0,15,0,15,0,15,0,15,0,15,0,,,,,,
310372,29.5,29.5,0,29.5,0,29.5,0,29.5,0,24.5,0.204,24.5,0.204,24.5,0.204,,,,,,
310374,,,,,,,,,,,,,,,,,,,,,
310383,22.5,22.5,0,22.5,0,22.5,0,22.5,0,18,0.25,,,18,0.25,,,,,,
310384,,,,,,,,,,,,,,,,,,,,,
310385,,,,,,,,,,,,,,,,,,,,,
310386,34.5,34.5,0,34.5,0,34.5,0,34.5,0,34.5,0,26,0.327,26,0.327,,,,,,
310390,199,199,0,199,0,,,199,0,199,0,,,,,,,,,,
310394,,,,,,,,,,,,,,,,,,,,,
310398,12.5,12.5,0,12.5,0,,,12.5,0,12.5,0,12.5,0,,,,,,,,
310399,10,10,0,10,0,,,10,0,,,,,,,,,,,,
310441,,,,,,,,,,,,,,,,,,,,,
310447,,,,,,,,,,,,,,,,,,,,,
310539,14.8,14.8,0,14.8,0,14.8,0,14.8,0,14.8,0,14.8,0,14.8,0,14.8,0,17.6,-0.159,24,-0.383
310923,,,,,,,,,,,,,,,,,,,,,
310924,,,,,,,,,,,,,,,,,,,,,
310931,28,28,0,28,0,28,0,28,0,28,0,28,0,28,0,32.8,-0.146,25,0.12,32.8,-0.146
311077,33,33,0,33,0,33,0,33,0,33,0,38.5,-0.143,38.5,-0.143,39.5,-0.165,39.5,-0.165,39.5,-0.165
311584,16.5,16.5,0,15.3,0.0784,15.3,0.0784,15.3,0.0784,13.5,0.222,14.5,0.138,14.5,0.138,18.4,-0.103,18.4,-0.103,18.4,-0.103
311586,16.5,16.5,0,15,0.1,15,0.1,15,0.1,,,,,,,,,18.4,-0.103,18.4,-0.103
311589,,,,,,,,,,,,,,,,,,,,,
311790,25.6,25.6,0,25.6,0,25.6,0,25.6,0,25.6,0,25.6,0,25.6,0,25.6,0,25.6,0,25.6,0
311804,25.6,25.6,0,25.6,0,25.6,0,25.6,0,25.6,0,25.6,0,25.6,0,25.6,0,25.6,0,25.6,0
311812,,,,,,,,,,,,,,,,,,,,,
311820,,,,,,,,,,,,,,,,,,,,,
312050,59.4,59.4,0,59.4,0,59.4,0,59.4,0,59.4,0,59.4,0,59.4,0,59.4,0,59.4,0,64.5,-0.0791
312051,,,,,,,,,,,,,,,,,,,,,
312052,36.8,36.8,0,36.8,0,36.8,0,36.8,0,36.8,0,36.8,0,36.8,0,36.8,0,36.8,0,40,-0.08
312102,55,55,0,55,0,,,55,0,55,0,55,0,55,0,55,0,,,,
312103,57.5,57.5,0,57.5,0,,,55,0.0455,55,0.0455,55,0.0455,55,0.0455,55,0.0455,,,,
312104,16.5,16.5,0,,,,,,,,,,,,,,,,,,
312105,16.5,16.5,0,,,,,,,,,,,,,,,,,,
312107,14.9,14.9,0,14.9,0,14.9,0,14.9,0,14.9,0,14.9,0,14.9,0,,,,,,
312109,18.5,18.5,0,18.5,0,18.5,0,18.5,0,18.5,0,18.5,0,18.5,0,,,,,,
312110,30,30,0,30,0,,,30,0,30,0,30,0,,,,,,,,
312111,30,30,0,30,0,,,30,0,30,0,30,0,,,,,,,,
312112,9.5,,,,,,,,,,,,,,,,,,,,
312113,9.5,,,,,,,,,,,,,,,,,,,,
312114,31.5,,,,,,,,,,,,,,,,,,,,
312117,10.5,,,,,,,,,,,,,,,,,,,,
312119,7.5,,,,,,,,,,,,,,,,,,,,
312122,239,239,0,239,0,,,239,0,239,0,239,0,239,0,234,0.0214,,,,
312123,,,,,,,,,,,,,,,,,,,,,
312124,,,,,,,,,,,,,,,,,,,,,
312128,4.5,4.5,0,5,-0.1,5,-0.1,4,0.125,4,0.125,4,0.125,4,0.125,4,0.125,,,,
312129,,,,,,,,,,,,,,,,,,,,,
312130,11,11,0,11,0,11,0,8.9,0.236,8.9,0.236,11,0,,,,,,,,
312133,48,48,0,48,0,48,0,48,0,48,0,,,,,,,,,,
312135,31.5,31.5,0,31.5,0,31.5,0,29,0.0862,29,0.0862,,,25.5,0.235,,,,,,
312136,31.5,31.5,0,31.5,0,31.5,0,29,0.0862,29,0.0862,,,,,,,,,,
312137,31.5,31.5,0,31.5,0,31.5,0,29,0.0862,29,0.0862,27.5,0.145,25.5,0.235,,,,,,
312138,5.5,5.5,0,,,,,,,,,,,,,5,0.1,,,,
312139,5.5,5.5,0,5.5,0,5.5,0,5,0.1,5,0.1,,,,,5,0.1,,,,
312140,12.5,12.5,0,,,,,9.9,0.263,,,12.5,0,,,12.5,0,,,,
312144,31.5,31.5,0,31.5,0,31.5,0,29,0.0862,29,0.0862,,,,,,,,,,
312145,31.5,31.5,0,31.5,0,31.5,0,29,0.0862,29,0.0862,,,25.5,0.235,,,,,,
312146,36,36,0,36,0,36,0,36,0,36,0,,,,,,,,,,
312147,20.5,20.5,0,20.5,0,20.5,0,20.5,0,20.5,0,20.5,0,20.5,0,,,,,,
312148,37,37,0,37,0,37,0,37,0,37,0,37,0,37,0,,,,,,
312149,37,37,0,37,0,37,0,37,0,37,0,37,0,37,0,,,,,,
312151,10,,,,,,,,,,,,,,,,,,,,
312153,37,37,0,37,0,37,0,37,0,37,0,37,0,37,0,,,,,,
312154,16,,,,,,,,,,,,,,,,,,,,
312155,150,150,0,150,0,,,150,0,150,0,150,0,150,0,,,,,,
312158,37,37,0,37,0,37,0,37,0,37,0,37,0,37,0,,,,,,
312159,37,37,0,37,0,37,0,37,0,37,0,37,0,37,0,,,,,,
312161,25,25,0,,,25,0,25,0,25,0,,,,,,,,,,
312164,10.9,10.9,0,10.9,0,10.9,0,9.5,0.147,,,10.9,0,,,,,,,,
312168,115,115,0,115,0,115,0,115,0,95,0.211,95,0.211,95,0.211,,,,,,
312170,115,115,0,115,0,115,0,115,0,95,0.211,95,0.211,95,0.211,,,,,,
312172,18.5,18.5,0,18.5,0,18.5,0,17.5,0.0571,17.5,0.0571,17.5,0.0571,,,,,,,,
312175,7.5,7.5,0,7.5,0,7.5,0,6,0.25,6,0.25,5,0.5,,,,,,,,
312176,,,,,,,,,,,,,,,,,,,,,
312178,,,,,,,,,,,,,,,,,,,,,
312179,,,,,,,,,,,,,,,,,,,,,
312180,,,,,,,,,,,,,,,,,,,,,
312182,49.5,49.5,0,49.5,0,49.5,0,49.5,0,,,,,,,,,,,,
312183,28.5,28.5,0,28.5,0,28.5,0,28.5,0,,,,,,,,,,,,
312184,180,180,0,180,0,180,0,180,0,180,0,180,0,180,0,,,,,,
312186,180,180,0,180,0,180,0,180,0,180,0,180,0,180,0,,,,,,
312187,41,41,0,41,0,41,0,41,0,,,,,,,,,,,,
312188,27,27,0,27,0,27,0,25,0.08,25,0.08,25,0.08,,,,,,,,
312192,48,48,0,48,0,48,0,45,0.0667,45,0.0667,45,0.0667,,,,,,,,
312195,59,59,0,59,0,59,0,59,0,59,0,59,0,,,,,,,,
312196,,,,,,,,,,,,,,,,,,,,,
312197,10,10,0,10,0,10,0,10,0,10,0,10,0,10,0,,,,,,
312199,75,75,0,75,0,,,75,0,75,0,75,0,,,,,,,,
312203,9.8,9.8,0,9.8,0,9.8,0,9.8,0,9.8,0,9.8,0,,,,,,,,
312204,9.8,9.8,0,9.8,0,9.8,0,9.8,0,9.8,0,9.8,0,,,,,,,,
312211,145,145,0,174,-0.167,174,-0.167,174,-0.167,159,-0.0887,159,-0.0887,159,-0.0887,,,,,,
312212,,,,,,,,,,,,,,,,,,,,,
312213,,,,,,,,,,,,,,,,,,,,,
312214,17.5,17.5,0,16.9,0.0355,16.9,0.0355,16.9,0.0355,13.5,0.296,13.5,0.296,,,,,,,,
312217,12.5,12.5,0,12.5,0,12.5,0,12.5,0,12.5,0,,,,,,,,,,
312218,21,21,0,21,0,21,0,21,0,21,0,,,,,,,,,,
312219,16,16,0,16,0,16,0,16,0,16,0,,,,,,,,,,
312220,21,21,0,21,0,21,0,21,0,21,0,,,,,,,,,,
312221,21,21,0,21,0,21,0,21,0,21,0,,,,,,,,,,
312225,,,,,,,,,,,,,,,,,,,,,
312227,110,110,0,110,0,,,110,0,110,0,110,0,110,0,,,,,,
312232,,,,,,,,,,,,,,,,,,,,,
312233,62,62,0,62,0,,,62,0,62,0,62,0,62,0,,,,,,
312237,,,,,,,,,,,,,,,,,,,,,
312238,115,115,0,115,0,,,99,0.162,99,0.162,99,0.162,99,0.162,,,,,,
312239,13.8,13.8,0,13.8,0,,,13.8,0,,,,,,,,,,,,
312241,16,16,0,16,0,16,0,16,0,16,0,,,,,,,,,,
312242,16,16,0,16,0,16,0,16,0,16,0,,,,,,,,,,
312247,13,13,0,13,0,13,0,13,0,13,0,13,0,13,0,,,,,,
312248,13,13,0,13,0,13,0,13,0,13,0,13,0,13,0,,,,,,
312249,22.5,22.5,0,22.5,0,22.5,0,22.5,0,22.5,0,22.5,0,22.5,0,,,,,,
312250,22.5,22.5,0,22.5,0,22.5,0,22.5,0,22.5,0,22.5,0,22.5,0,,,,,,
312252,15.5,15.5,0,15.5,0,15.5,0,15.5,0,15.5,0,15.5,0,,,,,,,,
312253,118,118,0,118,0,,,118,0,118,0,118,0,118,0,,,,,,
312254,118,118,0,118,0,,,118,0,118,0,118,0,118,0,,,,,,
312255,118,118,0,118,0,,,118,0,118,0,118,0,118,0,,,,,,
312257,47.5,47.5,0,47.5,0,47.5,0,47.5,0,47.5,0,47.5,0,47.5,0,,,,,,
312261,11.5,11.5,0,12.9,-0.109,12.9,-0.109,12.9,-0.109,12.9,-0.109,12.9,-0.109,,,,,,,,
312263,12.4,12.4,0,12.4,0,12.4,0,12.4,0,12.4,0,12.4,0,,,,,,,,
312267,,,,,,,,,,,,,,,,,,,,,
312278,15.5,15.5,0,15.5,0,15.5,0,,,15.5,0,15.5,0,,,,,,,,
312284,10,10,0,10,0,10,0,10,0,10,0,,,,,,,,,,
312285,,,,,,,,,,,,,,,,,,,,,
312286,,,,,,,,,,,,,,,,,,,,,
312290,,,,,,,,,,,,,,,,,,,,,
312291,30,30,0,,,,,,,,,,,,,,,,,,
312294,8,8,0,8,0,8,0,8,0,8,0,,,8,0,,,,,,
312295,13.5,13.5,0,13.5,0,13.5,0,13.5,0,13.5,0,13.5,0,,,,,,,,
312296,14.5,14.5,0,14.5,0,14.5,0,14.5,0,14.5,0,14.5,0,,,,,,,,
312297,19,19,0,19,0,19,0,19,0,19,0,19,0,,,,,,,,
312298,44,44,0,44,0,44,0,38,0.158,,,,,,,,,,,,
312308,10,10,0,10,0,10,0,10,0,10,0,,,,,,,,,,
312309,8,8,0,8,0,8,0,,,8,0,,,,,,,,,,
312310,,,,,,,,,,,,,,,,,,,,,
312311,44,44,0,44,0,44,0,44,0,44,0,35,0.257,35,0.257,,,,,,
312711,26,26,0,26,0,26,0,26,0,26,0,26,0,26,0,26,0,26,0,26,0
313009,,,,,,,,,,,,,,,,,,,,,
313150,,,,,,,,,,,,,,,,,,,,,
313153,,,,,,,,,,,,,,,,,,,,,
313154,,,,,,,,,,,,,,,,,,,,,
313160,47,47,0,47,0,47,0,47,0,47,0,47,0,47,0,47,0,47,0,50.5,-0.0693
313166,,,,,,,,,,,,,,,,,,,,,
313167,43.8,,,,,,,,,42.5,0.0306,42.5,0.0306,42.5,0.0306,42.5,0.0306,42.5,0.0306,48,-0.0875
313168,,,,,,,,,,,,,,,,,,,,,
313225,,,,,,,,,,,,,,,,,,,,,
313226,,,,,,,,,,,,,,,,,,,,,
313232,215,215,0,215,0,215,0,215,0,215,0,215,0,215,0,215,0,215,0,215,0
313234,215,215,0,215,0,215,0,215,0,215,0,215,0,215,0,215,0,215,0,215,0
313238,,,,,,,,,,,,,,,,,,,,,
313254,75,75,0,75,0,75,0,75,0,75,0,75,0,75,0,75,0,75,0,75,0
313310,14.3,14.3,0,14.3,0,14.3,0,14.3,0,14.3,0,14.3,0,17.1,-0.164,17.1,-0.164,17.1,-0.164,18.4,-0.223
313320,,,,,,,,,,,,,,,,,,,,,
313321,,,,,,,,,,,,,,,,,,,,,
313370,10.4,10.4,0,10.4,0,10.4,0,9.7,0.0722,9.7,0.0722,9,0.156,8.4,0.238,11.8,-0.119,,,,
313371,,,,,,,,,,,,,,,,,,,,,
313373,21.5,21.5,0,21.5,0,21.5,0,19.9,0.0804,19.9,0.0804,18.5,0.162,17.2,0.25,25.4,-0.154,,,,
313375,43.3,43.3,0,43.3,0,43.3,0,43.3,0,43.3,0,40.3,0.0744,37.3,0.161,54.6,-0.207,54.6,-0.207,54.6,-0.207
313460,,,,,,,,,,,,,,,,,,,,,
313500,,,,,,,,,,,,,,,,,,,,,
313511,,,,,,,,,,,,,,,,,,,,,
313550,16.3,16.3,0,16.3,0,16.3,0,16.3,0,16.3,0,16.3,0,16.3,0,16.3,0,16.3,0,,
313551,16.3,16.3,0,16.3,0,16.3,0,16.3,0,16.3,0,16.3,0,16.3,0,16.3,0,16.3,0,,
313570,,,,,,,,,,,,,,,,,,,,,
313636,,,,,,,,,,,,,,,,,,,,,
313638,,,,,,,,,,,,,,,,,,,,,
313639,46,46,0,46,0,46,0,46,0,46,0,46,0,46,0,46,0,46,0,46,0
313640,,,,,,,,,,,,,,,,,,,,,
313641,128,128,0,128,0,128,0,128,0,128,0,128,0,102,0.25,128,0,128,0,128,0
313642,,,,,,,,,,,,,,,,,,,,,
313643,128,128,0,128,0,128,0,128,0,128,0,128,0,102,0.25,128,0,128,0,128,0
313644,128,128,0,128,0,128,0,128,0,128,0,128,0,102,0.25,128,0,128,0,128,0
313646,128,128,0,128,0,128,0,128,0,128,0,128,0,102,0.25,128,0,128,0,128,0
313647,97.5,97.5,0,97.5,0,130,-0.25,130,-0.25,130,-0.25,130,-0.25,130,-0.25,130,-0.25,130,-0.25,130,-0.25
313750,,,,,,,,,,,,,,,,,,,,,
313810,,,,,,,,,,,,,,,,,,,,,
313811,,,,,,,,,,,,,,,,,,,,,
313812,,,,,,,,,,,,,,,,,,,,,
313813,,,,,,,,,,,,,,,,,,,,,
313820,16,16,0,16,0,16,0,16,0,16,0,16,0,16,0,16,0,,,,
313910,23.5,23.5,0,23.5,0,23.5,0,23.5,0,20,0.175,20,0.175,20,0.175,20,0.175,20,0.175,20,0.175
314024,27.4,27.4,0,27.4,0,27.4,0,27.4,0,27.4,0,27.4,0,27.4,0,27.4,0,29.5,-0.0712,29.5,-0.0712
314028,31.8,31.8,0,31.8,0,31.8,0,31.8,0,,,,,,,,,,,,
314029,31.8,31.8,0,31.8,0,31.8,0,31.8,0,31.8,0,31.8,0,31.8,0,31.8,0,31.8,0,31.8,0
314031,31.8,31.8,0,31.8,0,31.8,0,31.8,0,31.8,0,31.8,0,31.8,0,31.8,0,31.8,0,31.8,0
314033,31.8,31.8,0,31.8,0,31.8,0,31.8,0,31.8,0,31.8,0,31.8,0,31.8,0,31.8,0,31.8,0
314036,20.9,20.9,0,20.9,0,20.9,0,17.8,0.174,17.8,0.174,20.9,0,,,20.9,0,23,-0.0913,23,-0.0913
314039,20.9,20.9,0,20.9,0,20.9,0,20.9,0,20.9,0,20.9,0,,,20.9,0,23,-0.0913,23,-0.0913
314049,20.9,20.9,0,20.9,0,20.9,0,20.9,0,20.9,0,20.9,0,,,20.9,0,23,-0.0913,23,-0.0913
314055,20.9,20.9,0,20.9,0,20.9,0,20.9,0,20.9,0,20.9,0,,,20.9,0,23,-0.0913,23,-0.0913
314060,35,35,0,35,0,35,0,35,0,35,0,35,0,35,0,35,0,35,0,33.5,0.0448
314063,33.5,33.5,0,33.5,0,33.5,0,33.5,0,,,33.5,0,33.5,0,33.5,0,,,32.5,0.0308
314078,,,,,,,,,,,,,,,,,,,,,
314081,,,,,,,,,,,,,,,,,,,,,
314536,,,,,,,,,,,,,,,,,,,,,
314587,,,,,,,,,,,,,,,,,,,,,
314900,,,,,,,,,,,,,,,,,,,,,
314978,57.5,57.5,0,57.5,0,57.5,0,57.5,0,57.5,0,57.5,0,57.5,0,,,,,,
315370,,,,,,,,,,,,,,,,,,,,,
315509,32.2,31.5,0.0222,31.5,0.0222,31.5,0.0222,31.5,0.0222,33.6,-0.0417,28.1,0.146,23,0.4,28.1,0.146,35.1,-0.0826,38.2,-0.157
315923,55,55,0,55,0,55,0,55,0,55,0,55,0,,,55,0,55,0,55,0
316121,7.5,7.5,0,7.5,0,7.5,0,7.5,0,7.5,0,7.5,0,9.9,-0.242,,,9.9,-0.242,,
316331,17,17,0,17,0,21,-0.19,21,-0.19,21,-0.19,21,-0.19,21,-0.19,21,-0.19,21,-0.19,21.9,-0.224
316369,127,127,0,127,0,127,0,127,0,127,0,127,0,127,0,127,0,127,0,127,0
316512,13,13,0,13,0,13,0,13,0,13,0,,,,,,,,,,
316539,50.6,50.6,0,50.6,0,50.6,0,50.6,0,50.6,0,50.6,0,50.6,0,50.6,0,50.6,0,,
316580,91.6,91.6,0,91.6,0,91.6,0,91.6,0,91.6,0,91.6,0,91.6,0,91.6,0,,,91.6,0
316778,26.5,26.5,0,26.5,0,26.5,0,26.5,0,26.5,0,26.5,0,,,26.5,0,26.5,0,22.4,0.183
316779,26.5,26.5,0,26.5,0,26.5,0,26.5,0,26.5,0,26.5,0,26.5,0,26.5,0,26.5,0,22.4,0.183
316814,31,31,0,31,0,31,0,31,0,31,0,31,0,24.9,0.245,29.9,0.0368,36.5,-0.151,36.5,-0.151
316822,40.5,40.5,0,40.5,0,40.5,0,31.9,0.27,31.9,0.27,40.5,0,34.9,0.16,32.9,0.231,48,-0.156,37.9,0.0686
316830,31,31,0,31,0,31,0,24.9,0.245,24.9,0.245,31,0,24.9,0.245,25.9,0.197,36.5,-0.151,29.9,0.0368
317152,,,,,,,,,,,,,,,,,,,,,
317269,16.3,16.3,0,16.3,0,16.3,0,16.3,0,16.3,0,16.3,0,16.3,0,16.3,0,16.3,0,,
317659,18.9,18.9,0,18.9,0,18.9,0,18.9,0,18.9,0,19,-0.00526,,,18.9,0,18.9,0,18.9,0
317748,23.4,23.4,0,23.4,0,23.4,0,23.4,0,23.4,0,23.4,0,,,,,,,,
317764,23.4,23.4,0,23.4,0,23.4,0,23.4,0,23.4,0,23.4,0,,,,,,,,
317810,23.4,23.4,0,23.4,0,23.4,0,23.4,0,23.4,0,23.4,0,,,,,,,,
317829,23.4,23.4,0,23.4,0,23.4,0,23.4,0,23.4,0,23.4,0,,,,,,,,
317918,10.9,10.9,0,10.9,0,10.9,0,10.9,0,10.9,0,10.9,0,,,,,,,,
317926,10.9,10.9,0,10.9,0,10.9,0,10.9,0,10.9,0,10.9,0,,,,,,,,
318340,,,,,,,,,,,,,,,,,,,,,
318507,,,,,,,,,,,,,,,,,,,,,
318671,22.2,22.2,0,22.2,0,22.2,0,22.2,0,22.2,0,22.2,0,22.2,0,22.2,0,22.2,0,22.2,0
318698,14,14,0,14,0,14,0,14,0,14,0,14,0,14,0,14,0,14,0,14,0
318825,,,,,,,,,,,,,,,,,,,,,
318922,,,,,,,,,,,,,,,,,,,,,
318990,17.5,17.5,0,17.5,0,17.5,0,17.5,0,17.5,0,17.5,0,17.5,0,17.5,0,17.5,0,17.5,0
319287,,,,,,,,,,,,,,,,,,,,,
319490,,,,,,,,,,,,,,,,,,,,,
319503,,,,,,,,,,,,,,,,,,,,,
319554,58,58,0,58,0,58,0,58,0,58,0,,,,,,,,,,
319880,,,,,,,,,,,,,,,,,,,,,
320010,,,,,,,,,,,,,,,,,,,,,
320120,,,,,,,,,,,,,,,,,,,,,
320121,,,,,,,,,,,,,,,,,,,,,
320122,24.8,24.8,0,24.8,0,24.8,0,24.8,0,24.8,0,24.8,0,24.8,0,24.8,0,24.8,0,24.8,0
320133,34.9,34.9,0,34.9,0,34.9,0,34.9,0,34.9,0,34.9,0,34.9,0,34.9,0,34.9,0,34,0.0265
320139,,,,,,,,,,,,,,,,,,,,,
320140,26.9,26.9,0,26.9,0,26.9,0,26.9,0,26.9,0,26.9,0,26.9,0,26.9,0,26.9,0,,
320146,30.9,30.9,0,30.9,0,30.9,0,30.9,0,30.9,0,30.9,0,29,0.0655,32.9,-0.0608,32.9,-0.0608,39,-0.208
320147,26.9,26.9,0,26.9,0,26.9,0,26.9,0,26.9,0,26.9,0,26.9,0,26.9,0,26.9,0,26.9,0
320152,18.7,18.7,0,18.7,0,18.7,0,18.7,0,18.7,0,18.7,0,18.7,0,18.7,0,18.7,0,14.5,0.29
320154,18.7,18.7,0,18.7,0,18.7,0,18.7,0,18.7,0,18.7,0,18.7,0,18.7,0,18.7,0,14.5,0.29
320169,21.8,21.8,0,21.8,0,21.8,0,21.8,0,21.8,0,,,,,21.8,0,17.5,0.246,20.9,0.0431
320170,,,,,,,,,,,,,,,,,,,,,
320171,,,,,,,,,,,,,,,,,,,,,
320172,21.8,21.8,0,21.8,0,21.8,0,21.8,0,21.8,0,,,,,,,17.5,0.246,20.9,0.0431
320181,,,,,,,,,,,,,,,,,,,,,
320182,,,,,,,,,,,,,,,,,,,,,
320186,41.3,41.3,0,41.3,0,41.3,0,41.3,0,41.3,0,41.3,0,41.3,0,41.3,0,41.3,0,41.3,0
320189,41.3,41.3,0,41.3,0,41.3,0,41.3,0,41.3,0,41.3,0,41.3,0,41.3,0,41.3,0,41.3,0
320551,,,,,,,,,,,,,,,,,,,,,
321009,22,22,0,22,0,22,0,22,0,22,0,22,0,22,0,22,0,23,-0.0435,23,-0.0435
321011,19,19,0,19,0,19,0,19,0,19,0,19,0,19,0,19,0,19.5,-0.0256,19.5,-0.0256
321012,73.5,73.5,0,73.5,0,,,73.5,0,73.5,0,73.5,0,73.5,0,73.5,0,57,0.289,57,0.289
321077,42,42,0,42,0,42,0,42,0,42,0,42,0,42,0,42,0,42,0,42,0
321078,28.5,28.5,0,28.5,0,28.5,0,28.5,0,22,0.295,22,0.295,22,0.295,27,0.0556,27,0.0556,27,0.0556
321112,42.5,42.5,0,42.5,0,42.5,0,42.5,0,,,42.5,0,42.5,0,42.5,0,42.5,0,42.5,0
321115,42.5,42.5,0,42.5,0,42.5,0,42.5,0,42.5,0,42.5,0,42.5,0,42.5,0,42.5,0,42.5,0
321176,16.5,16.5,0,16.5,0,16.5,0,16.5,0,16.5,0,16.5,0,,,17,-0.0294,17,-0.0294,16.9,-0.0237
321276,7.5,7.5,0,7.5,0,7.5,0,7.5,0,7.5,0,7.5,0,,,7.5,0,6.9,0.087,6.9,0.087
321339,35,35,0,35,0,35,0,35,0,35,0,35,0,35,0,,,,,,
321342,45,45,0,45,0,45,0,41.5,0.0843,41.5,0.0843,41.5,0.0843,41.5,0.0843,41.5,0.0843,,,,
321347,68.5,68.5,0,68.5,0,68.5,0,68.5,0,68.5,0,68.5,0,68.5,0,68.5,0,,,,
321348,68.5,68.5,0,68.5,0,68.5,0,68.5,0,68.5,0,68.5,0,68.5,0,68.5,0,,,,
321349,138,138,0,138,0,138,0,138,0,138,0,138,0,138,0,138,0,,,,
321351,31,31,0,31,0,31,0,31,0,31,0,31,0,31,0,31,0,,,,
321352,35,35,0,35,0,35,0,35,0,35,0,35,0,,,35,0,,,,
321353,37.5,37.5,0,37.5,0,37.5,0,37.5,0,37.5,0,37.5,0,37.5,0,37.5,0,,,,
321355,35,35,0,35,0,35,0,35,0,35,0,35,0,35,0,35,0,,,,
321358,69.9,69.9,0,69.9,0,,,69.9,0,69.9,0,69.9,0,69.9,0,58.9,0.187,,,,
321364,6.5,6.5,0,6.5,0,6.5,0,6.5,0,6.5,0,6.5,0,,,6.5,0,,,,
321366,25.5,25.5,0,25.5,0,,,25.5,0,25.5,0,25.5,0,25.5,0,,,,,,
321368,16.9,16.9,0,16.9,0,16.9,0,16.9,0,16.9,0,16.9,0,16.9,0,16.9,0,,,,
321369,16.9,16.9,0,16.9,0,16.9,0,16.9,0,16.9,0,16.9,0,16.9,0,16.9,0,,,,
321373,,,,,,,,,,,,,,,,,,,,,
321374,33.5,33.5,0,33.5,0,33.5,0,33.5,0,33.5,0,33.5,0,33.5,0,,,,,,
321375,15,15,0,15,0,15,0,,,,,,,,,,,,,,
321378,65.9,65.9,0,65.9,0,,,65.9,0,65.9,0,65.9,0,65.9,0,65.9,0,,,,
321379,65.9,65.9,0,65.9,0,,,65.9,0,65.9,0,,,,,65.9,0,,,,
321381,63.9,63.9,0,63.9,0,63.9,0,63.9,0,63.9,0,63.9,0,63.9,0,63.9,0,,,,
321383,65.9,65.9,0,65.9,0,,,65.9,0,65.9,0,65.9,0,65.9,0,65.9,0,,,,
321385,6.5,6.5,0,,,6.5,0,6.5,0,6.5,0,6.5,0,6.5,0,,,,,,
321386,75,75,0,75,0,75,0,75,0,75,0,75,0,75,0,,,,,,
321387,49.9,49.9,0,49.9,0,49.9,0,43.9,0.137,43.9,0.137,49.9,0,49.9,0,49.9,0,,,,
321388,,,,,,,,,,,,,,,,,,,,,
321390,42,42,0,42,0,,,42,0,42,0,42,0,42,0,42,0,,,,
321391,6.9,6.9,0,6.9,0,6.9,0,6.9,0,6.9,0,6.9,0,6.9,0,6.9,0,,,,
321392,6.9,6.9,0,6.9,0,6.9,0,6.9,0,6.9,0,6.9,0,6.9,0,6.9,0,,,,
321393,6.9,6.9,0,6.9,0,6.9,0,6.9,0,6.9,0,6.9,0,6.9,0,6.9,0,,,,
321394,6.9,6.9,0,6.9,0,6.9,0,6.9,0,6.9,0,6.9,0,6.9,0,6.9,0,,,,
321395,33.5,33.5,0,33.5,0,33.5,0,33.5,0,33.5,0,33.5,0,33.5,0,,,,,,
321399,57.5,57.5,0,57.5,0,,,55,0.0455,55,0.0455,55,0.0455,55,0.0455,55,0.0455,,,,
321440,68.5,68.5,0,68.5,0,68.5,0,68.5,0,68.5,0,68.5,0,68.5,0,68.5,0,,,,
321441,68.5,68.5,0,68.5,0,68.5,0,68.5,0,68.5,0,68.5,0,68.5,0,,,,,,
321442,,,,,,,,,,,,,,,,,,,,,
321444,53.5,53.5,0,53.5,0,53.5,0,53.5,0,53.5,0,53.5,0,53.5,0,53.5,0,,,,
321452,81,81,0,81,0,81,0,81,0,81,0,81,0,81,0,,,,,,
321454,,,,,,,,,,,,,,,,,,,,,
321455,93.5,93.5,0,93.5,0,93.5,0,93.5,0,93.5,0,93.5,0,93.5,0,,,,,,
321456,9.5,9.5,0,9.5,0,9.5,0,9.5,0,9.5,0,9.5,0,9.5,0,9.5,0,,,,
321462,85,85,0,85,0,85,0,85,0,85,0,85,0,,,,,,,,
321949,,,,,,,,,,,,,,,,,,,,,
321950,26.2,26.2,0,,,26.2,0,26.2,0,26.2,0,,,,,,,,,,
321951,15.9,15.9,0,15.9,0,15.9,0,15.9,0,15.9,0,,,,,,,,,,
321973,31.2,31.2,0,31.2,0,31.2,0,31.2,0,31.2,0,,,,,,,,,,
321975,31.2,31.2,0,31.2,0,31.2,0,31.2,0,31.2,0,,,,,,,,,,
321976,31.2,31.2,0,31.2,0,31.2,0,31.2,0,31.2,0,,,,,,,,,,
321977,31.2,31.2,0,31.2,0,31.2,0,31.2,0,31.2,0,,,,,,,,,,
321978,9.7,9.7,0,9.7,0,9.7,0,9.7,0,9.7,0,,,,,,,,,,
321979,10.9,10.9,0,10.9,0,10.9,0,10.9,0,10.9,0,,,,,,,,,,
321980,10.9,10.9,0,10.9,0,10.9,0,10.9,0,10.9,0,,,,,,,,,,
321983,,,,,,,,,,,,,,,,,,,,,
322101,125,125,0,125,0,,,125,0,125,0,125,0,125,0,125,0,125,0,158,-0.209
322157,46.5,46.5,0,46.5,0,46.5,0,46.5,0,46.5,0,46.5,0,46.5,0,62.5,-0.256,62.5,-0.256,62.5,-0.256
322519,,,,,,,,,,,,,,,,,,,,,
322718,19.5,19.5,0,19.5,0,19.5,0,19.5,0,19.5,0,19.5,0,19.5,0,19.5,0,19.5,0,19.5,0
322720,19.5,19.5,0,19.5,0,19.5,0,19.5,0,19.5,0,19.5,0,19.5,0,19.5,0,19.5,0,19.5,0
323284,,,,,,,,,,,,,,,,,,,,,
323350,24,24,0,24,0,24,0,24,0,24,0,24,0,24,0,24,0,24,0,24,0
323351,41,41,0,41,0,41,0,41,0,41,0,41,0,41,0,41,0,41,0,41,0
323373,,,,,,,,,,,,,,,,,,,,,
323527,,,,,,,,,,,,,,,,,,,,,
323535,,,,,,,,,,,,,,,,,,,,,
323551,,,,,,,,,,,,,,,,,,,,,
323608,,,,,,,,,,,,,,,,,,,,,
323630,68,68,0,68,0,68,0,68,0,,,68,0,68,0,,,,,,
323633,71,71,0,71,0,71,0,71,0,71,0,71,0,71,0,71,0,,,,
323766,14,14,0,14,0,14,0,14,0,,,,,14,0,,,,,,
324134,205,205,0,205,0,,,205,0,205,0,205,0,235,-0.128,235,-0.128,235,-0.128,235,-0.128
324135,69,69,0,69,0,69,0,69,0,69,0,69,0,69,0,84,-0.179,84,-0.179,84,-0.179
324230,3.2,3.2,0,3.2,0,3.2,0,3.2,0,3.2,0,3.2,0,3.2,0,3.2,0,3.2,0,3.2,0
324329,29.9,29.9,0,29.9,0,29.9,0,29.9,0,29.9,0,29.9,0,29.9,0,29.9,0,,,37.9,-0.211
324401,9.8,9.8,0,9.8,0,9.8,0,9.8,0,9.8,0,9.8,0,9.8,0,12.5,-0.216,9.5,0.0316,9.9,-0.0101
324411,34,34,0,34,0,34,0,34,0,34,0,34,0,34,0,34,0,31,0.0968,31,0.0968
324434,,,,,,,,,,,,,,,,,,,,,
324460,,,,,,,,,,,,,,,,,,,,,
324468,,,,,,,,,,,,,,,,,,,,,
324507,6.4,6.4,0,6.4,0,6.4,0,6.4,0,6.4,0,6.4,0,6.4,0,6.4,0,6.4,0,6.4,0
324523,6.4,6.4,0,6.4,0,6.4,0,,,,,,,,,,,,,6.4,0
324540,6.4,6.4,0,6.4,0,6.4,0,,,,,,,,,,,,,,
324558,6.2,6.2,0,6.2,0,6.2,0,6.2,0,6.2,0,6.2,0,,,,,6.2,0,,
324566,6.4,6.4,0,6.4,0,6.4,0,6.4,0,6.4,0,6.4,0,,,6.4,0,6.4,0,6.4,0
324787,,,,,,,,,,,,,,,,,,,,,
324806,,,,,,,,,,,,,,,,,,,,,
324808,,,,,,,,,,,,,,,,,,,,,
324871,19.4,19.4,0,19.4,0,19.4,0,19.4,0,19.4,0,19.4,0,,,21.9,-0.114,20.9,-0.0718,,
324872,,,,,,,,,,,,,,,,,,,,,
324873,,,,,,,,,,,,,,,,,,,,,
324877,109,109,0,109,0,109,0,109,0,109,0,109,0,109,0,149,-0.268,149,-0.268,,
325023,15,15,0,,,,,,,,,,,,,,,,,,
325115,126,126,0,126,0,,,126,0,126,0,126,0,126,0,178,-0.289,,,,
325420,29.8,29.8,0,29.8,0,29.8,0,29.8,0,29.8,0,29.8,0,29.8,0,29.8,0,29.8,0,29.8,0
325471,,,,,,,,,,,,,,,,,,,,,
325511,6.4,6.4,0,6.4,0,6.4,0,,,6.4,0,,,,,6.4,0,6.4,0,6.4,0
325538,,,,,,,,,,,,,,,,,,,,,
325670,,,,,,,,,,,,,,,,,,,,,
325672,4.5,4.5,0,4.5,0,4.5,0,4.5,0,4,0.125,4,0.125,4,0.125,5,-0.1,,,5,-0.1
325678,4.5,4.5,0,4.5,0,4.5,0,4.5,0,4,0.125,4,0.125,4,0.125,5,-0.1,5,-0.1,5,-0.1
325708,,,,,,,,,,,,,,,,,,,,,
325929,21.5,21.5,0,21.5,0,21.5,0,21.5,0,21.5,0,21.5,0,31.5,-0.317,31.5,-0.317,39.5,-0.456,39.5,-0.456
325937,5,5,0,5,0,5,0,,,,,,,,,,,,,,
326646,63,63,0,,,,,,,,,,,,,,,,,,
326658,,,,,,,,,,,,,,,,,,,,,
326933,,,,,,,,,,,,,,,,,,,,,
327093,,,,,,,,,,,,,,,,,,,,,
327172,,,,,,,,,,,,,,,,,,,,,
327176,,,,,,,,,,,,,,,,,,,,,
327177,,,,,,,,,,,,,,,,,,,,,
327181,18.5,18.5,0,18.5,0,18.5,0,18.5,0,18.5,0,18.5,0,18.5,0,18.5,0,11.5,0.609,11.5,0.609
327185,18.5,18.5,0,18.5,0,18.5,0,18.5,0,18.5,0,18.5,0,18.5,0,18.5,0,14,0.321,14,0.321
327186,18.5,18.5,0,18.5,0,18.5,0,18.5,0,18.5,0,18.5,0,18.5,0,18.5,0,14,0.321,14,0.321
327187,12,12,0,12,0,12,0,12,0,12,0,12,0,12,0,12,0,12,0,12,0
327260,24.5,24.5,0,24.5,0,24.5,0,24.5,0,24.5,0,24.5,0,24.5,0,27,-0.0926,22,0.114,27.5,-0.109
327468,63.5,63.5,0,63.5,0,,,63.5,0,63.5,0,63.5,0,63.5,0,102,-0.377,102,-0.377,103,-0.383
327555,,,,,,,,,,,,,,,,,,,,,
327581,27,27,0,27,0,27,0,27,0,27,0,25,0.08,25,0.08,25,0.08,25,0.08,24,0.125
327701,,,,,,,,,,,,,,,,,,,,,
327786,36,36,0,36,0,36,0,36,0,36,0,36,0,36,0,36,0,,,,
327789,,,,,,,,,,,,,,,,,,,,,
327815,17.9,17.9,0,17.9,0,17.9,0,17.9,0,17.9,0,17.9,0,17.9,0,19,-0.0579,17.5,0.0229,19,-0.0579
327832,21,21,0,21,0,21,0,21,0,21,0,21,0,21,0,21,0,,,,
327867,36,36,0,36,0,36,0,36,0,36,0,36,0,36,0,36,0,,,,
327921,20,20,0,20,0,20,0,20,0,20,0,20,0,20,0,24,-0.167,24,-0.167,24,-0.167
327930,,,,,,,,,,,,,,,,,,,,,
328014,,,,,,,,,,,,,,,,,,,,,
328022,24,24,0,24,0,24,0,24,0,24,0,24,0,24,0,24,0,24,0,24,0
328057,79.9,79.9,0,79.9,0,79.9,0,79.9,0,89.5,-0.107,89.5,-0.107,89.5,-0.107,89.5,-0.107,74.9,0.0668,79.9,0
328065,139,139,0,139,0,139,0,139,0,159,-0.126,159,-0.126,159,-0.126,159,-0.126,130,0.0693,140,-0.00715
328103,205,205,0,205,0,205,0,205,0,229,-0.105,229,-0.105,229,-0.105,229,-0.105,190,0.079,215,-0.0465
328120,11.7,11.7,0,11.7,0,11.7,0,11.7,0,11.7,0,11.7,0,11.7,0,11.7,0,11.7,0,11.7,0
328146,,,,,,,,,,,,,,,,,,,,,
328154,185,185,0,185,0,185,0,185,0,185,0,185,0,185,0,185,0,185,0,185,0
328187,4,4,0,4,0,4,0,4,0,4,0,4,0,4,0,4,0,4,0,4,0
328336,169,169,0,169,0,,,169,0,169,0,169,0,169,0,218,-0.225,180,-0.0606,218,-0.225
328337,54,54,0,54,0,,,54,0,54,0,54,0,54,0,92,-0.413,92,-0.413,79.5,-0.321
328338,,,,,,,,,,,,,,,,,,,,,
328339,54,54,0,54,0,,,54,0,54,0,54,0,54,0,79.5,-0.321,79.5,-0.321,79.5,-0.321
328340,,,,,,,,,,,,,,,,,,,,,
328341,,,,,,,,,,,,,,,,,,,,,
328345,54,54,0,54,0,54,0,54,0,54,0,54,0,,,54,0,54,0,54,0
328360,1.65e+03,1.65e+03,0,1.65e+03,0,,,1.65e+03,0,1.65e+03,0,1.65e+03,0,1.65e+03,0,1.65e+03,0,1.65e+03,0,1.65e+03,0
328374,57.4,57.4,0,57.4,0,57.4,0,57.4,0,57.4,0,57.4,0,57.4,0,57.4,0,57.4,0,57.4,0
328381,,,,,,,,,,,,,,,,,,,,,
328409,6.5,6.5,0,6.5,0,6.5,0,6.5,0,6,0.0833,6.5,0,6.5,0,7.9,-0.177,7.9,-0.177,,
328462,,,,,,,,,,,,,,,,,,,,,
328471,60,60,0,60,0,60,0,60,0,,,,,,,,,,,,
328474,5.99e+03,5.99e+03,0,5.99e+03,0,,,5.99e+03,0,5.99e+03,0,5.99e+03,0,5.99e+03,0,5.99e+03,0,5.99e+03,0,,
328475,100,100,0,100,0,,,100,0,100,0,100,0,99,0.0101,99,0.0101,123,-0.187,123,-0.187
328500,,,,,,,,,,,,,,,,,,,,,
328552,23.5,23.5,0,23.5,0,23.5,0,23.5,0,23.5,0,23.5,0,23.5,0,23.5,0,,,24,-0.0208
328566,35.5,35.5,0,35.5,0,35.5,0,35.5,0,35.5,0,35.5,0,35.5,0,46.5,-0.237,46.5,-0.237,46.5,-0.237
328567,35.5,35.5,0,35.5,0,35.5,0,35.5,0,35.5,0,35.5,0,35.5,0,46.5,-0.237,46.5,-0.237,46.5,-0.237
328568,,,,,,,,,,,,,,,,,,,,,
328599,38.5,38.5,0,38.5,0,,,38.5,0,38.5,0,38.5,0,37.5,0.0267,37.5,0.0267,36,0.0694,34.5,0.116
328644,,,,,,,,,,,,,,,,,,,,,
328650,41,41,0,41,0,41,0,41,0,41,0,41,0,41,0,41,0,41,0,41,0
328677,,,,,,,,,,,,,,,,,,,,,
328678,21.5,21.5,0,21.5,0,21.5,0,21.5,0,21.5,0,21.5,0,31.5,-0.317,31.5,-0.317,29,-0.259,39.5,-0.456
328679,21.5,21.5,0,21.5,0,21.5,0,21.5,0,21.5,0,21.5,0,31.5,-0.317,31.5,-0.317,39.5,-0.456,39.5,-0.456
328705,,,,,,,,,,,,,,,,,,,,,
328706,,,,,,,,,,,,,,,,,,,,,
328708,,,,,,,,,,,,,,,,,,,,,
328709,,,,,,,,,,,,,,,,,,,,,
328717,,,,,,,,,,,,,,,,,,,,,
328719,,,,,,,,,,,,,,,,,,,,,
328720,,,,,,,,,,,,,,,,,,,,,
328740,66,66,0,66,0,66,0,66,0,66,0,66,0,66,0,66,0,66,0,66,0
328758,171,,,,,171,0,171,0,171,0,171,0,,,171,0,171,0,146,0.171
328802,99,99,0,99,0,,,99,0,99,0,99,0,112,-0.116,112,-0.116,112,-0.116,112,-0.116
328803,181,181,0,181,0,,,181,0,181,0,181,0,181,0,181,0,181,0,181,0
328829,63.5,63.5,0,63.5,0,63.5,0,63.5,0,63.5,0,63.5,0,,,63.5,0,63.5,0,,
328839,57,57,0,57,0,57,0,57,0,57,0,57,0,57,0,57,0,57,0,57,0
328842,,,,,,,,,,,,,,,,,,,,,
328845,,,,,,,,,,,,,,,,,,,,,
328846,,,,,,,,,,,,,,,,,,,,,
328847,20,20,0,20,0,20,0,20,0,20,0,20,0,20,0,18.5,0.0811,18.5,0.0811,18.8,0.0638
328863,45,45,0,45,0,45,0,45,0,45,0,45,0,45,0,29,0.552,29,0.552,29,0.552
328884,21,21,0,21,0,21,0,21,0,21,0,18.3,0.148,18.3,0.148,16.8,0.25,19.9,0.0553,23.5,-0.106
328920,32,32,0,32,0,32,0,32,0,,,,,,,,,,,,
329533,11.5,11.5,0,11.5,0,11.5,0,11.5,0,11.5,0,11.5,0,11.5,0,11.5,0,10.8,0.0648,10,0.15
329871,20,20,0,20,0,,,20,0,20,0,20,0,20,0,20,0,20,0,20,0
330161,,,,,,,,,,,,,,,,,,,,,
330162,,,,,,,,,,,,,,,,,,,,,
330170,75,75,0,75,0,75,0,,,75,0,75,0,,,75,0,75,0,75,0
330198,,,,,,,,,,,,,,,,,,,,,
330199,9,9,0,9,0,9,0,9,0,9,0,9,0,9,0,9,0,8.5,0.0588,8.5,0.0588
330200,9,9,0,9,0,9,0,9,0,9,0,9,0,9,0,9,0,8.5,0.0588,8.5,0.0588
330201,,,,,,,,,,,,,,,,,,,,,
330230,38,38,0,38,0,38,0,38,0,38,0,38,0,38,0,,,39.9,-0.0476,,
330460,23.7,23.7,0,23.7,0,23.7,0,23.7,0,23.7,0,21.7,0.0922,21.7,0.0922,24.2,-0.0207,24.2,-0.0207,24.2,-0.0207
330509,,,,,,,,,,,,,,,,,,,,,
330510,,,,,,,,,,,,,,,,,,,,,
330511,,,,,,,,,,,,,,,,,,,,,
330563,28.6,28.6,0,28.6,0,28.6,0,28.6,0,28.6,0,25.7,0.113,23,0.243,42.4,-0.325,42.4,-0.325,,
330600,,,,,,,,,,,,,,,,,,,,,
330627,,,,,,,,,,,,,,,,,,,,,
330773,,,,,,,,,,,,,,,,,,,,,
330820,65.9,65.9,0,65.9,0,65.9,0,65.9,0,65.9,0,65.9,0,65.9,0,65.9,0,65.9,0,,
330821,,,,,,,,,,,,,,,,,,,,,
330822,,,,,,,,,,,,,,,,,,,,,
330929,,,,,,,,,,,,,,,,,,,,,
330931,9,9,0,9,0,9,0,9,0,9,0,9,0,9,0,11.5,-0.217,11.5,-0.217,11.5,-0.217
330964,,,,,,,,,,,,,,,,,,,,,
331013,,,,,,,,,,,,,,,,,,,,,
331060,46.5,46.5,0,46.5,0,46.5,0,66,-0.295,66,-0.295,59.5,-0.218,47.5,-0.0211,50,-0.07,74.5,-0.376,74.6,-0.377
331150,,,,,,,,,,,,,,,,,,,,,
331151,6.9,6.9,0,6.9,0,6.9,0,6.9,0,6.9,0,6.9,0,6.9,0,7.5,-0.08,10.9,-0.367,,
331153,,,,,,,,,,,,,,,,,,,,,
331156,8.5,8.5,0,8.5,0,8.5,0,8.5,0,8.5,0,7.7,0.104,7.7,0.104,8,0.0625,8,0.0625,9,-0.0556
331195,92.6,92.6,0,92.6,0,92.6,0,92.6,0,92.6,0,92.6,0,103,-0.101,103,-0.101,103,-0.101,118,-0.212
331221,,,,,,,,,,,,,,,,,,,,,
331531,15.6,15.6,0,15.6,0,15.6,0,15.6,0,15.6,0,14.2,0.0986,14.2,0.0986,14.2,0.0986,14.2,0.0986,14.2,0.0986
331720,20.8,20.8,0,20.8,0,20.8,0,20.8,0,20.8,0,20.8,0,20.8,0,20.8,0,20.8,0,20.8,0
331721,22.1,22.1,0,22.1,0,22.1,0,22.1,0,,,22.1,0,22.1,0,22.1,0,22.1,0,22.1,0
331722,25.7,25.7,0,25.7,0,25.7,0,25.7,0,25.7,0,25.7,0,25.7,0,22.7,0.132,22.7,0.132,,
331723,28.5,28.5,0,28.5,0,28.5,0,28.5,0,28.5,0,28.5,0,28.5,0,26,0.0962,26,0.0962,26,0.0962
331871,6.5,6.5,0,6.5,0,6.5,0,6.5,0,,,6.5,0,6.5,0,6.5,0,6.5,0,6.5,0
331875,,,,,,,,,,,,,,,,,,,,,
331892,,,,,,,,,,,,,,,,,,,,,
331893,25.5,25.5,0,25.5,0,25.5,0,25.5,0,,,,,,,25.5,0,25.5,0,,
331895,,,,,,,,,,,,,,,,,,,,,
331896,,,,,,,,,,,,,,,,,,,,,
332001,6.5,6.5,0,6.5,0,6.5,0,6.5,0,6.5,0,6.5,0,8.5,-0.235,8.5,-0.235,8.5,-0.235,8.5,-0.235
332071,,,,,,,,,,,,,,,,,,,,,
332079,,,,,,,,,,,,,,,,,,,,,
332101,,,,,,,,,,,,,,,,,,,,,
332107,,,,,,,,,,,,,,,,,,,,,
332151,20.9,20.9,0,20.9,0,20.9,0,20.9,0,20.9,0,20.9,0,20.9,0,21,-0.00476,20.5,0.0195,25,-0.164
332171,16,16,0,16,0,16,0,16,0,16,0,16,0,16,0,16,0,16,0,,
332172,15,15,0,15,0,15,0,15,0,15,0,15,0,15,0,,,15,0,15,0
332280,,,,,,,,,,,,,,,,,,,,,
332291,325,325,0,325,0,,,325,0,325,0,325,0,325,0,325,0,330,-0.0152,330,-0.0152
332507,31.5,31.5,0,31.5,0,31.5,0,31.5,0,31.5,0,28.5,0.105,28.5,0.105,28.4,0.109,28.4,0.109,28.4,0.109
332547,,,,,,,,,,,,,,,,,,,,,
332552,47.9,47.9,0,47.9,0,47.9,0,47.9,0,47.9,0,47.9,0,47.9,0,47.9,0,47.9,0,47.9,0
332578,14.5,14.5,0,14.5,0,14.5,0,14.5,0,14.5,0,14.5,0,17.9,-0.19,17.9,-0.19,17.9,-0.19,17.9,-0.19
332595,14,14,0,14,0,14,0,14,0,14,0,12.8,0.0938,12.8,0.0938,15.3,-0.085,15.3,-0.085,15.3,-0.085
332656,14,14,0,14,0,14,0,14,0,14,0,12.8,0.0938,12.8,0.0938,15.3,-0.085,15.3,-0.085,15.3,-0.085
332778,23.5,23.5,0,23.5,0,23.5,0,23.5,0,23.5,0,20,0.175,20,0.175,18.5,0.27,23,0.0217,26,-0.0962
332787,,,,,,,,,,,,,,,,,,,,,
332802,,,,,,,,,,,,,,,,,,,,,
332901,,,,,,,,,,,,,,,,,,,,,
333026,25,25,0,25,0,25,0,25,0,25,0,25,0,25,0,25,0,25,0,25,0
333053,29.4,29.4,0,29.4,0,29.4,0,29.4,0,29.4,0,29.4,0,29.4,0,29.4,0,29.4,0,29.4,0
333062,31.9,31.9,0,31.9,0,31.9,0,34,-0.0618,34,-0.0618,34,-0.0618,34,-0.0618,34,-0.0618,41.9,-0.239,41.9,-0.239
333141,,,,,,,,,,,,,,,,,,,,,
333143,95,95,0,95,0,95,0,95,0,95,0,66.9,0.42,,,66.9,0.42,66.9,0.42,66.9,0.42
333144,95,95,0,95,0,95,0,95,0,95,0,66.9,0.42,50,0.9,66.9,0.42,66.9,0.42,66.9,0.42
333145,115,115,0,115,0,115,0,115,0,115,0,81.9,0.404,62,0.855,81.9,0.404,81.9,0.404,81.9,0.404
333160,27,27,0,27,0,27,0,27,0,27,0,27,0,27,0,30.5,-0.115,30.5,-0.115,30.5,-0.115
333168,32.1,32.1,0,32.1,0,32.1,0,32.1,0,32.1,0,32.1,0,35,-0.0829,35,-0.0829,35,-0.0829,37.6,-0.146
333265,,,,,,,,,,,,,,,,,,,,,
333266,55,55,0,55,0,55,0,55,0,,,55,0,55,0,55,0,55,0,,
333287,28.9,28.9,0,28.9,0,28.9,0,28.9,0,28.9,0,28.9,0,28.9,0,30.5,-0.0525,30,-0.0367,30,-0.0367
333302,31.2,31.2,0,31.2,0,31.2,0,31.2,0,31.2,0,31.2,0,31.2,0,31.2,0,31.2,0,31.2,0
333304,31.2,31.2,0,31.2,0,31.2,0,31.2,0,31.2,0,31.2,0,31.2,0,31.2,0,,,31.2,0
333305,31.2,31.2,0,31.2,0,31.2,0,31.2,0,31.2,0,31.2,0,31.2,0,31.2,0,31.2,0,31.2,0
333331,,,,,,,,,,,,,,,,,,,,,
333371,6.2,6.2,0,6.2,0,6.2,0,6.2,0,6.2,0,6.2,0,6.2,0,5.9,0.0508,7.5,-0.173,7.5,-0.173
333420,80,80,0,80,0,,,80,0,80,0,80,0,80,0,80,0,80,0,80,0
333451,23.5,23.5,0,29,-0.19,29,-0.19,29,-0.19,29,-0.19,26.4,-0.11,26.4,-0.11,26.4,-0.11,32.9,-0.286,37.3,-0.37
333452,29,29,0,29,0,29,0,29,0,29,0,26.4,0.0985,26.4,0.0985,26.4,0.0985,32.9,-0.119,,
333453,29,29,0,29,0,29,0,29,0,29,0,26.4,0.0985,26.4,0.0985,26.4,0.0985,32.9,-0.119,37.4,-0.225
333454,37.5,37.5,0,46,-0.185,46,-0.185,46,-0.185,46,-0.185,42.2,-0.111,42.2,-0.111,42.2,-0.111,52.7,-0.288,57.8,-0.351
333468,,,,,,,,,,,,,,,,,,,,,
333470,19.5,19.5,0,19.5,0,19.5,0,19.5,0,19.5,0,17.9,0.0894,19.5,0,19.5,0,19.5,0,19.5,0
333471,,,,,,,,,,,,,,,,,,,,,
333480,,,,,,,,,,,,,,,,,,,,,
333512,,,,,,,,,,,,,,,,,,,,,
333513,33,33,0,33,0,33,0,33,0,33,0,28.9,0.142,28.9,0.142,28.9,0.142,39,-0.154,39,-0.154
333555,,,,,,,,,,,,,,,,,,,,,
333556,,,,,,,,,,,,,,,,,,,,,
333557,37.5,37.5,0,37.5,0,37.5,0,37.5,0,37.5,0,37.5,0,37.5,0,37.5,0,37.5,0,37.5,0
333558,37.5,37.5,0,37.5,0,37.5,0,37.5,0,37.5,0,37.5,0,37.5,0,37.5,0,37.5,0,37.5,0
333559,,,,,,,,,,,,,,,,,,,,,
333560,,,,,,,,,,,,,,,,,,,,,
333561,44.9,44.9,0,44.9,0,44.9,0,44.9,0,44.9,0,44.9,0,,,44.9,0,32.9,0.365,76,-0.409
333565,56,56,0,56,0,56,0,56,0,56,0,56,0,56,0,56,0,56,0,56,0
333575,,,,,,,,,,,,,,,,,,,,,
333577,7.5,7.5,0,7.5,0,7.5,0,7.5,0,7.5,0,7.5,0,7.5,0,8.5,-0.118,7.9,-0.0506,8.5,-0.118
333586,79,79,0,79,0,79,0,79,0,79,0,54.9,0.439,54.9,0.439,54.9,0.439,54.9,0.439,55,0.436
333605,,,,,,,,,,,,,,,,,,,,,
333608,,,,,,,,,,,,,,,,,,,,,
333616,,,,,,,,,,,,,,,,,,,,,
333618,,,,,,,,,,,,,,,,,,,,,
333619,,,,,,,,,,,,,,,,,,,,,
333623,,,,,,,,,,,,,,,,,,,,,
333626,,,,,,,,,,,,,,,,,,,,,
333627,,,,,,,,,,,,,,,,,,,,,
333637,,,,,,,,,,,,,,,,,,,,,
333639,,,,,,,,,,,,,,,,,,,,,
333640,,,,,,,,,,,,,,,,,,,,,
333642,,,,,,,,,,,,,,,,,,,,,
333644,60.9,60.9,0,60.9,0,60.9,0,60.9,0,60.9,0,60.9,0,60.9,0,66.9,-0.0897,73,-0.166,73,-0.166
333645,99.9,99.9,0,99.9,0,99.9,0,99.9,0,99.9,0,99.9,0,99.9,0,110,-0.091,119,-0.161,119,-0.161
333750,21,21,0,21,0,21,0,21,0,21,0,18.5,0.135,18.5,0.135,18.5,0.135,23.4,-0.103,,
333752,,,,,,,,,,,,,,,,,,,,,
333754,51,51,0,51,0,51,0,51,0,51,0,46.2,0.104,46.2,0.104,46.2,0.104,57.7,-0.116,63.8,-0.201
333755,50,50,0,50,0,50,0,50,0,50,0,45.1,0.109,,,45.1,0.109,56.3,-0.112,63.9,-0.218
333770,32.8,33.5,-0.0209,33.5,-0.0209,33.5,-0.0209,33.5,-0.0209,33.5,-0.0209,39.6,-0.172,39.6,-0.172,39.6,-0.172,,,39.6,-0.172
333775,12,12,0,12,0,12,0,12,0,12,0,12,0,12,0,12,0,12,0,12,0
333790,,,,,,,,,,,,,,,,,,,,,
333796,69,69,0,69,0,69,0,69,0,69,0,69,0,69,0,69,0,69,0,69,0
333823,28,28,0,28,0,28,0,28,0,28,0,28,0,28,0,28,0,28,0,28,0
333825,28,28,0,28,0,28,0,28,0,28,0,28,0,28,0,28,0,28,0,28,0
333826,28,28,0,28,0,28,0,28,0,28,0,28,0,28,0,28,0,28,0,28,0
333827,,,,,,,,,,,,,,,,,,,,,
333912,17,17,0,17,0,17,0,17,0,17,0,17,0,17,0,17,0,17,0,17,0
333953,,,,,,,,,,,,,,,,,,,,,
333956,43.9,43.9,0,54.9,-0.2,54.9,-0.2,43.9,0,43.9,0,54.9,-0.2,58,-0.243,47.5,-0.0758,59.9,-0.267,57.5,-0.237
333963,128,128,0,128,0,128,0,128,0,128,0,128,0,128,0,128,0,128,0,128,0
333996,26,26,0,26,0,26,0,26,0,26,0,26,0,26,0,26,0,26,0,26,0
333997,26,26,0,26,0,26,0,26,0,26,0,26,0,26,0,26,0,21.5,0.209,26,0
333998,26,26,0,26,0,26,0,26,0,26,0,26,0,26,0,,,,,26,0
334065,26.9,26.9,0,26.9,0,26.9,0,26.9,0,26.9,0,27,-0.0037,27,-0.0037,27,-0.0037,27,-0.0037,27,-0.0037
334079,8.5,8.5,0,8.5,0,8.5,0,8.5,0,8.5,0,10,-0.15,10,-0.15,10,-0.15,8.9,-0.0449,8.5,0
334090,25,25,0,25,0,25,0,25,0,25,0,25,0,25,0,25,0,25,0,25,0
334103,,,,,,,,,,,,,,,,,,,,,
334105,28,28,0,28,0,28,0,28,0,28,0,28,0,28,0,28,0,23,0.217,28,0
334111,21.5,21.5,0,21.5,0,21.5,0,21.5,0,21.5,0,21.5,0,21.5,0,21.5,0,21.5,0,21.5,0
334120,20,20,0,20,0,20,0,20,0,20,0,20,0,20,0,20,0,20,0,20,0
334138,30,30,0,30,0,30,0,30,0,30,0,30,0,30,0,30,0,30,0,30,0
334146,20.5,20.5,0,20.5,0,20.5,0,20.5,0,20.5,0,20.5,0,20.5,0,20.5,0,20.5,0,20.5,0
334260,,,,,,,,,,,,,,,,,,,,,
334278,,,,,,,,,,,,,,,,,,,,,
334342,,,,,,,,,,,,,,,,,,,,,
334390,28.5,28.5,0,26.5,0.0755,26.5,0.0755,26.5,0.0755,26.5,0.0755,26.5,0.0755,26.5,0.0755,27,0.0556,27,0.0556,,
334501,,,,,,,,,,,,,,,,,,,,,
334535,45,45,0,45,0,45,0,45,0,45,0,45,0,,,,,,,,
334536,45,45,0,45,0,45,0,45,0,45,0,45,0,,,,,,,,
334565,,,,,,,,,,,,,,,,,,,,,
334566,31.5,31.5,0,31.5,0,31.5,0,31.5,0,31.5,0,31.5,0,31.5,0,31.5,0,31.5,0,27.8,0.133
334680,105,105,0,105,0,105,0,105,0,105,0,105,0,105,0,105,0,105,0,,
334681,100,100,0,100,0,100,0,100,0,100,0,100,0,100,0,100,0,100,0,100,0
334682,99,99,0,99,0,99,0,99,0,99,0,99,0,99,0,99,0,99,0,99,0
334683,100,100,0,100,0,100,0,100,0,100,0,100,0,100,0,100,0,100,0,100,0
334758,57.5,57.5,0,57.5,0,57.5,0,57.5,0,57.5,0,57.5,0,,,,,60,-0.0417,51.2,0.123
334907,,,,,,,,,,,,,,,,,,,,,
334908,,,,,,,,,,,,,,,,,,,,,
334920,,,,,,,,,,,,,,,,,,,,,
334921,,,,,,,,,,,,,,,,,,,,,
335011,28.5,28.5,0,28.5,0,28.5,0,28.5,0,28.5,0,,,,,,,,,,
335055,74.9,74.9,0,74.9,0,74.9,0,74.9,0,74.9,0,74.9,0,74.9,0,81.5,-0.081,81.5,-0.081,81.5,-0.081
335060,,,,,,,,,,,,,,,,,,,,,
335453,,,,,,,,,,,,,,,,,,,,,
335579,31,31,0,31,0,31,0,28.5,0.0877,28.5,0.0877,31,0,,,36,-0.139,36,-0.139,36,-0.139
335580,26.6,26.6,0,26.6,0,26.6,0,26.6,0,26.6,0,26.6,0,26.6,0,26.6,0,31.5,-0.156,,
335582,31,31,0,31,0,31,0,28.5,0.0877,28.5,0.0877,31,0,31,0,36,-0.139,36,-0.139,36,-0.139
335610,13,13,0,13,0,13,0,13,0,13,0,13,0,,,16,-0.188,16,-0.188,,
335748,,,,,,,,,,,,,,,,,,,,,
335755,29.5,29.5,0,29.5,0,29.5,0,29.5,0,29.5,0,29.5,0,29.5,0,29.5,0,29.5,0,,
335756,29.5,29.5,0,29.5,0,29.5,0,29.5,0,29.5,0,29.5,0,29.5,0,29.5,0,29.5,0,,
335757,29.5,29.5,0,29.5,0,29.5,0,29.5,0,,,,,29.5,0,,,29.5,0,,
335770,,,,,,,,,,,,,,,,,,,,,
335781,48,48,0,48,0,,,48,0,48,0,48,0,39.9,0.203,46.5,0.0323,46,0.0435,39,0.231
335787,10.9,10.9,0,10.9,0,10.9,0,,,8.9,0.225,12.5,-0.128,12.5,-0.128,16.5,-0.339,16.5,-0.339,16.2,-0.327
335805,,,,,,,,,,,,,,,,,,,,,
335967,63,63,0,63,0,63,0,63,0,63,0,63,0,63,0,63,0,65.9,-0.044,65.9,-0.044
336066,25.9,25.9,0,25.9,0,25.9,0,24.9,0.0402,24.9,0.0402,24.9,0.0402,24.9,0.0402,24.9,0.0402,27.9,-0.0717,33,-0.215
336191,,,,,,,,,,,,,,,,,,,,,
336211,,,,,,,,,,,,,,,,,,,,,
336270,,,,,,,,,,,,,,,,,,,,,
336275,72,72,0,72,0,72,0,72,0,72,0,72,0,72,0,82.5,-0.127,82.5,-0.127,82.5,-0.127
336341,43.1,43.1,0,43.1,0,43.1,0,43.1,0,43.1,0,43.1,0,43.1,0,43.1,0,43.1,0,,
336342,43.1,43.1,0,43.1,0,43.1,0,43.1,0,43.1,0,,,43.1,0,,,,,,
336386,,,,,,,,,,,,,,,,,,,,,
336394,,,,,,,,,,,,,,,,,,,,,
336421,,,,,,,,,,,,,,,,,,,,,
336424,,,,,,,,,,,,,,,,,,,,,
336513,,,,,,,,,,,,,,,,,,,,,
336521,,,,,,,,,,,,,,,,,,,,,
336530,,,,,,,,,,,,,,,,,,,,,
336548,,,,,,,,,,,,,,,,,,,,,
336564,13.5,13.5,0,13.5,0,13.5,0,13.5,0,13.5,0,13.5,0,13.5,0,13.5,0,,,,
336572,,,,,,,,,,,,,,,,,,,,,
336573,25.5,25.5,0,25.5,0,25.5,0,25.5,0,25.5,0,25.5,0,25.5,0,25.5,0,23.8,0.0714,26.3,-0.0304
336599,,,,,,,,,,,,,,,,,,,,,
336622,,,,,,,,,,,,,,,,,,,,,
336669,,,,,,,,,,,,,,,,,,,,,
336720,,,,,,,,,,,,,,,,,,,,,
336721,,,,,,,,,,,,,,,,,,,,,
336750,16.5,16.5,0,16.5,0,16.5,0,16.5,0,16.5,0,16.5,0,16.5,0,16.5,0,,,,
336769,29,29,0,29,0,29,0,29,0,29,0,29,0,29,0,29,0,21,0.381,21,0.381
336831,,,,,,,,,,,,,,,,,,,,,
336833,20.9,20.9,0,20.9,0,20.9,0,20.9,0,20.9,0,20.9,0,20.9,0,,,20.9,0,20.9,0
336840,,,,,,,,,,,,,,,,,,,,,
336858,,,,,,,,,,,,,,,,,,,,,
336866,,,,,,,,,,,,,,,,,,,,,
336890,,,,,,,,,,,,,,,,,,,,,
336939,15,15,0,15,0,15,0,15,0,15,0,15,0,15,0,15,0,,,,
336947,15,15,0,15,0,15,0,15,0,15,0,15,0,15,0,15,0,10.5,0.429,10.5,0.429
337020,39.4,39.4,0,39.4,0,39.4,0,39.4,0,39.4,0,39.4,0,39.4,0,39.4,0,39.4,0,39.4,0
337035,,,,,,,,,,,,,,,,,,,,,
337036,,,,,,,,,,,,,,,,,,,,,
337043,,,,,,,,,,,,,,,,,,,,,
337090,25.9,25.9,0,,,,,,,,,,,,,37.7,-0.313,37.7,-0.313,,
337091,25.9,25.9,0,25.9,0,25.9,0,25,0.036,25,0.036,21.1,0.227,19.8,0.308,35.7,-0.275,35.7,-0.275,,
337093,30.8,30.8,0,30.8,0,30.8,0,28.6,0.0769,28.6,0.0769,25.7,0.198,23,0.339,42.4,-0.274,42.4,-0.274,29.6,0.0405
337187,35,35,0,35,0,35,0,35,0,35,0,35,0,35,0,35,0,35,0,35,0
337250,,,,,,,,,,,,,,,,,,,,,
337285,,,,,,,,,,,,,,,,,,,,,
337293,,,,,,,,,,,,,,,,,,,,,
337307,33.5,33.5,0,33.5,0,33.5,0,33.5,0,33.5,0,33.5,0,33.5,0,33.5,0,,,,
337331,,,,,,,,,,,,,,,,,,,,,
337358,17.5,17.5,0,17.5,0,17.5,0,17.5,0,17.5,0,17.5,0,17.5,0,17.5,0,,,,
337366,15,15,0,,,,,,,,,15,0,15,0,15,0,,,,
337374,16.5,16.5,0,,,,,,,,,16.5,0,16.5,0,16.5,0,,,,
337420,,,,,,,,,,,,,,,,,,,,,
337488,,,,,,,,,,,,,,,,,,,,,
337527,,,,,,,,,,,,,,,,,,,,,
337729,186,186,0,186,0,,,186,0,186,0,186,0,186,0,186,0,186,0,186,0
337733,18.5,18.5,0,17.5,0.0571,17.5,0.0571,17.5,0.0571,15,0.233,15.9,0.164,15.9,0.164,17.5,0.0571,20.4,-0.0931,20.4,-0.0931
337801,11.7,11.7,0,11.7,0,11.7,0,10.5,0.114,11.7,0,11.7,0,11.7,0,14.1,-0.17,14.1,-0.17,14.1,-0.17
337891,64.8,64.8,0,64.8,0,64.8,0,64.8,0,64.8,0,64.8,0,64.8,0,64.8,0,64.8,0,69.8,-0.0716
337910,,,,,,,,,,,,,,,,,,,,,
337911,,,,,,,,,,,,,,,,,,,,,
337912,,,,,,,,,,,,,,,,,,,,,
338048,52.5,52.5,0,52.5,0,52.5,0,52.5,0,52.5,0,60,-0.125,60,-0.125,60,-0.125,60,-0.125,71,-0.261
338050,30.6,30.6,0,30.6,0,30.6,0,43,-0.288,43,-0.288,39,-0.215,39,-0.215,39,-0.215,48.9,-0.374,51.6,-0.407
338251,,,,,,,,,,,,,,,,,,,,,
338277,,,,,,,,,,,,,,,,,,,,,
338278,,,,,,,,,,,,,,,,,,,,,
338717,53,53,0,53,0,53,0,53,0,60,-0.117,60,-0.117,60,-0.117,60,-0.117,60,-0.117,60,-0.117
338738,,,,,,,,,,,,,,,,,,,,,
338740,25.5,25.5,0,25.5,0,25.5,0,25.5,0,25.5,0,25.5,0,25.5,0,35,-0.271,35,-0.271,35,-0.271
338744,23.3,23.3,0,23.3,0,23.3,0,23.3,0,23.3,0,,,23.3,0,32,-0.272,,,32,-0.272
338746,23.3,23.3,0,23.3,0,23.3,0,23.3,0,23.3,0,23.3,0,23.3,0,32,-0.272,,,,
338748,23.3,23.3,0,23.3,0,23.3,0,23.3,0,23.3,0,,,23.3,0,32,-0.272,,,,
338752,,,,,,,,,,,,,,,,,,,,,
338816,132,132,0,132,0,132,0,135,-0.0171,155,-0.147,155,-0.147,182,-0.27,182,-0.27,182,-0.27,204,-0.352
338817,40,40,0,40,0,40,0,39,0.0256,39,0.0256,39,0.0256,39,0.0256,39.6,0.0101,39.6,0.0101,42.3,-0.0544
338819,40,40,0,40,0,40,0,39,0.0256,39,0.0256,39,0.0256,39,0.0256,39.6,0.0101,39.6,0.0101,42.3,-0.0544
338823,16.3,16.3,0,16.3,0,16.3,0,16.3,0,16.3,0,16.3,0,16.3,0,14.9,0.094,14.9,0.094,15.9,0.0252
338840,,,,,,,,,,,,,,,,,,,,,
338844,,,,,,,,,,,,,,,,,,,,,
338914,82.3,82.3,0,82.3,0,82.3,0,76,0.0829,76,0.0829,,,,,,,79.2,0.0391,113,-0.269
338982,13.5,13.5,0,13.5,0,13.5,0,13.5,0,13.5,0,11.5,0.174,11.5,0.174,10.5,0.286,13,0.0385,15,-0.1
338989,74.9,,,,,,,74.9,0,74.9,0,74.9,0,74.9,0,80,-0.0637,80,-0.0637,85,-0.119
338990,15.5,15.5,0,15.5,0,15.5,0,,,15,0.0333,,,13.5,0.148,,,25.5,-0.392,19.9,-0.221
339126,37.5,37.5,0,37.5,0,37.5,0,,,37.5,0,37.5,0,37.5,0,37.5,0,37.5,0,37.5,0
339129,43.5,41,0.061,41,0.061,41,0.061,35,0.243,35,0.243,41,0.061,41,0.061,48,-0.0938,66,-0.341,66,-0.341
339131,62.5,62.5,0,62.5,0,62.5,0,,,62.5,0,62.5,0,62.5,0,62.5,0,62.5,0,,
339132,34,34,0,34,0,34,0,,,,,,,,,36.5,-0.0685,36.5,-0.0685,36.5,-0.0685
339133,,,,,,,,,,,,,,,,,,,,,
339134,23.5,23.5,0,23.5,0,23.5,0,23.5,0,22,0.0682,22,0.0682,22,0.0682,22,0.0682,22,0.0682,22,0.0682
339135,21,21,0,21,0,21,0,,,,,17,0.235,17,0.235,23,-0.087,23,-0.087,23,-0.087
339136,8,8,0,8,0,8,0,8,0,8,0,8,0,8,0,10.5,-0.238,10.5,-0.238,10.5,-0.238
339137,28.5,28.5,0,28.5,0,28.5,0,28.5,0,23,0.239,23,0.239,23,0.239,26,0.0962,26,0.0962,26,0.0962
339141,80,80,0,80,0,80,0,80,0,80,0,80,0,80,0,80,0,80,0,,
339220,80.4,80.4,0,80.4,0,80.4,0,80.4,0,80.4,0,80.4,0,80.4,0,80.4,0,80.4,0,86.3,-0.0684
339733,19.7,18.3,0.0765,18.3,0.0765,18.3,0.0765,18.3,0.0765,18.7,0.0535,17.9,0.101,17.9,0.101,17.9,0.101,20.7,-0.0483,22.3,-0.117
339773,,,,,,,,,,,,,,,,,,,,,
339811,87.5,87.5,0,87.5,0,87.5,0,87.5,0,87.5,0,87.5,0,87.5,0,87.5,0,87.5,0,82.5,0.0606
339813,87.5,87.5,0,87.5,0,87.5,0,87.5,0,87.5,0,87.5,0,87.5,0,87.5,0,87.5,0,82.5,0.0606
340081,,,,,,,,,,,,,,,,,,,,,
340087,,,,,,,,,,,,,,,,,,,,,
340088,4.5,4.5,0,4.5,0,4.5,0,4.5,0,4.5,0,4.5,0,4.5,0,4.5,0,4.5,0,4.5,0
340137,67,67,0,67,0,67,0,67,0,67,0,67,0,67,0,72,-0.0694,72,-0.0694,72,-0.0694
340151,23.4,23.4,0,23.4,0,23.4,0,23.4,0,23.4,0,23.4,0,23.4,0,23.4,0,23.4,0,23.4,0
340152,,,,,,,,,,,,,,,,,,,,,
340171,160,160,0,160,0,,,160,0,160,0,160,0,160,0,160,0,155,0.0329,187,-0.144
340200,27.8,27.8,0,27.8,0,27.8,0,23.7,0.173,23.7,0.173,31.7,-0.123,31.7,-0.123,31.7,-0.123,31.7,-0.123,31.7,-0.123
340209,,,,,,,,,,,,,,,,,,,,,
340234,36,36,0,36,0,36,0,36,0,36,0,36,0,36,0,36,0,36,0,36,0
340235,27.8,27.8,0,27.8,0,27.8,0,23.7,0.173,23.7,0.173,31.5,-0.117,31.5,-0.117,31.5,-0.117,31.5,-0.117,31,-0.103
340238,36,36,0,36,0,36,0,36,0,36,0,36,0,36,0,36,0,36,0,36,0
340243,27.8,27.8,0,27.8,0,27.8,0,23.7,0.173,23.7,0.173,31.5,-0.117,31.5,-0.117,31.5,-0.117,31.5,-0.117,31.7,-0.123
340251,27.8,27.8,0,27.8,0,27.8,0,23.7,0.173,23.7,0.173,31.5,-0.117,31.5,-0.117,31.5,-0.117,31.5,-0.117,39,-0.287
340260,27.8,27.8,0,27.8,0,27.8,0,23.7,0.173,23.7,0.173,31.5,-0.117,31.5,-0.117,31.5,-0.117,31.5,-0.117,,
340272,12,12,0,12,0,12,0,12,0,12,0,12,0,,,10.9,0.101,12,0,,
340273,12,12,0,12,0,12,0,12,0,12,0,12,0,12,0,10.9,0.101,12,0,,
340411,,,,,,,,,,,,,,,,,,,,,
340412,22.5,22.5,0,22.5,0,22.5,0,22.5,0,,,22.5,0,,,22.5,0,22.5,0,22.5,0
340413,12.7,12.7,0,12.7,0,12.7,0,11.2,0.134,15.3,-0.17,15.3,-0.17,15.3,-0.17,15.3,-0.17,10.2,0.245,13.4,-0.0522
340450,32,32,0,32,0,32,0,32,0,32,0,32,0,32,0,32,0,42,-0.238,42,-0.238
340451,32,32,0,32,0,32,0,32,0,32,0,32,0,,,32,0,42,-0.238,42,-0.238
340453,,,,,,,,,,,,,,,,,,,,,
340457,32,32,0,32,0,32,0,32,0,32,0,32,0,32,0,32,0,42,-0.238,,
340481,,,,,,,,,,,,,,,,,,,,,
340517,,,,,,,,,,,,,,,,,,,,,
340518,,,,,,,,,,,,,,,,,,,,,
340533,21,21,0,21,0,21,0,21,0,21,0,21,0,21,0,21,0,20,0.05,18.5,0.135
340540,11,11,0,11,0,11,0,11,0,,,11,0,11,0,11,0,,,,
340541,9,9,0,9,0,9,0,9,0,9,0,9,0,9,0,9,0,7,0.286,7,0.286
340543,,,,,,,,,,,,,,,,,,,,,
340544,,,,,,,,,,,,,,,,,,,,,
340618,23.9,23.9,0,23.9,0,23.9,0,23,0.0391,23,0.0391,23,0.0391,20.9,0.144,20.9,0.144,25.9,-0.0772,30.9,-0.227
340660,21.8,21.8,0,21.8,0,21.8,0,21.8,0,21.8,0,,,,,,,17.5,0.246,20.9,0.0431
340692,34,34,0,34,0,34,0,34,0,34,0,,,34,0,34,0,34,0,34,0
340702,140,140,0,140,0,140,0,140,0,140,0,140,0,140,0,140,0,,,,
340750,63,63,0,63,0,63,0,63,0,63,0,63,0,63,0,63,0,,,,
340751,37,37,0,37,0,37,0,37,0,37,0,37,0,37,0,37,0,37,0,37,0
340752,47,47,0,,,,,47,0,47,0,47,0,47,0,47,0,,,47,0
340753,47,47,0,47,0,47,0,47,0,47,0,47,0,47,0,47,0,47,0,47,0
340782,35.5,35.5,0,35.5,0,35.5,0,35.5,0,28.5,0.246,38.5,-0.0779,38.5,-0.0779,52.5,-0.324,36,-0.0139,39.9,-0.11
340811,15,15,0,,,,,15,0,15,0,,,,,15,0,15,0,,
340847,,,,,,,,,,,,,,,,,,,,,
340855,35.5,35.5,0,35.5,0,35.5,0,35.5,0,28.5,0.246,38.5,-0.0779,38.5,-0.0779,52.5,-0.324,36,-0.0139,39.9,-0.11
340925,25.5,25.5,0,25.5,0,25.5,0,25.5,0,25.5,0,25.5,0,31.5,-0.19,31.5,-0.19,31.5,-0.19,31.5,-0.19
340956,50.3,50.3,0,50.3,0,50.3,0,50.3,0,50.3,0,47.2,0.0657,47.2,0.0657,47.2,0.0657,47.2,0.0657,,
340961,47.1,47.1,0,47.1,0,47.1,0,47.1,0,,,47.1,0,47.1,0,40.4,0.166,40.4,0.166,40.4,0.166
340962,,,,,,,,,,,,,,,,,,,,,
340963,,,,,,,,,,,,,,,,,,,,,
341055,,,,,,,,,,,,,,,,,,,,,
341150,58,58,0,58,0,58,0,49.9,0.162,49.9,0.162,58,0,,,56.9,0.0193,56,0.0357,56,0.0357
341241,,,,,,,,,,,,,,,,,,,,,
341243,8.8,8.8,0,8.8,0,8.8,0,8.8,0,8.8,0,8.8,0,8.8,0,8.8,0,8.8,0,8.8,0
341444,7,7,0,6.4,0.0938,6.4,0.0938,6.4,0.0938,6.4,0.0938,6.4,0.0938,6.4,0.0938,6.4,0.0938,6,0.167,6,0.167
341552,25,25,0,25,0,25,0,25,0,25,0,25,0,25,0,25,0,25,0,25,0
341561,,,,,,,,,,,,,,,,,,,,,
341835,100,100,0,100,0,100,0,100,0,100,0,100,0,,,100,0,100,0,100,0
341940,,,,,,,,,,,,,,,,,,,,,
342070,,,,,,,,,,,,,,,,,,,,,
342092,30.8,30.8,0,30.8,0,30.8,0,30.8,0,30.8,0,30.8,0,,,30.8,0,30.8,0,29,0.0621
342219,10.5,10.5,0,10.5,0,10.5,0,10.5,0,10.5,0,10.5,0,10.5,0,13.5,-0.222,13.5,-0.222,13.5,-0.222
342234,10.5,10.5,0,10.5,0,10.5,0,10.5,0,10.5,0,10.5,0,10.5,0,14,-0.25,14,-0.25,14,-0.25
342332,11,11,0,11,0,11,0,11,0,11,0,11,0,11,0,,,,,,
342345,,,,,,,,,,,,,,,,,,,,,
342564,35.4,34.1,0.0381,34.1,0.0381,34.1,0.0381,34.1,0.0381,34.1,0.0381,30.6,0.157,30.6,0.157,,,40.8,-0.132,40.8,-0.132
342611,,,,,,,,,,,,,,,,,,,,,
343285,80,80,0,80,0,80,0,80,0,80,0,80,0,80,0,80,0,80,0,80,0
343323,80,80,0,80,0,80,0,80,0,80,0,80,0,80,0,80,0,80,0,80,0
343358,,,,,,,,,,,,,,,,,,,,,
343374,,,,,,,,,,,,,,,,,,,,,
343390,,,,,,,,,,,,,,,,,,,,,
343437,,,,,,,,,,,,,,,,,,,,,
343471,,,,,,,,,,,,,,,,,,,,,
343480,,,,,,,,,,,,,,,,,,,,,
343541,58,58,0,,,,,,,,,,,,,58,0,58,0,58,0
343560,,,,,,,,,,,,,,,,,,,,,
343579,,,,,,,,,,,,,,,,,,,,,
343625,,,,,,,,,,,,,,,,,,,,,
343692,,,,,,,,,,,,,,,,,,,,,
343803,7.5,7.5,0,7.5,0,7.5,0,7.5,0,7.5,0,7.5,0,7.5,0,7.5,0,8.5,-0.118,8.5,-0.118
343834,,,,,,,,,,,,,,,,,,,,,
344024,11.5,11.5,0,11.5,0,11.5,0,11.5,0,11.5,0,11.5,0,10.5,0.0952,10.5,0.0952,10.5,0.0952,16,-0.281
344044,23,23,0,23,0,23,0,23,0,23,0,20,0.15,20,0.15,,,,,25.9,-0.112
344233,25.9,25.9,0,25.9,0,25.9,0,25.9,0,25.9,0,25.9,0,,,33.9,-0.236,33.9,-0.236,33.9,-0.236
344320,71,71,0,71,0,71,0,,,71,0,71,0,71,0,71,0,71,0,,
344346,35,35,0,35,0,35,0,35,0,35,0,35,0,35,0,35,0,35,0,33.5,0.0448
344354,,,,,,,,,,,,,,,,,,,,,
344435,,,,,,,,,,,,,,,,,,,,,
344443,,,,,,,,,,,,,,,,,,,,,
344451,48.8,48.8,0,48.8,0,48.8,0,48.8,0,48.8,0,48.8,0,48.8,0,48.8,0,65,-0.249,65,-0.249
344583,23.9,23.9,0,23.9,0,23.9,0,23,0.0391,23,0.0391,23,0.0391,20.9,0.144,20.9,0.144,25.9,-0.0772,30.9,-0.227
345541,25,25,0,23.5,0.0638,23.5,0.0638,23.5,0.0638,23.5,0.0638,23.5,0.0638,23.5,0.0638,23.5,0.0638,23.5,0.0638,,
345589,26,26,0,26,0,,,,,,,,,26,0,26,0,,,,
345590,,,,,,,,,,,,,,,,,,,,,
346373,,,,,,,,,,,,,,,,,,,,,
346381,,,,,,,,,,,,,,,,,,,,,
346403,65,65,0,65,0,65,0,65,0,65,0,,,,,,,,,,
346489,25.5,25.5,0,25.5,0,25.5,0,25.5,0,25.5,0,25.5,0,25.5,0,25.5,0,25.5,0,25.5,0
346544,99,99,0,99,0,99,0,99,0,99,0,,,,,69,0.435,99,0,99,0
347530,,,,,,,,,,,,,,,,,,,,,
349788,4.8,4.8,0,4.8,0,4.8,0,4.8,0,4.8,0,4.8,0,4.8,0,4.8,0,4.8,0,4.8,0
350115,21,,,,,,,,,,,,,,,,,,,,
350168,,,,,,,,,,,,,,,,,,,,,
350176,,,,,,,,,,,,,,,,,,,,,
350200,38,38,0,38,0,38,0,38,0,38,0,38,0,38,0,38.2,-0.00524,38.2,-0.00524,38.2,-0.00524
350210,38,38,0,38,0,38,0,38,0,38,0,38,0,38,0,38.2,-0.00524,38.2,-0.00524,38.2,-0.00524
350211,36.2,36.2,0,36.2,0,42.6,-0.15,42.6,-0.15,42.6,-0.15,42.6,-0.15,42.6,-0.15,42.6,-0.15,42.6,-0.15,42.6,-0.15
350312,,,,,,,,,,,,,,,,,,,,,
350417,15,15,0,15,0,15,0,15,0,15,0,,,,,15,0,15,0,15,0
350465,15.5,15.5,0,15.5,0,15.5,0,15.5,0,15.5,0,15.5,0,15.5,0,17.5,-0.114,16.8,-0.0774,16.8,-0.0774
350477,15.5,15.5,0,15.5,0,15.5,0,15.5,0,15.5,0,15.5,0,15.5,0,17.5,-0.114,17.5,-0.114,16.8,-0.0774
350479,15.5,15.5,0,15.5,0,15.5,0,15.5,0,15.5,0,15.5,0,15.5,0,17.5,-0.114,17.5,-0.114,16.8,-0.0774
350506,88.5,88.5,0,88.5,0,88.5,0,88.5,0,88.5,0,88.5,0,88.5,0,88.5,0,88.5,0,88.5,0
350507,,,,,,,,,,,,,,,,,,,,,
350509,88.5,88.5,0,88.5,0,88.5,0,88.5,0,88.5,0,88.5,0,88.5,0,88.5,0,88.5,0,88.5,0
350510,,,,,,,,,,,,,,,,,,,,,
350512,,,,,,,,,,,,,,,,,,,,,
350561,24.5,24.5,0,24.5,0,24.5,0,24.5,0,24.5,0,24.5,0,24.5,0,19,0.289,19,0.289,19,0.289
350579,,,,,,,,,,,,,,,,,,,,,
350601,16.9,16.9,0,16.9,0,16.9,0,16.9,0,16.9,0,16.9,0,16.9,0,18,-0.0611,18,-0.0611,18,-0.0611
350717,,,,,,,,,,,,,,,,,,,,,
350750,,,,,,,,,,,,,,,,,,,,,
350760,121,121,0,121,0,121,0,112,0.0783,112,0.0783,105,0.155,86.5,0.401,,,123,-0.0114,160,-0.245
350787,,,,,,,,,,,,,,,,,,,,,
350992,36.8,36.8,0,36.8,0,36.8,0,36.8,0,36.8,0,36.8,0,36.8,0,36.8,0,,,40,-0.08
351000,72.4,72.4,0,72.4,0,72.4,0,72.4,0,72.4,0,72.4,0,72.4,0,72.4,0,72.4,0,77.9,-0.0706
351001,,,,,,,,,,,,,,,,,,,,,
351002,82.1,82.1,0,82.1,0,82.1,0,82.1,0,82.1,0,82.1,0,82.1,0,82.1,0,82.1,0,88.5,-0.0723
351011,109,109,0,109,0,,,109,0,109,0,109,0,109,0,109,0,109,0,109,0
351020,10.5,10.5,0,10.5,0,10.5,0,10.5,0,10.5,0,12.5,-0.16,12.5,-0.16,12.5,-0.16,12.5,-0.16,12.5,-0.16
351040,,,,,,,,,,,,,,,,,,,,,
351078,37.5,37.5,0,37.5,0,39.9,-0.0602,39.9,-0.0602,39.9,-0.0602,39.9,-0.0602,39.9,-0.0602,42.6,-0.12,38,-0.0132,38,-0.0132
351101,3.5,3.5,0,3.5,0,3.5,0,3.5,0,3.5,0,3.5,0,3.5,0,3.5,0,3.5,0,3.5,0
351117,24,24,0,24,0,24,0,24,0,25.2,-0.0476,25.2,-0.0476,25.2,-0.0476,25.2,-0.0476,25.2,-0.0476,,
351130,126,126,0,126,0,,,126,0,126,0,126,0,126,0,178,-0.292,224,-0.438,224,-0.438
351135,16.5,16.5,0,16.5,0,16.5,0,16.5,0,13,0.269,13,0.269,13,0.269,15.5,0.0645,15.5,0.0645,15.5,0.0645
351140,,,,,,,,,,,,,,,,,,,,,
351155,135,135,0,135,0,,,130,0.0393,,,,,,,129,0.0465,,,175,-0.229
351202,175,175,0,175,0,,,175,0,175,0,175,0,175,0,224,-0.219,224,-0.219,224,-0.219
351203,,,,,,,,,,,,,,,,,,,,,
351214,38.7,38.7,0,38.7,0,38.7,0,38.7,0,,,38.7,0,38.7,0,,,38.7,0,,
351229,34.6,34.6,0,34.6,0,34.6,0,34.6,0,34.6,0,34.6,0,34.6,0,34.6,0,34.6,0,37.3,-0.0724
351235,,,,,,,,,,,,,,,,,,,,,
351335,,,,,,,,,,,,,,,,,,,,,
351501,,,,,,,,,,,,,,,,,,,,,
351510,12.5,12.5,0,11.5,0.087,11.5,0.087,11.5,0.087,11,0.136,11,0.136,11,0.136,11,0.136,13.3,-0.0602,13.3,-0.0602
351555,,,,,,,,,,,,,,,,,,,,,
351558,18,18,0,18,0,18,0,18,0,18,0,18,0,18,0,18,0,18,0,18,0
351563,,,,,,,,,,,,,,,,,,,,,
351571,,,,,,,,,,,,,,,,,,,,,
351580,,,,,,,,,,,,,,,,,,,,,
351768,62.5,62.5,0,62.5,0,62.5,0,62.5,0,62.5,0,62.5,0,62.5,0,62.5,0,62.5,0,48,0.302
351770,21.9,21.9,0,21.9,0,21.9,0,21.9,0,21.9,0,21.9,0,21.9,0,,,,,,
351776,,,,,,,,,,,,,,,,,,,,,
351814,22.5,22.5,0,22.5,0,22.5,0,22.5,0,22.5,0,22.5,0,22.5,0,22.5,0,22.5,0,22.5,0
351830,22.5,22.5,0,22.5,0,22.5,0,22.5,0,22.5,0,22.5,0,22.5,0,22.5,0,22.5,0,22.5,0
351865,110,110,0,110,0,110,0,110,0,110,0,110,0,,,,,110,0,,
351871,29.5,29.5,0,29.5,0,29.5,0,27.8,0.0612,27.8,0.0612,26,0.135,34.5,-0.145,34.5,-0.145,34.5,-0.145,44.9,-0.343
351872,53,53,0,53,0,53,0,49,0.0816,49,0.0816,47.5,0.116,54.5,-0.0275,54.5,-0.0275,39.9,0.328,88.2,-0.399
351873,20.5,20.5,0,20.5,0,20.5,0,20.5,0,20.5,0,20.5,0,,,20.5,0,20.5,0,,
351878,34,34,0,34,0,34,0,34,0,34,0,,,,,,,,,,
351890,31,31,0,31,0,31,0,31,0,31,0,31,0,31,0,31,0,31,0,28.7,0.0801
351939,,,,,,,,,,,,,,,,,,,,,
352008,,,,,,,,,,,,,,,,,,,,,
352010,,,,,,,,,,,,,,,,,,,,,
352047,,,,,,,,,,,,,,,,,,,,,
352207,,,,,,,,,,,,,,,,,,,,,
352210,,,,,,,,,,,,,,,,,,,,,
352214,12.5,12.5,0,12.5,0,12.5,0,12.5,0,12.5,0,12.5,0,16,-0.219,16,-0.219,16,-0.219,16,-0.219
352220,359,359,0,359,0,,,359,0,359,0,359,0,359,0,359,0,360,-0.00278,360,-0.00278
352221,359,359,0,359,0,,,359,0,359,0,359,0,,,359,0,360,-0.00278,360,-0.00278
352232,,,,,,,,,,,,,,,,,,,,,
352462,14.5,14.5,0,14.5,0,14.5,0,14.5,0,,,,,14.5,0,14.5,0,14.5,0,14.5,0
352508,,,,,,,,,,,,,,,,,,,,,
352509,,,,,,,,,,,,,,,,,,,,,
352555,45.9,45.9,0,45.9,0,45.9,0,45.9,0,45.9,0,45.9,0,,,43,0.0674,51,-0.1,53,-0.134
352556,,,,,,,,,,,,,,,,,,,,,
352558,45.9,45.9,0,45.9,0,45.9,0,45.9,0,45.9,0,45.9,0,43,0.0674,43,0.0674,51,-0.1,53,-0.134
352730,32.2,31.5,0.0222,31.5,0.0222,31.5,0.0222,31.5,0.0222,33.6,-0.0417,28.1,0.146,23,0.4,28.1,0.146,35.1,-0.0826,38.2,-0.157
352772,15,15,0,15,0,15,0,15,0,15,0,15,0,15,0,15,0,15,0,12.5,0.2
352837,31,31,0,31,0,31,0,31,0,31,0,31,0,,,31,0,31,0,28,0.107
352845,10.5,10.5,0,10.5,0,10.5,0,10.5,0,10.5,0,10.5,0,10.5,0,10.5,0,10.5,0,8,0.312
352849,8,8,0,8,0,8,0,8,0,8,0,8,0,8,0,8,0,8,0,7,0.143
352850,51,51,0,51,0,51,0,,,51,0,51,0,51,0,51,0,51,0,,
352934,26,26,0,26,0,26,0,26,0,26,0,26,0,26,0,26,0,26,0,29.5,-0.119
352943,15.5,15.5,0,15.5,0,15.5,0,15.5,0,15.5,0,15.5,0,14.5,0.069,14.5,0.069,15.5,0,22,-0.295
352985,,,,,,,,,,,,,,,,,,,,,
353031,24.2,24.2,0,24.2,0,24.2,0,24.2,0,24.2,0,,,19.2,0.26,,,,,19.2,0.26
353070,,,,,,,,,,,,,,,,,,,,,
353130,,,,,,,,,,,,,,,,,,,,,
353131,,,,,,,,,,,,,,,,,,,,,
353133,,,,,,,,,,,,,,,,,,,,,
353212,,,,,,,,,,,,,,,,,,,,,
353280,41.5,41.5,0,41.5,0,41.5,0,41.5,0,44.5,-0.0674,44.5,-0.0674,44.5,-0.0674,47.5,-0.126,47.5,-0.126,47.5,-0.126
353286,21.5,21.5,0,21.5,0,21.5,0,21.5,0,21.5,0,21.5,0,21.5,0,22.5,-0.0444,22.5,-0.0444,22.5,-0.0444
353323,59.4,59.4,0,59.4,0,59.4,0,59.4,0,59.4,0,59.4,0,59.4,0,59.4,0,59.4,0,64.5,-0.0791
353335,11.7,11.7,0,11.7,0,11.7,0,11.7,0,11.7,0,,,,,,,,,,
353338,,,,,,,,,,,,,,,,,,,,,
353339,,,,,,,,,,,,,,,,,,,,,
353384,98,98,0,98,0,98,0,,,98,0,,,,,,,98,0,98,0
353385,98,98,0,98,0,98,0,98,0,98,0,,,,,,,98,0,98,0
353386,98,98,0,98,0,98,0,98,0,98,0,,,98,0,,,98,0,98,0
353387,98,98,0,98,0,98,0,98,0,98,0,98,0,98,0,98,0,98,0,98,0
353389,98,98,0,98,0,98,0,98,0,98,0,,,,,98,0,98,0,98,0
353396,91,91,0,91,0,91,0,91,0,91,0,91,0,91,0,91,0,91,0,91,0
353450,,,,,,,,,,,,,,,,,,,,,
353460,29.8,29.8,0,29.8,0,29.8,0,29.8,0,29.8,0,29.8,0,29.8,0,23.4,0.274,23.4,0.274,23.4,0.274
353572,44.9,44.9,0,44.9,0,44.9,0,44.9,0,44.9,0,29.9,0.502,19.4,1.31,47,-0.0447,47,-0.0447,44.9,0
353573,42,42,0,42,0,42,0,42,0,42,0,38.2,0.0995,38.2,0.0995,38.2,0.0995,47.5,-0.116,50.5,-0.168
353575,37.5,37.5,0,37.5,0,37.5,0,37.5,0,37.5,0,37.5,0,37.5,0,37.5,0,37.5,0,,
353660,,,,,,,,,,,,,,,,,,,,,
353685,,,,,,,,,,,,,,,,,,,,,
353686,82.5,82.5,0,82.5,0,82.5,0,82.5,0,82.5,0,82.5,0,82.5,0,82.5,0,108,-0.236,,
353699,60.5,60.5,0,60.5,0,60.5,0,60.5,0,60.5,0,60.5,0,60.5,0,60.5,0,60.5,0,65.8,-0.0805
353700,60.5,60.5,0,60.5,0,60.5,0,60.5,0,60.5,0,60.5,0,60.5,0,60.5,0,60.5,0,65.8,-0.0805
353702,60.5,60.5,0,60.5,0,60.5,0,60.5,0,60.5,0,60.5,0,60.5,0,60.5,0,60.5,0,65.8,-0.0805
353720,70.8,70.8,0,70.8,0,70.8,0,70.8,0,70.8,0,70.8,0,70.8,0,70.8,0,70.8,0,70.8,0
353721,38.3,38.3,0,38.3,0,,,,,,,38.3,0,,,,,,,,
353835,131,131,0,131,0,131,0,131,0,131,0,131,0,131,0,131,0,131,0,131,0
353836,85,85,0,85,0,85,0,85,0,85,0,85,0,85,0,85,0,85,0,85,0
353837,182,182,0,182,0,243,-0.25,243,-0.25,243,-0.25,243,-0.25,243,-0.25,243,-0.25,243,-0.25,243,-0.25
353838,182,182,0,182,0,243,-0.25,243,-0.25,243,-0.25,243,-0.25,243,-0.25,243,-0.25,243,-0.25,,
353839,182,,,,,,,243,-0.25,243,-0.25,243,-0.25,243,-0.25,243,-0.25,243,-0.25,243,-0.25
353934,39.9,39.9,0,39.9,0,39.9,0,39.9,0,39.9,0,39.9,0,39.9,0,39.9,0,39.9,0,39.9,0
353936,39.9,39.9,0,39.9,0,39.9,0,39.9,0,39.9,0,39.9,0,39.9,0,39.9,0,39.9,0,39.9,0
353950,20.9,20.9,0,20.9,0,20.9,0,20.9,0,20.9,0,20.9,0,20.9,0,20.9,0,20.9,0,23,-0.0913
353951,20.9,20.9,0,20.9,0,20.9,0,20.9,0,20.9,0,20.9,0,20.9,0,20.9,0,20.9,0,23,-0.0913
353954,20.9,20.9,0,20.9,0,20.9,0,20.9,0,20.9,0,20.9,0,20.9,0,20.9,0,20.9,0,23,-0.0913
353955,,,,,,,,,,,,,,,,,,,,,
353956,,,,,,,,,,,,,,,,,,,,,
353958,,,,,,,,,,,,,,,,,,,,,
353965,,,,,,,,,,,,,,,,,,,,,
353982,35,35,0,35,0,35,0,35,0,,,35,0,35,0,29,0.207,29,0.207,31.5,0.111
353983,34,34,0,34,0,34,0,34,0,34,0,34,0,34,0,28.5,0.193,28.5,0.193,30,0.133
354077,27.5,27.5,0,27.5,0,27.5,0,17.9,0.536,17.9,0.536,27.5,0,27.5,0,27.5,0,22.9,0.201,27.5,0
354083,21,21,0,21,0,21,0,21,0,,,,,,,19.5,0.0769,,,,
354139,14.5,14.5,0,14.5,0,14.5,0,14.5,0,14.5,0,14.5,0,14.5,0,22,-0.341,22,-0.341,22,-0.341
354169,67,67,0,67,0,67,0,67,0,67,0,67,0,67,0,67,0,67,0,,
354180,,,,,,,,,,,,,,,,,,,,,
354190,24,24,0,24,0,24,0,24,0,24,0,24,0,24,0,24,0,22,0.0909,22,0.0909
354225,,,,,,,,,,,,,,,,,,,,,
354228,10,10,0,10,0,10,0,10,0,,,,,,,10,0,10,0,10,0
354233,8,8,0,8,0,8,0,8,0,8,0,,,,,8,0,8,0,8,0
354260,42.5,42.5,0,42.5,0,42.5,0,42.5,0,35,0.214,35,0.214,35,0.214,40.8,0.0417,40.8,0.0417,40.8,0.0417
354279,42.5,42.5,0,42.5,0,42.5,0,42.5,0,35,0.214,35,0.214,35,0.214,40.8,0.0417,40.8,0.0417,40.8,0.0417
354287,42.5,42.5,0,42.5,0,42.5,0,42.5,0,42.5,0,35,0.214,35,0.214,40.8,0.0417,40.8,0.0417,40.8,0.0417
354309,,,,,,,,,,,,,,,,,,,,,
354366,50,50,0,50,0,,,43.9,0.139,43.9,0.139,50,0,50,0,47.5,0.0526,47.5,0.0526,,
354367,50,50,0,50,0,,,43.9,0.139,43.9,0.139,50,0,50,0,47.5,0.0526,47.5,0.0526,,
354370,87.5,87.5,0,87.5,0,87.5,0,87.5,0,87.5,0,,,87.5,0,120,-0.271,,,120,-0.271
354410,23.5,23.5,0,23.5,0,23.5,0,21.5,0.093,21.5,0.093,21.5,0.093,,,27.5,-0.145,27.5,-0.145,27.5,-0.145
354462,,,,,,,,,,,,,,,,,,,,,
354463,,,,,,,,,,,,,,,,,,,,,
354464,,,,,,,,,,,,,,,,,,,,,
354554,10,10,0,10,0,10,0,10,0,10,0,10,0,10,0,10,0,10,0,10,0
354561,57.5,57.5,0,57.5,0,57.5,0,57.5,0,57.5,0,57.5,0,57.5,0,57.5,0,57.5,0,57.5,0
354563,72.8,72.8,0,72.8,0,72.8,0,72.8,0,72.8,0,72.8,0,72.8,0,72.8,0,72.8,0,72.8,0
354597,7.5,7.5,0,7.5,0,7.5,0,7.5,0,7.5,0,7.5,0,7.5,0,7.5,0,7.5,0,7.5,0
354651,11.5,11.5,0,11.5,0,11.5,0,11.5,0,11.5,0,11.5,0,11.5,0,11.5,0,11.5,0,11.5,0
354655,21.5,21.5,0,21.5,0,21.5,0,21.5,0,21.5,0,21.5,0,21.5,0,21.5,0,21.5,0,21.5,0
354686,22,22,0,22,0,22,0,22,0,22,0,22,0,22,0,22,0,22,0,22,0
354694,21.9,21.9,0,21.9,0,21.9,0,21.9,0,21.9,0,21.9,0,,,21.9,0,21.9,0,21.9,0
354911,,,,,,,,,,,,,,,,,,,,,
354930,16.8,16.8,0,16.8,0,16.8,0,16.8,0,16.8,0,16.8,0,16.8,0,16.8,0,16.2,0.037,16.2,0.037
354931,16.8,16.8,0,16.8,0,16.8,0,16.8,0,16.8,0,,,16.8,0,16.8,0,16.2,0.037,16.2,0.037
354932,16.8,16.8,0,16.8,0,16.8,0,16.8,0,16.8,0,16.8,0,16.8,0,16.8,0,16.2,0.037,16.2,0.037
355010,62.9,62.9,0,62.9,0,62.9,0,62.9,0,62.9,0,62.9,0,62.9,0,62.9,0,62.9,0,,
355089,17.5,17.5,0,17.5,0,17.5,0,17.5,0,17.5,0,17.5,0,17.5,0,17.5,0,16,0.0938,,
355110,10.5,10.5,0,10.5,0,10.5,0,10.5,0,10.5,0,10.5,0,,,10.5,0,8.5,0.235,8.5,0.235
355666,,,,,,,,,,,,,,,,,,,,,
355667,59.4,59.4,0,59.4,0,59.4,0,59.4,0,59.4,0,59.4,0,59.4,0,59.4,0,59.4,0,64.5,-0.0791
355668,,,,,,,,,,,,,,,,,,,,,
355780,13.9,13.9,0,13.9,0,13.9,0,13.9,0,13.9,0,,,8.9,0.562,11.9,0.168,9.9,0.404,11.9,0.168
355781,7.9,7.9,0,7.9,0,7.9,0,7.9,0,12.5,-0.368,,,8.9,-0.112,11.9,-0.336,9.9,-0.202,11.9,-0.336
355895,,,,,,,,,,,,,,,,,,,,,
355974,61.3,61.3,0,61.3,0,61.3,0,61.3,0,61.3,0,83,-0.261,83,-0.261,83,-0.261,83,-0.261,83,-0.261
355975,70,70,0,70,0,70,0,70,0,70,0,70,0,,,70,0,95,-0.263,95,-0.263
355977,70,70,0,70,0,70,0,70,0,70,0,70,0,70,0,70,0,95,-0.263,95,-0.263
355991,91,91,0,91,0,91,0,83,0.0964,83,0.0964,91,0,,,93,-0.0215,93,-0.0215,93,-0.0215
355993,91,91,0,91,0,91,0,91,0,91,0,91,0,91,0,93,-0.0215,93,-0.0215,93,-0.0215
355994,91,91,0,91,0,91,0,91,0,91,0,91,0,91,0,93,-0.0215,93,-0.0215,93,-0.0215
355996,97.9,97.9,0,106,-0.0764,106,-0.0764,106,-0.0764,106,-0.0764,106,-0.0764,106,-0.0764,113,-0.134,113,-0.134,113,-0.134
355998,,,,,,,,,,,,,,,,,,,,,
356001,27.9,27.9,0,27.9,0,27.9,0,27.9,0,27.9,0,27.9,0,,,26.8,0.041,31.9,-0.125,34.5,-0.191
356002,27.9,27.9,0,27.9,0,27.9,0,27.9,0,27.9,0,27.9,0,,,26.8,0.041,31.9,-0.125,34.5,-0.191
356004,27.9,27.9,0,27.9,0,27.9,0,27.9,0,27.9,0,26.8,0.041,,,26.8,0.041,31.9,-0.125,34.5,-0.191
356011,27.9,27.9,0,27.9,0,27.9,0,27.9,0,27.9,0,,,26.8,0.041,26.8,0.041,31.9,-0.125,34.5,-0.191
356014,27.9,27.9,0,27.9,0,27.9,0,27.9,0,27.9,0,27.9,0,,,26.8,0.041,31.9,-0.125,34.5,-0.191
356016,27.9,27.9,0,27.9,0,27.9,0,27.9,0,27.9,0,27.9,0,26.8,0.041,26.8,0.041,31.9,-0.125,34.5,-0.191
356017,27.9,27.9,0,27.9,0,27.9,0,27.9,0,27.9,0,27.9,0,28.8,-0.0313,28.8,-0.0313,31.9,-0.125,34.5,-0.191
356030,42,42,0,42,0,42,0,42,0,42,0,38.2,0.0995,38.2,0.0995,38.2,0.0995,47.5,-0.116,38,0.105
356031,42,42,0,42,0,42,0,42,0,42,0,38.2,0.0995,38.2,0.0995,38.2,0.0995,47.7,-0.119,38,0.105
356032,42,42,0,42,0,42,0,42,0,42,0,38.2,0.0995,38.2,0.0995,38.2,0.0995,47.7,-0.119,38,0.105
356239,6.3,6.3,0,6.3,0,6.3,0,6.3,0,6.3,0,6.3,0,6.3,0,6.3,0,6.3,0,6.3,0
356654,30,30,0,,,,,,,,,,,,,,,,,,
356670,25.5,25.5,0,,,,,,,,,,,,,,,,,,
356697,,,,,,,,,,,,,,,,,,,,,
356700,,,,,,,,,,,,,,,,,,,,,
356890,18.4,18.4,0,18.4,0,18.4,0,18.4,0,18.4,0,,,,,18.4,0,,,18.4,0
357072,21.5,21.5,0,21.5,0,21.5,0,21.5,0,21.5,0,21.5,0,26.8,-0.198,26.8,-0.198,26.8,-0.198,26.8,-0.198
357308,198,198,0,198,0,,,198,0,198,0,198,0,198,0,198,0,198,0,196,0.00765
357448,41.3,41.3,0,41.3,0,41.3,0,41.3,0,41.3,0,38.3,0.0783,30,0.377,38.3,0.0783,45.9,-0.1,45.9,-0.1
357495,4,4,0,4,0,4,0,4,0,4,0,4,0,4,0,4,0,4,0,4,0
357564,,,,,,,,,,,,,,,,,,,,,
357565,,,,,,,,,,,,,,,,,,,,,
357566,,,,,,,,,,,,,,,,,,,,,
357881,38,38,0,38,0,38,0,38,0,38,0,36,0.0556,36,0.0556,36,0.0556,33,0.152,33,0.152
357910,11,11,0,11,0,11,0,11,0,11,0,11,0,11,0,11,0,10.5,0.0476,10.5,0.0476
357971,,,,,,,,,,,,,,,,,,,,,
358060,59.3,59.3,0,59.3,0,59.3,0,47.3,0.254,47.3,0.254,53.9,0.1,43.1,0.376,53.9,0.1,43.2,0.373,80.9,-0.267
358171,17.5,17.5,0,17.5,0,17.5,0,17.5,0,17.5,0,17.5,0,17.5,0,17.5,0,17.5,0,17.5,0
358178,17.5,17.5,0,17.5,0,17.5,0,17.5,0,17.5,0,17.5,0,17.5,0,17.5,0,17.5,0,17.5,0
358193,399,399,0,399,0,,,399,0,399,0,399,0,399,0,399,0,399,0,399,0
358258,181,181,0,181,0,,,181,0,181,0,181,0,181,0,181,0,181,0,181,0
358488,,,,,,,,,,,,,,,,,,,,,
358489,,,,,,,,,,,,,,,,,,,,,
358920,,,,,,,,,,,,,,,,,,,,,
358921,62.9,62.9,0,62.9,0,62.9,0,62.9,0,62.9,0,62.9,0,62.9,0,62.9,0,62.9,0,67.6,-0.0695
358922,62.9,62.9,0,62.9,0,62.9,0,62.9,0,62.9,0,62.9,0,62.9,0,62.9,0,62.9,0,67.6,-0.0695
358967,142,142,0,142,0,,,132,0.0795,132,0.0795,132,0.0795,159,-0.104,159,-0.104,175,-0.186,175,-0.186
358970,79,79,0,79,0,79,0,79,0,79,0,79,0,,,79,0,79.9,-0.0113,79.9,-0.0113
359059,35.6,35.6,0,35.6,0,35.6,0,35.6,0,35.6,0,31.9,0.116,,,31.9,0.116,31.9,0.116,31.9,0.116
359060,,,,,,,,,,,,,,,,,,,,,
359061,,,,,,,,,,,,,,,,,,,,,
359062,,,,,,,,,,,,,,,,,,,,,
359063,35.6,35.6,0,35.6,0,35.6,0,35.6,0,35.6,0,31.9,0.116,31.9,0.116,31.9,0.116,31.9,0.116,31.9,0.116
359065,35.6,35.6,0,35.6,0,35.6,0,35.6,0,,,,,31.9,0.116,31.9,0.116,31.9,0.116,,
359069,35.6,35.6,0,35.6,0,35.6,0,35.6,0,,,31.9,0.116,31.9,0.116,31.9,0.116,,,31.9,0.116
359071,35.6,35.6,0,,,,,35.6,0,35.6,0,31.9,0.116,31.9,0.116,31.9,0.116,31.9,0.116,31.9,0.116
359072,35.6,35.6,0,35.6,0,35.6,0,35.6,0,,,31.9,0.116,31.9,0.116,31.9,0.116,31.9,0.116,31.9,0.116
359073,35.6,35.6,0,35.6,0,35.6,0,35.6,0,35.6,0,31.9,0.116,31.9,0.116,31.9,0.116,31.9,0.116,31.9,0.116
359541,20.7,20.7,0,20.7,0,20.7,0,20.7,0,20.7,0,20.7,0,20.7,0,,,20.7,0,20.7,0
359561,20,20,0,20,0,20,0,20,0,20,0,20,0,20,0,20,0,20,0,20,0
359653,47,47,0,47,0,47,0,47,0,47,0,,,,,47,0,47,0,47,0
359953,62.5,62.5,0,62.5,0,62.5,0,62.5,0,62.5,0,62.5,0,69,-0.0942,69,-0.0942,69,-0.0942,69,-0.0942
359955,30.5,30.5,0,30.5,0,30.5,0,30.5,0,30.5,0,30.5,0,,,30.5,0,30.5,0,30.5,0
359963,30.5,30.5,0,30.5,0,30.5,0,30.5,0,30.5,0,30.5,0,,,30.5,0,30.5,0,30.5,0
360017,,,,,,,,,,,,,,,,,,,,,
360170,26.2,26.2,0,26.2,0,26.2,0,26.2,0,29,-0.0966,28.1,-0.0676,28.1,-0.0676,31.2,-0.16,31.2,-0.16,,
360211,26.9,26.9,0,26.9,0,26.9,0,26.9,0,26.9,0,23.9,0.126,23.9,0.126,24,0.121,24,0.121,34.9,-0.229
360303,,,,,,,,,,,,,,,,,,,,,
360336,126,126,0,126,0,126,0,126,0,126,0,126,0,126,0,126,0,126,0,126,0
360560,43,43,0,43,0,43,0,43,0,43,0,43,0,43,0,43,0,43,0,43,0
360581,48,48,0,48,0,48,0,48,0,,,47,0.0213,47,0.0213,49,-0.0204,49,-0.0204,49,-0.0204
360710,31,31,0,31,0,31,0,31,0,31,0,31,0,,,31,0,31,0,27.5,0.127
360711,31,31,0,31,0,31,0,31,0,31,0,31,0,31,0,,,31,0,27.5,0.127
360725,25.9,25.9,0,25.9,0,25.9,0,25,0.036,25,0.036,21.1,0.227,19.8,0.308,35.7,-0.275,35.7,-0.275,,
360752,18,18,0,18,0,18,0,18,0,18,0,18,0,18,0,18,0,18,0,18,0
360753,18,18,0,18,0,18,0,18,0,18,0,18,0,18,0,18,0,18,0,18,0
360780,9,9,0,9,0,9,0,9,0,9,0,9,0,9,0,11,-0.182,11,-0.182,11,-0.182
360781,5,5,0,5,0,5,0,5,0,4,0.25,4,0.25,4,0.25,5,0,5,0,5,0
360782,3,3,0,3,0,3,0,3,0,3,0,3,0,3,0,4,-0.25,4,-0.25,4,-0.25
360787,81,81,0,81,0,,,81,0,81,0,81,0,81,0,81,0,81,0,81,0
360801,,,,,,,,,,,,,,,,,,,,,
360802,15.6,15.6,0,15.6,0,15.6,0,15.6,0,15.6,0,15.6,0,15.6,0,15.6,0,15.6,0,,
360804,15.6,15.6,0,15.6,0,15.6,0,15.6,0,15.6,0,15.6,0,15.6,0,15.6,0,15.6,0,,
360831,,,,,,,,,,,,,,,,,,,,,
360899,,,,,,,,,,,,,,,,,,,,,
360907,,,,,,,,,,,,,,,,,,,,,
360908,,,,,,,,,,,,,,,,,,,,,
360909,39.9,39.9,0,39.9,0,39.9,0,32.8,0.216,,,39.9,0,39.9,0,39.9,0,39.9,0,39.9,0
360926,45.9,45.9,0,45.9,0,45.9,0,45.9,0,45.9,0,45.9,0,,,43,0.0674,51,-0.1,53,-0.134
360927,45.9,45.9,0,45.9,0,45.9,0,45.9,0,45.9,0,45.9,0,43,0.0674,43,0.0674,51,-0.1,53,-0.134
360952,34.1,34.1,0,33.6,0.0149,33.6,0.0149,33.6,0.0149,,,36.3,-0.0606,36.3,-0.0606,,,38.2,-0.107,38.3,-0.11
360954,32.8,32.8,0,29.7,0.104,29.7,0.104,29.7,0.104,,,25.2,0.302,25.2,0.302,34.3,-0.0437,36.1,-0.0914,36.1,-0.0914
360955,34.1,34.1,0,31.5,0.0825,31.5,0.0825,31.5,0.0825,,,28.2,0.209,28.2,0.209,41.7,-0.182,41.7,-0.182,37.5,-0.0907
360956,26.3,26.3,0,24.2,0.0868,24.2,0.0868,24.2,0.0868,24.2,0.0868,26.2,0.00382,26.2,0.00382,,,29.1,-0.0962,29.1,-0.0962
360957,,,,,,,,,,,,,,,,,,,,,
360958,65.6,65.6,0,64.5,0.0171,64.5,0.0171,64.5,0.0171,64.5,0.0171,45.7,0.435,45.7,0.435,59.3,0.106,65.8,-0.00304,,
361030,44,44,0,,,44,0,44,0,44,0,,,44,0,44,0,67,-0.343,,
361205,29.9,29.9,0,36.9,-0.19,36.9,-0.19,36.9,-0.19,36.9,-0.19,36.9,-0.19,29.5,0.0136,36.9,-0.19,29.6,0.0101,42,-0.288
361206,,,,,,,,,,,,,,,,,,,,,
361210,28,28,0,28,0,28,0,28,0,28,0,28,0,28,0,30,-0.0667,30,-0.0667,30,-0.0667
361510,,,,,,,,,,,,,,,,,,,,,
361511,30,30,0,30,0,30,0,30,0,,,,,30,0,30,0,30,0,,
361512,,,,,,,,,,,,,,,,,,,,,
361532,,,,,,,,,,,,,,,,,,,,,
361535,,,,,,,,,,,,,,,,,,,,,
361536,,,,,,,,,,,,,,,,,,,,,
362144,50.9,44.4,0.146,44.4,0.146,44.4,0.146,44.4,0.146,44.4,0.146,44.4,0.146,44.4,0.146,44.4,0.146,56.2,-0.0943,53,-0.0396
362770,26,26,0,25,0.04,25,0.04,25,0.04,21.5,0.209,23.5,0.106,23.5,0.106,29.1,-0.107,29.1,-0.107,29.1,-0.107
362778,5,5,0,5,0,5,0,5,0,15.9,-0.686,13.9,-0.64,11.9,-0.58,9.9,-0.495,13.9,-0.64,11.9,-0.58
362786,15.9,15.9,0,15.9,0,15.9,0,15.9,0,15.9,0,14.9,0.0671,12.9,0.233,13.9,0.144,24.9,-0.361,13.9,0.144
362910,13.5,13.5,0,13.5,0,,,,,,,13.5,0,13.5,0,13.5,0,,,,
363018,,,,,,,,,,,,,,,,,,,,,
363027,,,,,,,,,,,,,,,,,,,,,
363028,,,,,,,,,,,,,,,,,,,,,
363029,,,,,,,,,,,,,,,,,,,,,
363030,155,155,0,155,0,155,0,155,0,155,0,155,0,155,0,155,0,155,0,155,0
363049,,,,,,,,,,,,,,,,,,,,,
363073,118,118,0,118,0,,,118,0,118,0,118,0,118,0,118,0,118,0,,
363110,78,78,0,78,0,78,0,78,0,78,0,78,0,78,0,78,0,78,0,78,0
363115,,,,,,,,,,,,,,,,,,,,,
363120,133,133,0,133,0,,,133,0,133,0,,,,,,,,,,
363124,119,119,0,119,0,,,119,0,119,0,119,0,119,0,119,0,119,0,,
363126,119,119,0,119,0,,,119,0,119,0,119,0,119,0,119,0,119,0,,
363127,,,,,,,,,,,,,,,,,,,,,
363211,,,,,,,,,,,,,,,,,,,,,
363212,,,,,,,,,,,,,,,,,,,,,
363213,,,,,,,,,,,,,,,,,,,,,
363214,,,,,,,,,,,,,,,,,,,,,
363216,,,,,,,,,,,,,,,,,,,,,
363220,65.6,65.6,0,65.6,0,65.6,0,65.6,0,65.6,0,57.3,0.145,57.3,0.145,71.8,-0.0864,71.8,-0.0864,71.8,-0.0864
363278,194,194,0,194,0,194,0,194,0,194,0,194,0,194,0,194,0,194,0,194,0
363322,65.3,65.3,0,65.3,0,65.3,0,65.3,0,65.3,0,65.3,0,65.3,0,65.3,0,65.3,0,65.3,0
363323,32,32,0,32,0,32,0,32,0,32,0,32,0,32,0,32,0,32,0,,
363325,109,109,0,109,0,109,0,109,0,109,0,109,0,109,0,109,0,109,0,109,0
363326,141,141,0,141,0,141,0,141,0,127,0.11,127,0.11,127,0.11,127,0.11,127,0.11,127,0.11
363327,118,118,0,118,0,118,0,118,0,118,0,118,0,118,0,118,0,118,0,118,0
363352,105,105,0,105,0,105,0,105,0,105,0,53.9,0.948,53.9,0.948,,,,,,
363353,85,85,0,85,0,85,0,85,0,85,0,44.9,0.893,44.9,0.893,44.9,0.893,44.9,0.893,44.9,0.893
363360,,,,,,,,,,,,,,,,,,,,,
363368,,,,,,,,,,,,,,,,,,,,,
363391,75,75,0,75,0,75,0,75,0,75,0,75,0,75,0,75,0,75,0,75,0
363520,31.5,31.5,0,31.5,0,31.5,0,31.5,0,31.5,0,31.5,0,31.5,0,26,0.212,31.5,0,31.5,0
363532,21,21,0,21,0,21,0,21,0,21,0,21,0,21,0,21,0,21,0,21,0
363738,19.9,19.9,0,19.9,0,19.9,0,19.9,0,19.9,0,19.9,0,19.9,0,19.9,0,19.9,0,,
363739,77,77,0,77,0,77,0,,,77,0,77,0,77,0,77,0,77,0,77,0
363821,26.4,26.4,0,26.4,0,26.4,0,26.4,0,27.6,-0.0435,27.6,-0.0435,27.6,-0.0435,27.6,-0.0435,27.6,-0.0435,27.6,-0.0435
363823,26.4,26.4,0,26.4,0,26.4,0,26.4,0,27.6,-0.0435,27.6,-0.0435,27.6,-0.0435,27.6,-0.0435,27.6,-0.0435,27.6,-0.0435
363824,29.4,29.4,0,54,-0.456,54,-0.456,45,-0.347,45,-0.347,54,-0.456,54,-0.456,40,-0.265,40,-0.265,46,-0.361
363825,29.4,29.4,0,54,-0.456,54,-0.456,45,-0.347,45,-0.347,54,-0.456,38,-0.226,40,-0.265,40,-0.265,46,-0.361
363826,14.4,14.4,0,14.4,0,14.4,0,14.4,0,21.6,-0.333,21.6,-0.333,21.6,-0.333,21.6,-0.333,25,-0.424,,
363827,21.6,21.6,0,21.6,0,21.6,0,14.4,0.5,15,0.44,21.6,0,21.6,0,21.6,0,25,-0.136,,
363851,30.7,30.7,0,30.7,0,30.7,0,30.7,0,30.7,0,25.5,0.204,25.5,0.204,21,0.462,29.3,0.0478,29.3,0.0478
363852,46.8,46.8,0,46.8,0,46.8,0,46.8,0,,,40.8,0.147,40.8,0.147,43.4,0.0783,43.4,0.0783,,
363853,30.7,30.7,0,30.7,0,30.7,0,30.7,0,30.7,0,25.5,0.204,25.5,0.204,21,0.462,29.3,0.0478,,
363854,46.8,46.8,0,46.8,0,46.8,0,46.8,0,46.8,0,41.3,0.133,41.3,0.133,43.4,0.0783,43.4,0.0783,,
363887,24.9,24.9,0,24.9,0,24.9,0,22.9,0.0873,22.9,0.0873,22.9,0.0873,21.9,0.137,25.5,-0.0235,29.5,-0.156,39.5,-0.37
363920,139,139,0,139,0,139,0,139,0,139,0,99.9,0.391,99.9,0.391,99.9,0.391,99.9,0.391,99.9,0.391
363921,139,139,0,139,0,139,0,139,0,139,0,99.9,0.391,99.9,0.391,74.9,0.856,99.9,0.391,99.9,0.391
364022,51.6,49,0.0531,49,0.0531,49,0.0531,,,,,42.1,0.226,42.1,0.226,,,52.9,-0.0246,42,0.229
364051,39.9,39.9,0,39.9,0,39.9,0,39.9,0,39.9,0,39.9,0,39.9,0,,,39.9,0,39.9,0
364215,4.7,4.7,0,4.7,0,4.7,0,4.7,0,4.7,0,4.7,0,,,,,,,,
364355,92.9,92.9,0,92.9,0,92.9,0,92.9,0,94.9,-0.0211,79.9,0.163,88.9,0.045,84.9,0.0942,97.5,-0.0472,109,-0.147
364357,3,3,0,,,,,,,,,,,,,2.5,0.2,2.5,0.2,2.5,0.2
364371,53.9,53.9,0,53.9,0,53.9,0,53.9,0,47.5,0.135,,,48.9,0.102,64.7,-0.167,64.7,-0.167,64.7,-0.167
364541,,,,,,,,,,,,,,,,,,,,,
364576,12.5,12.5,0,11.5,0.087,11.5,0.087,11.5,0.087,11,0.136,11,0.136,,,,,,,13.3,-0.0602
364681,24.5,24.5,0,22.5,0.0889,22.5,0.0889,22.5,0.0889,23,0.0652,21.5,0.14,21.5,0.14,23.5,0.0426,23.5,0.0426,28,-0.125
365020,16.3,16.3,0,16.3,0,16.3,0,16.3,0,16.3,0,16.3,0,16.3,0,16.3,0,16.3,0,,
365068,,,,,,,,,,,,,,,,,,,,,
365076,,,,,,,,,,,,,,,,,,,,,
365084,,,,,,,,,,,,,,,,,,,,,
365087,5,5,0,5,0,5,0,5,0,5,0,5,0,5,0,5,0,4.5,0.111,5,0
365088,5,5,0,5,0,5,0,5,0,5,0,5,0,5,0,5,0,4.5,0.111,5,0
365089,5,5,0,5,0,5,0,5,0,5,0,5,0,5,0,5,0,4.5,0.111,5,0
365090,118,118,0,118,0,118,0,118,0,,,,,118,0,118,0,118,0,120,-0.0133
365122,,,,,,,,,,,,,,,,,,,,,
365150,,,,,,,,,,,,,,,,,,,,,
365254,,,,,,,,,,,,,,,,,,,,,
365262,,,,,,,,,,,,,,,,,,,,,
365411,25.5,25.5,0,25.5,0,25.5,0,25.5,0,25.5,0,25.5,0,,,25.5,0,25.5,0,25.5,0
365506,53,53,0,53,0,53,0,53,0,53,0,53,0,53,0,53,0,53,0,53,0
365707,,,,,,,,,,,,,,,,,,,,,
366242,,,,,,,,,,,,,,,,,,,,,
366528,,,,,,,,,,,,,,,,,,,,,
366544,,,,,,,,,,,,,,,,,,,,,
366692,,,,,,,,,,,,,,,,,,,,,
366889,57.9,57.9,0,57.9,0,57.9,0,57.9,0,56.9,0.0176,56.9,0.0176,56.9,0.0176,71.4,-0.189,71.4,-0.189,71.4,-0.189
366890,,,,,,,,,,,,,,,,,,,,,
366900,235,235,0,235,0,,,235,0,235,0,235,0,235,0,235,0,235,0,235,0
367036,,,,,,,,,,,,,,,,,,,,,
367060,,,,,,,,,,,,,,,,,,,,,
367141,52.5,52.5,0,52.5,0,52.5,0,52.5,0,59,-0.11,59,-0.11,59,-0.11,59,-0.11,59,-0.11,59,-0.11
367150,58,58,0,58,0,58,0,58,0,58,0,58,0,58,0,58,0,58,0,58,0
367222,,,,,,,,,,,,,,,,,,,,,
367311,3,3,0,,,,,,,3,0,3,0,3,0,2.5,0.2,2.5,0.2,2.5,0.2
367315,46.5,46.5,0,46.5,0,46.5,0,46.5,0,,,,,43.9,0.0592,49,-0.051,49,-0.051,49,-0.051
367316,52.5,52.5,0,52.5,0,52.5,0,52.5,0,52.5,0,49,0.0714,49,0.0714,49,0.0714,49,0.0714,49,0.0714
367320,3,3,0,,,,,,,,,,,,,2.5,0.2,2.5,0.2,2.5,0.2
367370,,,,,,,,,,,,,,,,,,,,,
367443,6.9,6.9,0,6.9,0,6.9,0,6.9,0,6.9,0,6.9,0,6.9,0,6.9,0,6.9,0,,
367500,22.5,22.5,0,22.5,0,22.5,0,22.5,0,,,,,,,,,,,,
367501,43,43,0,43,0,43,0,43,0,,,,,,,,,,,,
367702,,,,,,,,,,,,,,,,,,,,,
367710,,,,,,,,,,,,,,,,,,,,,
367729,94,94,0,94,0,94,0,94,0,94,0,94,0,94,0,94,0,94,0,94,0
367737,75.5,75.5,0,75.5,0,75.5,0,75.5,0,75.5,0,75.5,0,75.5,0,,,,,,
367761,94.5,94.5,0,94.5,0,94.5,0,94.5,0,94.5,0,94.5,0,,,94.5,0,94.5,0,94.5,0
367777,,,,,,,,,,,,,,,,,,,,,
367971,11.5,11.5,0,10.9,0.055,10.9,0.055,10.9,0.055,11,0.0455,11,0.0455,11,0.0455,13.3,-0.135,13.3,-0.135,13.3,-0.135
368210,,,,,,,,,,,,,,,,,,,,,
368289,,,,,,,,,,,,,,,,,,,,,
368307,35.5,35.5,0,35.5,0,35.5,0,35.5,0,35.5,0,35.5,0,35.5,0,35.5,0,35.5,0,35.5,0
368326,51.7,51.7,0,51.7,0,51.7,0,,,,,,,,,51.7,0,51.7,0,51.7,0
368369,99.9,99.9,0,99.9,0,99.9,0,99.9,0,99.9,0,99.9,0,99.9,0,120,-0.164,120,-0.164,,
368555,,,,,,,,,,,,,,,,,,,,,
368570,21,21,0,21,0,21,0,21,0,21,0,19,0.105,19,0.105,19,0.105,19,0.105,19,0.105
368572,10.9,10.9,0,10.9,0,10.9,0,10.9,0,10.9,0,,,9.9,0.101,9.9,0.101,9.9,0.101,9.9,0.101
368741,7.2,7.2,0,7.2,0,7.2,0,7.2,0,7.2,0,7.2,0,,,7.2,0,7.2,0,5.2,0.385
368875,42,42,0,42,0,42,0,42,0,42,0,42,0,42,0,42,0,42,0,42,0
369041,18.5,18.5,0,18.5,0,18.5,0,18.5,0,18.5,0,18.5,0,18.5,0,24.5,-0.245,,,24.5,-0.245
369042,11.5,11.5,0,11,0.0455,11,0.0455,11,0.0455,11.5,0,9.5,0.211,9.5,0.211,12.3,-0.065,12.3,-0.065,12.3,-0.065
369410,,,,,,,,,,,,,,,,,,,,,
369412,,,,,,,,,,,,,,,,,,,,,
369413,,,,,,,,,,,,,,,,,,,,,
369414,,,,,,,,,,,,,,,,,,,,,
369415,,,,,,,,,,,,,,,,,,,,,
369730,,,,,,,,,,,,,,,,,,,,,
370003,,,,,,,,,,,,,,,,,,,,,
370006,,,,,,,,,,,,,,,,,,,,,
370253,14.4,14.4,0,14.4,0,14.4,0,14.4,0,14.4,0,14.4,0,14.4,0,14.4,0,14.4,0,,
370524,24.9,24.9,0,24.9,0,24.9,0,22.9,0.0873,22.9,0.0873,22.9,0.0873,,,25.5,-0.0235,29.5,-0.156,39.9,-0.376
370526,,,,,,,,,,,,,,,,,,,,,
370610,22.8,22.8,0,22.8,0,22.8,0,22.8,0,22.8,0,20.7,0.101,20.7,0.101,27.1,-0.159,27.1,-0.159,27.1,-0.159
370684,,,,,,,,,,,,,,,,,,,,,
370686,,,,,,,,,,,,,,,,,,,,,
371079,15.9,15.9,0,15.9,0,15.9,0,15.9,0,15.9,0,15.9,0,15.9,0,15.9,0,15.9,0,17.9,-0.112
371190,28,28,0,28,0,28,0,28,0,28,0,28,0,28,0,28,0,28,0,28,0
371205,56,56,0,56,0,56,0,56,0,56,0,56,0,56,0,56,0,56,0,56,0
371246,,,,,,,,,,,,,,,,,,,,,
371298,44,44,0,44,0,44,0,44,0,44,0,44,0,44,0,44,0,44,0,44,0
371299,44,44,0,44,0,44,0,44,0,44,0,44,0,44,0,44,0,44,0,44,0
371301,44,44,0,44,0,44,0,44,0,44,0,44,0,44,0,44,0,44,0,44,0
371302,44,44,0,44,0,44,0,44,0,44,0,44,0,44,0,44,0,44,0,44,0
371303,44,44,0,44,0,44,0,44,0,44,0,44,0,44,0,44,0,44,0,44,0
371304,44,44,0,44,0,44,0,44,0,44,0,44,0,44,0,44,0,44,0,44,0
371305,37,37,0,37,0,37,0,37,0,37,0,37,0,37,0,37,0,37,0,37,0
371306,37,37,0,37,0,37,0,37,0,37,0,37,0,37,0,37,0,37,0,37,0
371307,37,37,0,37,0,37,0,37,0,37,0,37,0,37,0,37,0,37,0,37,0
371328,,,,,,,,,,,,,,,,,,,,,
371405,47,47,0,47,0,47,0,47,0,47,0,47,0,47,0,47,0,47,0,47,0
372106,21,21,0,21,0,21,0,21,0,,,,,,,,,,,,
372107,,,,,,,,,,,,,,,,,,,,,
372108,45,45,0,45,0,45,0,45,0,45,0,45,0,45,0,45,0,55,-0.182,55,-0.182
372109,54,54,0,54,0,54,0,54,0,54,0,54,0,54,0,54,0,54,0,,
372112,,,,,,,,,,,,,,,,,,,,,
372147,,,,,,,,,,,,,,,,,,,,,
372149,311,311,0,311,0,311,0,353,-0.119,353,-0.119,353,-0.119,353,-0.119,353,-0.119,375,-0.171,399,-0.221
372157,299,299,0,299,0,299,0,335,-0.107,335,-0.107,335,-0.107,335,-0.107,335,-0.107,354,-0.155,,
372173,,,,,,,,,,,,,,,,,,,,,
372175,,,,,,,,,,,,,,,,,,,,,
372178,,,,,,,,,,,,,,,,,,,,,
372179,66,66,0,66,0,66,0,66,0,66,0,66,0,66,0,66,0,93,-0.29,93,-0.29
372282,59,59,0,59,0,59,0,59,0,55,0.0727,55,0.0727,55,0.0727,55,0.0727,55,0.0727,,
372560,37.5,37.5,0,35.5,0.0563,35.5,0.0563,35.5,0.0563,31.5,0.19,31.5,0.19,,,32.5,0.154,39.4,-0.0482,39.4,-0.0482
372950,18,18,0,18,0,18,0,18,0,18,0,18,0,18,0,18,0,18,0,18,0
372951,22.3,21,0.0619,21,0.0619,21,0.0619,21,0.0619,21,0.0619,20,0.115,,,24.2,-0.0785,24.2,-0.0785,24.2,-0.0785
373467,95,95,0,95,0,95,0,95,0,95,0,95,0,95,0,,,,,,
373516,,,,,,,,,,,,,,,,,,,,,
373524,13,13,0,13,0,13,0,13,0,13,0,13,0,16.3,-0.202,16.3,-0.202,16.3,-0.202,16.3,-0.202
373560,16.2,16.2,0,16.2,0,16.2,0,16.2,0,16.2,0,16.2,0,16.2,0,16.2,0,16.2,0,16.2,0
373561,16.2,16.2,0,16.2,0,16.2,0,16.2,0,16.2,0,16.2,0,16.2,0,16.2,0,16.2,0,16.2,0
373562,16.2,16.2,0,16.2,0,16.2,0,16.2,0,16.2,0,,,16.2,0,16.2,0,16.2,0,,
373563,16.2,16.2,0,16.2,0,16.2,0,16.2,0,16.2,0,16.2,0,16.2,0,16.2,0,16.2,0,16.2,0
373656,,,,,,,,,,,,,,,,,,,,,
373737,,,,,,,,,,,,,,,,,,,,,
373815,27.1,27.1,0,27.1,0,27.1,0,27.1,0,27.1,0,27.1,0,27.1,0,27.1,0,27.1,0,29.3,-0.0751
373823,64,64,0,64,0,64,0,64,0,64,0,64,0,64,0,64,0,64,0,68.3,-0.063
373824,64,64,0,64,0,64,0,64,0,64,0,64,0,64,0,64,0,64,0,68.3,-0.063
373827,26.5,26.5,0,26.5,0,26.5,0,26.5,0,26.5,0,26.5,0,26.5,0,29,-0.0862,29,-0.0862,36,-0.264
373828,13.3,13.3,0,13.3,0,13.3,0,13.3,0,,,13.3,0,,,16.5,-0.194,18,-0.261,18,-0.261
373951,70,70,0,70,0,70,0,70,0,70,0,70,0,70,0,70,0,75,-0.0667,75,-0.0667
373955,92,92,0,92,0,92,0,92,0,92,0,92,0,92,0,92,0,105,-0.124,105,-0.124
373956,75,75,0,75,0,75,0,75,0,75,0,75,0,75,0,75,0,82,-0.0854,82,-0.0854
374010,16.5,16.5,0,16.5,0,16.5,0,16.5,0,16.5,0,16.5,0,16.5,0,16.5,0,16.5,0,16.5,0
374012,12.5,12.5,0,12.5,0,12.5,0,12.5,0,12.5,0,12.5,0,12.5,0,12.5,0,12.5,0,12.5,0
374334,18,18,0,22,-0.182,22,-0.182,22,-0.182,22,-0.182,20.2,-0.109,20.2,-0.109,20.2,-0.109,25.3,-0.289,27.2,-0.338
374725,,,,,,,,,,,,,,,,,,,,,
374750,5.2,5.2,0,5.2,0,,,,,,,5.2,0,5.2,0,5.2,0,,,5.2,0
374970,,,,,,,,,,,,,,,,,,,,,
375010,31.9,31.9,0,31.9,0,31.9,0,34,-0.0618,34,-0.0618,34,-0.0618,34,-0.0618,34,-0.0618,41.9,-0.239,41.9,-0.239
375049,,,,,,,,,,,,,,,,,,,,,
375050,,,,,,,,,,,,,,,,,,,,,
375179,31.5,31.5,0,31.5,0,31.5,0,31.5,0,,,30.6,0.0294,30.6,0.0294,30.6,0.0294,37,-0.149,,
375373,68,68,0,68,0,68,0,68,0,68,0,68,0,68,0,68,0,68,0,68,0
375381,54,54,0,54,0,54,0,54,0,54,0,54,0,54,0,54,0,54,0,54,0
375390,62,62,0,62,0,62,0,62,0,62,0,62,0,62,0,62,0,62,0,,
375403,33,33,0,33,0,33,0,33,0,33,0,33,0,31,0.0645,31,0.0645,31,0.0645,31,0.0645
375438,,,,,,,,,,,,,,,,,,,,,
376469,70,70,0,70,0,70,0,70,0,70,0,95,-0.263,95,-0.263,95,-0.263,95,-0.263,80.8,-0.134
376507,68.8,68.8,0,68.8,0,68.8,0,68.8,0,68.8,0,68.8,0,68.8,0,68.8,0,68.8,0,,
376540,54.8,54.8,0,54.8,0,54.8,0,54.8,0,54.8,0,54.8,0,54.8,0,54.8,0,54.8,0,54.8,0
376710,75,75,0,75,0,75,0,75,0,75,0,86,-0.128,86,-0.128,86,-0.128,86,-0.128,86,-0.128
377631,74,74,0,74,0,74,0,68,0.0882,68,0.0882,68,0.0882,68,0.0882,68,0.0882,98,-0.245,98,-0.245
377673,31,31,0,31,0,31,0,31,0,31,0,31,0,31,0,31,0,31,0,31,0
377688,65,65,0,65,0,65,0,65,0,65,0,65,0,65,0,65,0,65,0,65,0
377890,72,72,0,72,0,72,0,72,0,72,0,72,0,72,0,72,0,,,,
378283,,,,,,,,,,,,,,,,,,,,,
378313,5.2,5.2,0,5.2,0,5.2,0,5.2,0,5.2,0,5.2,0,5.2,0,5.2,0,5.2,0,5.2,0
378453,48,48,0,48,0,48,0,,,42,0.143,49.9,-0.0381,,,48,0,48,0,48,0
378461,45,45,0,45,0,45,0,45,0,45,0,45,0,,,45,0,45,0,45,0
378488,61,61,0,61,0,61,0,61,0,61,0,61,0,,,,,61,0,61,0
378542,,,,,,,,,,,,,,,,,,,,,
378712,17.6,17.6,0,17.6,0,17.6,0,17.6,0,17.6,0,16,0.1,16,0.1,16.6,0.0602,16.6,0.0602,16.6,0.0602
378887,,,,,,,,,,,,,,,,,,,,,
378917,56.6,56.6,0,48.8,0.16,48.8,0.16,48.8,0.16,52.5,0.0781,48.8,0.16,48.8,0.16,59.4,-0.0471,83.7,-0.324,58.6,-0.0341
378925,52.5,52.5,0,52.5,0,52.5,0,52.5,0,48.8,0.0758,48.8,0.0758,43.4,0.21,59.4,-0.116,59.4,-0.116,58.6,-0.104
380108,13.7,13.7,0,13.7,0,13.7,0,13.7,0,13.7,0,9.4,0.457,9.4,0.457,18.2,-0.247,18.2,-0.247,18.2,-0.247
380110,175,175,0,175,0,175,0,175,0,175,0,175,0,215,-0.186,215,-0.186,199,-0.121,235,-0.255
380122,42,42,0,42,0,42,0,42,0,42,0,42,0,42,0,42,0,42,0,42,0
380123,32,32,0,32,0,32,0,32,0,32,0,32,0,32,0,32,0,32,0,,
380180,28,28,0,28,0,28,0,28,0,28,0,28,0,28,0,30,-0.0667,30,-0.0667,30,-0.0667
380187,188,188,0,188,0,188,0,188,0,,,179,0.0503,179,0.0503,204,-0.0784,204,-0.0784,204,-0.0784
380221,59.9,59.9,0,59.9,0,59.9,0,59.9,0,59.9,0,59.9,0,90.3,-0.337,90.3,-0.337,90.3,-0.337,90.3,-0.337
380222,62.9,62.9,0,62.9,0,62.9,0,62.9,0,62.9,0,62.9,0,62.9,0,62.9,0,62.9,0,62.9,0
380571,19,19,0,19,0,19,0,19,0,19,0,19,0,,,19,0,26.5,-0.283,26.5,-0.283
380598,,,,,,,,,,,,,,,,,,,,,
380628,,,,,,,,,,,,,,,,,,,,,
380640,,,,,,,,,,,,,,,,,,,,,
380642,,,,,,,,,,,,,,,,,,,,,
380643,66,66,0,66,0,66,0,66,0,66,0,66,0,66,0,58,0.138,65.9,0.00152,66,0
380670,,,,,,,,,,,,,,,,,,,,,
380720,,,,,,,,,,,,,,,,,,,,,
380721,62.9,62.9,0,62.9,0,62.9,0,62.9,0,62.9,0,62.9,0,62.9,0,,,,,,
380731,39.9,39.9,0,39.9,0,39.9,0,39.9,0,39.9,0,39.9,0,39.9,0,39.9,0,39.9,0,39.9,0
380732,,,,,,,,,,,,,,,,,,,,,
380736,,,,,,,,,,,,,,,,,,,,,
380819,77.4,77.4,0,77.4,0,77.4,0,77.4,0,,,65,0.191,65,0.191,68.8,0.125,89.3,-0.133,89.2,-0.132
380858,,,,,,,,,,,,,,,,,,,,,
380862,,,,,,,,,,,,,,,,,,,,,
380888,,,,,,,,,,,,,,,,,,,,,
380889,,,,,,,,,,,,,,,,,,,,,
380904,27.9,27.9,0,27.9,0,27.9,0,25.9,0.0772,25.9,0.0772,25.9,0.0772,24.9,0.12,27.9,0,31.9,-0.125,39.9,-0.301
380916,10.5,10.5,0,10.5,0,10.5,0,10.5,0,10.5,0,10.5,0,8.9,0.18,10.5,0,10.5,0,10.5,0
380917,21,21,0,21,0,21,0,21,0,21,0,21,0,21,0,21,0,21,0,,
380921,48,48,0,48,0,48,0,48,0,48,0,48,0,48,0,48,0,48,0,48,0
381010,25,25,0,25,0,25,0,25,0,25,0,25,0,25,0,25,0,,,25,0
381011,,,,,,,,,,,,,,,,,,,,,
381013,,,,,,,,,,,,,,,,,,,,,
381014,,,,,,,,,,,,,,,,,,,,,
381030,,,,,,,,,,,,,,,,,,,,,
381031,20,20,0,20,0,20,0,20,0,20,0,20,0,20,0,20,0,20,0,20,0
381033,20,20,0,20,0,20,0,20,0,20,0,20,0,20,0,20,0,,,20,0
381034,17,17,0,17,0,17,0,17,0,17,0,17,0,,,17,0,17,0,17,0
381035,14,14,0,14,0,14,0,14,0,14,0,14,0,,,14,0,14,0,14,0
381036,24.5,24.5,0,,,24.5,0,20.2,0.213,20.2,0.213,24,0.0208,18.3,0.339,24,0.0208,24,0.0208,24,0.0208
381037,20,20,0,20,0,20,0,,,,,,,,,20,0,20,0,,
381222,7,7,0,7,0,7,0,7,0,7,0,7,0,7,0,,,,,,
381242,,,,,,,,,,,,,,,,,,,,,
381251,19.8,19.8,0,19.8,0,19.8,0,19.8,0,19.8,0,18.7,0.0588,18.7,0.0588,18.7,0.0588,18.7,0.0588,18.7,0.0588
381280,,,,,,,,,,,,,,,,,,,,,
381281,,,,,,,,,,,,,,,,,,,,,
381403,35,35,0,35,0,35,0,35,0,35,0,30.7,0.14,28.9,0.211,34,0.0294,,,,
381438,51.8,51.8,0,51.8,0,51.8,0,51.8,0,51.8,0,,,,,,,64.1,-0.192,85,-0.391
381454,64.4,64.4,0,64.4,0,64.4,0,59.9,0.0751,59.9,0.0751,31.3,1.06,,,64.1,0.00468,64.1,0.00468,,
381455,23,23,0,23,0,23,0,23,0,23,0,23,0,23,0,42.4,-0.458,42.4,-0.458,42.4,-0.458
381470,,,,,,,,,,,,,,,,,,,,,
381489,167,167,0,167,0,167,0,155,0.0775,155,0.0775,144,0.158,126,0.325,,,260,-0.357,260,-0.357
381497,167,167,0,167,0,167,0,155,0.0775,155,0.0775,144,0.158,126,0.325,260,-0.357,260,-0.357,260,-0.357
381535,,,,,,,,,,,,,,,,,,,,,
381543,25.9,25.9,0,25.9,0,25.9,0,25,0.036,25,0.036,21.1,0.227,,,35.7,-0.275,35.7,-0.275,,
381558,45,45,0,45,0,45,0,45,0,45,0,45,0,45,0,,,,,,
381627,17,17,0,17,0,17,0,17,0,17,0,17,0,17,0,,,,,,
381713,,,,,,,,,,,,,,,,,,,,,
381829,,,,,,,,,,,,,,,,,,,,,
382035,33,33,0,33,0,33,0,33,0,33,0,33,0,33,0,33,0,33,0,33,0
382043,65,65,0,65,0,65,0,65,0,65,0,65,0,65,0,65,0,65,0,65,0
382078,27.5,27.5,0,27.5,0,27.5,0,27.5,0,27.5,0,27.5,0,27.5,0,27.5,0,,,27.5,0
382112,,,,,,,,,,,,,,,,,,,,,
382175,45,45,0,45,0,45,0,45,0,45,0,45,0,,,45,0,45,0,45,0
382191,45,45,0,45,0,45,0,45,0,45,0,45,0,,,45,0,,,,
382526,9.9,9.9,0,9.9,0,9.9,0,9.9,0,9.9,0,9.9,0,9.9,0,10,-0.01,10.5,-0.0571,11.9,-0.168
382527,9.9,9.9,0,9.9,0,9.9,0,9.9,0,9.9,0,9.9,0,9.9,0,10,-0.01,10.5,-0.0571,11.9,-0.168
382528,9.9,9.9,0,9.9,0,9.9,0,9.9,0,9.9,0,9.9,0,9.9,0,10,-0.01,10.5,-0.0571,11.9,-0.168
382529,9.9,9.9,0,9.9,0,9.9,0,9.9,0,9.9,0,9.9,0,9.9,0,10,-0.01,10.5,-0.0571,11.9,-0.168
382541,145,145,0,174,-0.167,174,-0.167,174,-0.167,159,-0.0887,,,159,-0.0887,168,-0.137,168,-0.137,168,-0.137
382542,174,174,0,174,0,174,0,174,0,168,0.0357,,,,,168,0.0357,168,0.0357,168,0.0357
382612,55,55,0,55,0,55,0,55,0,55,0,62,-0.113,62,-0.113,63,-0.127,63,-0.127,63,-0.127
382833,57.5,57.5,0,57.5,0,57.5,0,57.5,0,57.5,0,57.5,0,57.5,0,57.5,0,57.5,0,62,-0.0726
383036,20.6,20.6,0,20.6,0,20.6,0,20.6,0,20.6,0,20.6,0,20.6,0,20.6,0,20.6,0,,
383995,102,102,0,102,0,102,0,102,0,102,0,102,0,102,0,102,0,102,0,102,0
383997,190,190,0,190,0,190,0,180,0.0556,180,0.0556,,,,,180,0.0556,180,0.0556,,
384208,61,61,0,61,0,61,0,61,0,,,,,,,61,0,61,0,61,0
384259,75,75,0,75,0,75,0,75,0,75,0,75,0,75,0,75,0,75,0,75,0
385281,290,290,0,293,-0.00989,293,-0.00989,293,-0.00989,,,,,,,,,,,,
385352,12.6,12.6,0,12.6,0,12.6,0,12.6,0,12.6,0,10.4,0.212,11,0.145,11,0.145,11,0.145,11.3,0.115
385478,205,205,0,205,0,205,0,205,0,205,0,205,0,,,,,,,,
386073,,,,,,,,,,,,,,,,,,,,,
386081,59.9,59.9,0,59.9,0,59.9,0,59.9,0,59.9,0,59.9,0,,,59.9,0,59.9,0,59.9,0
386090,61.5,61.5,0,61.5,0,61.5,0,61.5,0,61.5,0,61.5,0,,,61.5,0,61.5,0,61.5,0
386528,122,122,0,122,0,122,0,122,0,122,0,122,0,,,,,,,,
386600,,,,,,,,,,,,,,,,,,,,,
386774,120,120,0,120,0,120,0,120,0,120,0,120,0,,,120,0,120,0,120,0
386782,,,,,,,,,,,,,,,,,,,,,
387077,8,8,0,8,0,8,0,8,0,8,0,8,0,8,0,8,0,8,0,8,0
387140,,,,,,,,,,,,,,,,,,,,,
387141,,,,,,,,,,,,,,,,,,,,,
387143,,,,,,,,,,,,,,,,,,,,,
387170,,,,,,,,,,,,,,,,,,,,,
387401,11,11,0,11,0,11,0,11,0,,,11,0,11,0,11,0,12.5,-0.12,12.5,-0.12
387600,,,,,,,,,,,,,,,,,,,,,
387758,,,,,,,,,,,,,,,,,,,,,
387767,,,,,,,,,,,,,,,,,,,,,
387881,,,,,,,,,,,,,,,,,,,,,
387916,,,,,,,,,,,,,,,,,,,,,
388123,,,,,,,,,,,,,,,,,,,,,
388126,,,,,,,,,,,,,,,,,,,,,
388378,,,,,,,,,,,,,,,,,,,,,
388711,44.9,44.9,0,44.9,0,44.9,0,44.9,0,44.9,0,44.9,0,44.9,0,46.5,-0.0344,46.5,-0.0344,46.5,-0.0344
388793,57,57,0,57,0,57,0,57,0,57,0,50.5,0.129,50.5,0.129,,,,,,
388995,25.4,25.4,0,25.4,0,25.4,0,25.4,0,25.4,0,25.4,0,25.4,0,25.4,0,25.4,0,25.4,0
388996,25.2,25.2,0,25.2,0,25.2,0,,,25.2,0,25.2,0,25.2,0,,,25.2,0,,
388997,25.2,25.2,0,25.2,0,25.2,0,25.2,0,25.2,0,,,25.2,0,25.2,0,25.2,0,25.2,0
389382,59.1,59.1,0,56.8,0.0405,56.8,0.0405,56.8,0.0405,,,,,40.4,0.463,,,58.4,0.012,58.4,0.012
389404,49.9,49.9,0,49,0.0184,49,0.0184,49,0.0184,,,36.7,0.36,36.7,0.36,46.8,0.0662,52,-0.0404,52.1,-0.0422
390065,270,270,0,270,0,270,0,226,0.195,226,0.195,,,,,,,,,,
390091,,,,,,,,,,,,,,,,,,,,,
390110,8.5,8.5,0,8.5,0,8.5,0,8.5,0,8.5,0,8.5,0,8.5,0,8.5,0,9.5,-0.105,9.5,-0.105
390112,,,,,,,,,,,,,,,,,,,,,
390178,6,6,0,6,0,6,0,6,0,6,0,6,0,6,0,6.5,-0.0769,6,0,8,-0.25
390186,11,11,0,11,0,11,0,11,0,11,0,11,0,11,0,12.5,-0.12,11.5,-0.0435,15.5,-0.29
390431,16,16,0,18,-0.111,18,-0.111,18,-0.111,18,-0.111,16,0,16,0,16,0,16.1,-0.00621,20,-0.2
390487,27.9,27.9,0,27.9,0,27.9,0,27.9,0,27.9,0,29,-0.0379,29,-0.0379,29,-0.0379,29,-0.0379,29,-0.0379
390640,,,,,,,,,,,,,,,,,,,,,
390658,9.8,9.8,0,9.8,0,9.8,0,9.8,0,9.8,0,9.8,0,9.8,0,9.8,0,9.8,0,,
390755,,,,,,,,,,,,,,,,,,,,,
390907,,,,,,,,,,,,,,,,,,,,,
390908,34.4,34.4,0,34.4,0,34.4,0,34.4,0,34.4,0,34.4,0,34.4,0,,,34.4,0,,
390910,34.4,34.4,0,34.4,0,34.4,0,34.4,0,34.4,0,34.4,0,34.4,0,,,34.4,0,,
390915,,,,,,,,,,,,,,,,,,,,,
390916,,,,,,,,,,,,,,,,,,,,,
390918,96.9,96.9,0,96.9,0,96.9,0,96.9,0,96.9,0,96.9,0,96.9,0,96.9,0,96.9,0,96.9,0
390919,39.9,39.9,0,39.9,0,39.9,0,39.9,0,39.9,0,39.9,0,39.9,0,39.9,0,39.9,0,39.9,0
390923,,,,,,,,,,,,,,,,,,,,,
390924,,,,,,,,,,,,,,,,,,,,,
390939,18.3,18.3,0,18.3,0,18.3,0,18.3,0,18.7,-0.0214,17.9,0.0223,17.9,0.0223,17.9,0.0223,20.7,-0.116,22.3,-0.179
390943,103,103,0,153,-0.325,153,-0.325,153,-0.325,,,,,,,,,,,153,-0.325
390955,,,,,,,,,,,,,,,,,,,,,
391008,,,,,,,,,,,,,,,,,,,,,
391009,29.9,29.9,0,29.9,0,29.9,0,29.9,0,29.9,0,29.9,0,29.9,0,33.5,-0.107,35.5,-0.158,35.5,-0.158
391010,,,,,,,,,,,,,,,,,,,,,
391016,18,18,0,18,0,18,0,18,0,18,0,18,0,18,0,18,0,18,0,18,0
391017,18,18,0,18,0,18,0,18,0,18,0,18,0,18,0,18,0,18,0,14.9,0.208
391019,18,18,0,18,0,18,0,18,0,18,0,18,0,18,0,18,0,18,0,18,0
391024,21.3,21.3,0,21.3,0,21.3,0,21.3,0,21.3,0,21.3,0,21.3,0,21.3,0,21.3,0,21.3,0
391025,21.3,21.3,0,21.3,0,21.3,0,21.3,0,21.3,0,21.3,0,21.3,0,21.3,0,17.5,0.217,21,0.0143
391027,21.3,21.3,0,21.3,0,21.3,0,21.3,0,21.3,0,21,0.0143,21,0.0143,21,0.0143,21,0.0143,21,0.0143
391028,21,21,0,21,0,21,0,21,0,21,0,21,0,21,0,21,0,21,0,21,0
391030,,,,,,,,,,,,,,,,,,,,,
391032,21.3,21.3,0,21.3,0,21.3,0,21.3,0,21.3,0,21.3,0,21.3,0,21.3,0,21.3,0,21.3,0
391033,21,21,0,21,0,21,0,21,0,21,0,21,0,21,0,21,0,21,0,21,0
391035,21.3,21.3,0,21.3,0,21.3,0,21.3,0,21.3,0,21.3,0,,,21.3,0,21.3,0,21.3,0
391036,21,21,0,21,0,21,0,21,0,21,0,21,0,21,0,21,0,21,0,21,0
391038,20.4,20.4,0,23.4,-0.128,23.4,-0.128,23,-0.113,23,-0.113,23,-0.113,23,-0.113,23,-0.113,23,-0.113,23,-0.113
391039,23.4,23.4,0,23.4,0,23.4,0,23.4,0,23.4,0,23.4,0,19.7,0.188,23,0.0174,23,0.0174,23,0.0174
391040,23.4,23.4,0,23.4,0,23.4,0,23.4,0,23.4,0,23.4,0,23.4,0,23.4,0,19.3,0.212,23,0.0174
391041,23.4,23.4,0,23.4,0,23.4,0,23.4,0,23.4,0,23,0.0174,23,0.0174,23,0.0174,23,0.0174,23,0.0174
391043,23.4,23.4,0,23.4,0,23.4,0,23.4,0,23.4,0,23.4,0,19.7,0.188,23,0.0174,23,0.0174,23,0.0174
391046,18,18,0,18,0,18,0,18,0,18,0,18,0,18,0,18,0,18,0,18,0
391047,18,18,0,18,0,18,0,18,0,18,0,18,0,18,0,18,0,18,0,14.9,0.208
391060,,,,,,,,,,,,,,,,,,,,,
391087,7,7,0,7,0,7,0,7,0,7,0,7,0,7,0,7,0,7,0,7,0
391107,,,,,,,,,,,,,,,,,,,,,
391182,23.5,23.5,0,23.5,0,23.5,0,23.5,0,22.9,0.0262,22.9,0.0262,22.9,0.0262,24.5,-0.0408,21.9,0.0731,24.5,-0.0408
391219,91.7,91.7,0,91.7,0,131,-0.3,131,-0.3,131,-0.3,131,-0.3,131,-0.3,131,-0.3,131,-0.3,131,-0.3
391221,96.6,96.6,0,96.6,0,138,-0.3,138,-0.3,138,-0.3,138,-0.3,138,-0.3,138,-0.3,138,-0.3,138,-0.3
391222,,,,,,,,,,,,,,,,,,,,,
391226,,,,,,,,,,,,,,,,,,,,,
391228,,,,,,,,,,,,,,,,,,,,,
391229,,,,,,,,,,,,,,,,,,,,,
391230,,,,,,,,,,,,,,,,,,,,,
391231,,,,,,,,,,,,,,,,,,,,,
391232,,,,,,,,,,,,,,,,,,,,,
391239,49.9,49.9,0,49.9,0,49.9,0,49.9,0,49.9,0,49.9,0,,,49.9,0,49.9,0,49.9,0
391260,139,139,0,139,0,139,0,139,0,139,0,99.9,0.391,99.9,0.391,99.9,0.391,99.9,0.391,99.9,0.391
391261,28.7,28.7,0,28.7,0,28.7,0,28.7,0,,,28.7,0,28.7,0,28.7,0,28.7,0,,
391262,24,24,0,24,0,24,0,24,0,24,0,24,0,24,0,,,,,,
391328,62.9,62.9,0,62.9,0,62.9,0,62.9,0,62.9,0,62.9,0,62.9,0,62.9,0,62.9,0,,
391549,,,,,,,,,,,,,,,,,,,,,
391626,,,,,,,,,,,,,,,,,,,,,
391689,27.5,27.5,0,27.5,0,27.5,0,27.5,0,27.5,0,27.5,0,,,,,27.5,0,27.5,0
391697,27.5,27.5,0,27.5,0,27.5,0,27.5,0,27.5,0,27.5,0,,,,,27.5,0,27.5,0
391703,,,,,,,,,,,,,,,,,,,,,
391704,145,145,0,145,0,,,118,0.229,118,0.229,118,0.229,159,-0.0881,159,-0.0881,,,172,-0.159
391760,,,,,,,,,,,,,,,,,,,,,
391875,,,,,,,,,,,,,,,,,,,,,
391883,24.5,24.5,0,24.5,0,24.5,0,24.5,0,24.5,0,24.5,0,24.5,0,24.5,0,24.5,0,24.5,0
391891,22,22,0,22,0,22,0,22,0,22,0,22,0,22,0,,,22,0,22,0
392002,26.2,26.2,0,26.2,0,26.2,0,21.5,0.219,21.5,0.219,23,0.139,23,0.139,23,0.139,23,0.139,48.9,-0.464
392003,53.9,43.5,0.239,53.9,0,53.9,0,53.9,0,53.9,0,53.9,0,43.1,0.251,54,-0.00185,54,-0.00185,44.9,0.2
392060,164,164,0,164,0,,,164,0,164,0,164,0,164,0,164,0,164,0,164,0
392061,164,164,0,164,0,,,164,0,164,0,164,0,164,0,164,0,164,0,164,0
392367,5.5,5.5,0,5.5,0,5.5,0,5.5,0,5.5,0,5.5,0,5.5,0,5.5,0,,,,
392383,5.5,5.5,0,5.5,0,5.5,0,5.5,0,5.5,0,5.5,0,5.5,0,5.5,0,,,,
392391,5.5,5.5,0,5.5,0,5.5,0,5.5,0,5.5,0,5.5,0,5.5,0,5.5,0,,,,
392405,5.5,5.5,0,5.5,0,5.5,0,5.5,0,5.5,0,5.5,0,5.5,0,5.5,0,,,,
392421,5.5,5.5,0,5.5,0,5.5,0,5.5,0,5.5,0,5.5,0,5.5,0,5.5,0,,,,
392430,5.5,5.5,0,5.5,0,5.5,0,5.5,0,5.5,0,5.5,0,5.5,0,5.5,0,,,,
392880,,,,,,,,,,,,,,,,,,,,,
393118,,,,,,,,,,,,,,,,,,,,,
393185,14.5,14.5,0,14.5,0,14.5,0,14.5,0,14.5,0,14.5,0,14.5,0,14.5,0,14.5,0,14.5,0
393193,21.9,21.9,0,21.9,0,21.9,0,21.9,0,21.9,0,21.9,0,21.9,0,21.9,0,17.5,0.251,19,0.153
393207,16.9,16.9,0,16.9,0,16.9,0,16.9,0,16.9,0,16.9,0,16.9,0,16.9,0,14.5,0.166,14.5,0.166
393240,,,,,,,,,,,,,,,,,,,,,
393410,14.5,14.5,0,14.5,0,14.5,0,14.5,0,14.5,0,14.5,0,,,14.5,0,14.5,0,14.5,0
393495,6.9,6.9,0,6.9,0,6.9,0,6.9,0,6.9,0,6.9,0,6.9,0,7.8,-0.115,7,-0.0143,9.5,-0.274
393509,7.5,7.5,0,7.5,0,7.5,0,7.5,0,7.5,0,7.5,0,7.5,0,8.2,-0.0854,7.5,0,10.4,-0.279
393517,6.9,6.9,0,6.9,0,6.9,0,6.9,0,6.9,0,6.9,0,6.9,0,7.8,-0.115,7,-0.0143,9.5,-0.274
393541,17.9,17.9,0,17.9,0,17.9,0,17.9,0,17.9,0,17.9,0,17.9,0,17.9,0,17.9,0,17.9,0
393550,4.5,4.5,0,4.5,0,4.5,0,4.5,0,4.5,0,4.5,0,4.5,0,4.5,0,4.5,0,4.5,0
393568,7,7,0,7,0,7,0,7,0,7,0,7,0,7,0,7,0,7,0,7,0
393632,,,,,,,,,,,,,,,,,,,,,
393711,29,29,0,29,0,29,0,29,0,29,0,29,0,29,0,35,-0.171,35,-0.171,35,-0.171
393754,29,29,0,29,0,29,0,29,0,25,0.16,25,0.16,25,0.16,25,0.16,25,0.16,25,0.16
393755,,,,,,,,,,,,,,,,,,,,,
393763,9.5,9.5,0,9.5,0,9.5,0,9.5,0,9.5,0,9.5,0,9.5,0,9.5,0,10.6,-0.104,12.5,-0.24
393764,9.5,9.5,0,9.5,0,9.5,0,9.5,0,9.5,0,9.5,0,9.5,0,9.5,0,10.6,-0.104,12.5,-0.24
394092,3.7,3.7,0,3.7,0,3.7,0,3.7,0,3.7,0,3.7,0,3.7,0,5,-0.26,3,0.233,3,0.233
394106,3.7,3.7,0,3.7,0,3.7,0,3.7,0,3.7,0,3.7,0,3.7,0,4,-0.075,3,0.233,3,0.233
394114,,,,,,,,,,,,,,,,,,,,,
395253,78,78,0,78,0,78,0,78,0,78,0,78,0,78,0,78,0,78,0,78,0
395254,83,83,0,83,0,83,0,83,0,83,0,83,0,83,0,83,0,83,0,83,0
395260,,,,,,,,,,,,,,,,,,,,,
395261,61,61,0,61,0,61,0,61,0,61,0,61,0,61,0,61,0,61,0,61,0
395382,7.5,7.5,0,7.5,0,7.5,0,7.5,0,7.5,0,7.5,0,7.5,0,8.2,-0.0854,7.5,0,10.4,-0.279
395528,,,,,,,,,,,,,,,,,,,,,
395602,21,21,0,21,0,21,0,21,0,21,0,21,0,21,0,,,,,,
395623,,,,,,,,,,,,,,,,,,,,,
396206,395,395,0,395,0,,,395,0,395,0,395,0,395,0,395,0,395,0,,
396672,7.9,7.9,0,7.9,0,7.9,0,6.5,0.215,6.5,0.215,7.9,0,,,6,0.317,7.9,0,,
396680,7.9,7.9,0,7.9,0,7.9,0,7.9,0,7.9,0,7.9,0,,,7.9,0,7.9,0,7,0.129
397181,45.9,45.9,0,45.9,0,45.9,0,35,0.311,35,0.311,45.9,0,45.9,0,46,-0.00217,46,-0.00217,45.9,0
397353,31.5,31.5,0,39,-0.192,39,-0.192,39,-0.192,39,-0.192,37,-0.149,37,-0.149,37,-0.149,63,-0.5,76.5,-0.588
397354,31.5,31.5,0,39,-0.192,39,-0.192,39,-0.192,39,-0.192,37,-0.149,37,-0.149,37,-0.149,63,-0.5,76.5,-0.588
397355,31.5,31.5,0,39,-0.192,39,-0.192,39,-0.192,39,-0.192,37,-0.149,37,-0.149,37,-0.149,63,-0.5,76.5,-0.588
397695,75,75,0,75,0,75,0,75,0,75,0,75,0,75,0,75,0,75,0,75,0
397717,,,,,,,,,,,,,,,,,,,,,
397733,34,34,0,34,0,34,0,34,0,34,0,34,0,34,0,34.1,-0.00293,34.1,-0.00293,34.1,-0.00235
397750,17.5,17.5,0,17.5,0,17.5,0,17.5,0,17.5,0,,,,,,,,,,
397920,70,70,0,70,0,,,65,0.0769,65,0.0769,65,0.0769,65,0.0769,65,0.0769,75,-0.0667,75,-0.0667
398055,14,14,0,14,0,14,0,14,0,14,0,14.5,-0.0345,14.5,-0.0345,21,-0.333,21,-0.333,21,-0.333
398070,40.5,40.5,0,40.5,0,40.5,0,40.5,0,40.5,0,40.5,0,40.5,0,40.5,0,26.9,0.506,26.9,0.506
398077,40.5,40.5,0,40.5,0,40.5,0,40.5,0,40.5,0,40.5,0,40.5,0,40.5,0,,,26.9,0.506
398381,35.5,35.5,0,35.5,0,35.5,0,,,,,34.9,0.0172,,,47,-0.245,47,-0.245,50.9,-0.303
398403,15.9,15.9,0,15.9,0,15.9,0,15.9,0,15.9,0,15.9,0,15.9,0,15.9,0,15.9,0,17.9,-0.112
398420,15.9,15.9,0,15.9,0,15.9,0,15.9,0,15.9,0,15.9,0,15.9,0,15.9,0,15.9,0,17.9,-0.112
398438,9.9,9.9,0,9.9,0,9.9,0,9.9,0,9.9,0,9.9,0,9.9,0,9.9,0,9.9,0,10.9,-0.0917
398717,77.5,77.5,0,77.5,0,,,77.5,0,77.5,0,77.5,0,,,67.9,0.141,69.9,0.109,77.5,0
399060,14.5,14.5,0,14.5,0,,,14.5,0,,,,,14.5,0,14.5,0,14.5,0,14.5,0
399261,,,,,,,,,,,,,,,,,,,,,
399262,,,,,,,,,,,,,,,,,,,,,
399263,,,,,,,,,,,,,,,,,,,,,
399426,95.5,95.5,0,95.5,0,,,95.5,0,95.5,0,95.5,0,95.5,0,95.5,0,95.5,0,95.5,0
399434,95.5,95.5,0,95.5,0,,,95.5,0,95.5,0,95.5,0,95.5,0,95.5,0,95.5,0,95.5,0
399469,95.5,95.5,0,95.5,0,,,95.5,0,95.5,0,95.5,0,95.5,0,95.5,0,95.5,0,95.5,0
399752,17,17,0,17,0,17,0,17,0,17,0,,,,,,,,,,
399840,12,12,0,12,0,12,0,12,0,12,0,,,,,12,0,12,0,,
400391,,,,,,,,,,,,,,,,,,,,,
400463,,,,,,,,,,,,,,,,,,,,,
400475,185,185,0,185,0,185,0,185,0,185,0,185,0,185,0,185,0,185,0,177,0.0493
400645,25,25,0,25,0,25,0,25,0,25,0,25,0,25,0,25,0,25,0,25,0
401013,12.5,12.5,0,12.5,0,12.5,0,12.5,0,12.5,0,13,-0.0385,13,-0.0385,13,-0.0385,13,-0.0385,,
401021,12.5,12.5,0,12.5,0,12.5,0,12.5,0,12.5,0,13,-0.0385,13,-0.0385,13,-0.0385,13,-0.0385,,
401056,12.5,12.5,0,12.5,0,12.5,0,12.5,0,12.5,0,13,-0.0385,13,-0.0385,10.9,0.147,13,-0.0385,,
401077,,,,,,,,,,,,,,,,,,,,,
401091,43,43,0,43,0,43,0,43,0,43,0,43,0,43,0,43,0,43,0,43,0
401092,45,45,0,45,0,45,0,45,0,35,0.286,43,0.0465,43,0.0465,43,0.0465,43,0.0465,43,0.0465
401093,,,,,,,,,,,,,,,,,,,,,
401129,39,39,0,39,0,39,0,39,0,49,-0.204,,,,,,,,,,
401170,6.9,6.9,0,6.9,0,6.9,0,6.9,0,6.9,0,6.9,0,6.9,0,7.8,-0.115,7,-0.0143,9.5,-0.274
401171,469,469,0,469,0,,,469,0,469,0,469,0,469,0,469,0,469,0,469,0
401173,469,469,0,469,0,,,469,0,469,0,469,0,469,0,469,0,469,0,,
401196,11.5,11.5,0,11.5,0,11.5,0,11.5,0,11.5,0,11.5,0,14.4,-0.201,14.4,-0.201,14.4,-0.201,14.4,-0.201
401218,,,,,,,,,,,,,,,,,,,,,
401222,45,45,0,45,0,45,0,45,0,45,0,45,0,45,0,45,0,69,-0.348,69,-0.348
401240,16.5,16.5,0,16.5,0,16.5,0,16.5,0,16.5,0,,,,,16.5,0,13.9,0.187,16.5,0
401245,16.5,16.5,0,16.5,0,16.5,0,16.5,0,16.5,0,16.5,0,16.5,0,16.5,0,13.9,0.187,16.5,0
401255,52,52,0,52,0,,,52,0,52,0,52,0,52,0,52,0,50,0.04,50,0.04
401285,21.9,21.9,0,21.9,0,21.9,0,21.9,0,21.9,0,21.9,0,,,21.9,0,21.9,0,20.5,0.0683
401293,21.9,21.9,0,21.9,0,21.9,0,21.9,0,21.9,0,21.9,0,,,21.9,0,21.9,0,20.5,0.0683
401499,,,,,,,,,,,,,,,,,,,,,
401518,,,,,,,,,,,,,,,,,,,,,
401519,,,,,,,,,,,,,,,,,,,,,
401520,24,24,0,24,0,24,0,24,0,24,0,24,0,24,0,24,0,24,0,28,-0.143
401597,,,,,,,,,,,,,,,,,,,,,
401720,,,,,,,,,,,,,,,,,,,,,
401789,,,,,,,,,,,,,,,,,,,,,
402038,,,,,,,,,,,,,,,,,,,,,
402257,14,14,0,,,,,,,,,,,14,0,,,,,,
402894,114,114,0,114,0,114,0,114,0,114,0,96.6,0.176,96.6,0.176,85,0.336,,,115,-0.00959
403211,37.5,37.5,0,37.5,0,37.5,0,37.5,0,,,37.5,0,37.5,0,37.5,0,37.5,0,36,0.0417
403232,82.5,82.5,0,82.5,0,82.5,0,82.5,0,,,,,82.5,0,82.5,0,82.5,0,75,0.1
403431,7.5,7.5,0,7.5,0,7.5,0,7.5,0,7.5,0,7.5,0,7.5,0,8.2,-0.0854,7.5,0,10.4,-0.279
403511,223,223,0,223,0,,,223,0,223,0,223,0,223,0,223,0,223,0,217,0.0276
403725,4.5,4.5,0,4.5,0,4.5,0,4.5,0,4.5,0,3.8,0.184,3.8,0.184,4.5,0,4.5,0,5,-0.1
403954,,,,,,,,,,,,,,,,,,,,,
404001,,,,,,,,,,,,,,,,,,,,,
404011,99.9,99.9,0,112,-0.108,,,112,-0.108,,,112,-0.108,,,112,-0.108,112,-0.108,112,-0.108
404013,102,102,0,102,0,,,102,0,102,0,102,0,102,0,102,0,102,0,102,0
404020,10.5,10.5,0,10.5,0,10.5,0,9.5,0.105,9.5,0.105,10.5,0,,,9.9,0.0606,9.9,0.0606,8.9,0.18
404023,,,,,,,,,,,,,,,,,,,,,
404025,,,,,,,,,,,,,,,,,,,,,
404026,,,,,,,,,,,,,,,,,,,,,
404029,,,,,,,,,,,,,,,,,,,,,
404031,,,,,,,,,,,,,,,,,,,,,
404300,125,125,0,125,0,,,125,0,125,0,125,0,125,0,125,0,125,0,125,0
404555,120,120,0,120,0,120,0,120,0,120,0,120,0,,,120,0,108,0.116,108,0.116
404556,,,,,,,,,,,,,,,,,,,,,
404861,12.5,12.5,0,12.5,0,12.5,0,12.5,0,12.5,0,,,,,4.9,1.55,12.9,-0.031,9.5,0.316
405081,25.9,25.9,0,25.9,0,25.9,0,24.9,0.0402,24.9,0.0402,24.9,0.0402,24.9,0.0402,24.9,0.0402,27.9,-0.0717,33,-0.215
405515,175,175,0,175,0,,,166,0.0542,166,0.0542,166,0.0542,209,-0.163,209,-0.163,220,-0.205,220,-0.205
405612,,,,,,,,,,,,,,,,,,,,,
405620,,,,,,,,,,,,,,,,,,,,,
405639,,,,,,,,,,,,,,,,,,,,,
405655,,,,,,,,,,,,,,,,,,,,,
405663,,,,,,,,,,,,,,,,,,,,,
406010,,,,,,,,,,,,,,,,,,,,,
406171,19.5,19.5,0,19.5,0,19.5,0,19.5,0,19.5,0,17,0.147,17,0.147,19.5,0,19.5,0,22,-0.114
406309,43,43,0,43,0,43,0,43,0,43,0,43,0,43,0,43,0,43,0,43,0
406635,,,,,,,,,,,,,,,,,,,,,
407089,33.9,33.9,0,33.9,0,33.9,0,30.9,0.0971,30.9,0.0971,30.9,0.0971,29.9,0.134,32.9,0.0304,32.9,0.0304,41.5,-0.183
407177,41,41,0,41,0,41,0,41,0,41,0,41,0,48.5,-0.155,48.5,-0.155,48.5,-0.155,48.5,-0.155
408103,33.4,33.4,0,33.4,0,33.4,0,33.4,0,,,29.4,0.136,29.4,0.136,29.4,0.136,26.5,0.26,26.5,0.26
408104,,,,,,,,,,,,,,,,,,,,,
408109,,,,,,,,,,,,,,,,,,,,,
408190,,,,,,,,,,,,,,,,,,,,,
408199,,,,,,,,,,,,,,,,,,,,,
408717,188,188,0,188,0,,,188,0,188,0,188,0,188,0,188,0,188,0,188,0
409570,,,,,,,,,,,,,,,,,,,,,
410100,,,,,,,,,,,,,,,,,,,,,
410130,,,,,,,,,,,,,,,,,,,,,
410134,25,25,0,25,0,25,0,21.2,0.179,21.2,0.179,25,0,25,0,25,0,25,0,25,0
410138,15,15,0,15,0,15,0,15,0,15,0,15,0,15,0,15,0,15,0,,
410144,7.5,7.5,0,7.5,0,7.5,0,7.5,0,7.5,0,7.5,0,,,7.5,0,7.5,0,7.5,0
410577,,,,,,,,,,,,,,,,,,,,,
411877,29.5,29.5,0,29.5,0,29.5,0,25.5,0.157,25.5,0.157,25.5,0.157,25.5,0.157,25.5,0.157,25.5,0.157,25.5,0.157
411914,53,53,0,53,0,53,0,53,0,53,0,53,0,53,0,53,0,53,0,,
412163,28,28,0,28,0,28,0,28,0,28,0,28,0,28,0,28,0,28,0,28,0
412210,28,28,0,28,0,28,0,28,0,28,0,28,0,28,0,28,0,28,0,28,0
412228,28,28,0,28,0,28,0,28,0,28,0,28,0,28,0,28,0,28,0,28,0
412236,28,28,0,28,0,28,0,28,0,28,0,28,0,28,0,28,0,28,0,28,0
412244,28,28,0,28,0,28,0,28,0,28,0,28,0,28,0,28,0,28,0,28,0
412252,28,28,0,28,0,28,0,28,0,28,0,28,0,28,0,28,0,28,0,28,0
412279,28,28,0,28,0,28,0,28,0,28,0,28,0,28,0,28,0,28,0,28,0
412481,48.8,48.8,0,48.8,0,48.8,0,48.8,0,48.8,0,48.8,0,48.8,0,48.8,0,48.8,0,48.8,0
412490,48.8,48.8,0,48.8,0,48.8,0,48.8,0,48.8,0,48.8,0,48.8,0,48.8,0,48.8,0,48.8,0
412643,69,69,0,69,0,69,0,69,0,69,0,69,0,69,0,75,-0.08,,,,
412878,28.5,28.5,0,28.5,0,28.5,0,28.5,0,28.5,0,28.5,0,28.5,0,28.5,0,28.5,0,28.5,0
413062,,,,,,,,,,,,,,,,,,,,,
413089,,,,,,,,,,,,,,,,,,,,,
413160,,,,,,,,,,,,,,,,,,,,,
413291,,,,,,,,,,,,,,,,,,,,,
413305,11,11,0,11,0,11,0,11,0,11,0,11,0,,,10.5,0.0476,10.5,0.0476,10.5,0.0476
413488,2.1,2.1,0,2.1,0,2.1,0,2.1,0,2.1,0,2.1,0,2.1,0,2.1,0,2.1,0,2.1,0
414031,27.4,27.4,0,27.4,0,27.4,0,27.4,0,27.4,0,27.4,0,27.4,0,27.4,0,29.5,-0.0712,29.5,-0.0712
414032,27.4,27.4,0,27.4,0,27.4,0,27.4,0,27.4,0,27.4,0,27.4,0,27.4,0,29.5,-0.0712,29.5,-0.0712
414035,27.4,27.4,0,27.4,0,27.4,0,27.4,0,27.4,0,27.4,0,27.4,0,27.4,0,29.5,-0.0712,29.5,-0.0712
414036,27.4,27.4,0,27.4,0,27.4,0,27.4,0,27.4,0,27.4,0,27.4,0,27.4,0,29.5,-0.0712,29.5,-0.0712
414069,92.5,92.5,0,92.5,0,92.5,0,92.5,0,92.5,0,92.5,0,,,89.5,0.0335,89.5,0.0335,80.5,0.149
414182,6,6,0,6,0,6,0,6,0,6,0,6,0,6,0,6,0,6,0,6,0
414271,,,,,,,,,,,,,,,,,,,,,
414403,11.3,11.3,0,11.3,0,11.3,0,11.3,0,11.3,0,,,,,,,,,,
414405,11.3,11.3,0,11.3,0,11.3,0,11.3,0,11.3,0,,,11.3,0,,,,,,
414407,11.8,11.8,0,11.8,0,11.8,0,11.8,0,11.8,0,11.8,0,,,,,,,,
414410,11.3,11.3,0,11.3,0,11.3,0,11.3,0,11.3,0,11.3,0,,,,,,,,
414654,,,,,,,,,,,,,,,,,,,,,
414891,,,,,,,,,,,,,,,,,,,,,
414930,,,,,,,,,,,,,,,,,,,,,
414999,,,,,,,,,,,,,,,,,,,,,
415006,,,,,,,,,,,,,,,,,,,,,
415012,,,,,,,,,,,,,,,,,,,,,
415235,,,,,,,,,,,,,,,,,,,,,
415243,,,,,,,,,,,,,,,,,,,,,
415474,,,,,,,,,,,,,,,,,,,,,
415987,50.9,50.9,0,50.9,0,50.9,0,50.9,0,50.9,0,50.9,0,,,50.9,0,50.9,0,45.9,0.109
416266,,,,,,,,,,,,,,,,,,,,,
416487,70.6,70.6,0,70.6,0,70.6,0,70.6,0,70.6,0,70.6,0,,,70.7,-0.00141,70.7,-0.00141,69.4,0.0173
416665,65,65,0,65,0,65,0,65,0,65,0,65,0,,,65,0,65,0,,
416740,,,,,,,,,,,,,,,,,,,,,
416835,89.9,89.9,0,89.9,0,89.9,0,89.9,0,89.9,0,89.9,0,,,81,0.11,89.9,0,81.6,0.102
417475,,,,,,,,,,,,,,,,,,,,,
417548,19.5,19.5,0,19.5,0,19.5,0,,,,,,,,,,,,,,
417995,,,,,,,,,,,,,,,,,,,,,
418030,,,,,,,,,,,,,,,,,,,,,
418140,,,,,,,,,,,,,,,,,,,,,
418234,,,,,,,,,,,,,,,,,,,,,
418536,,,,,,,,,,,,,,,,,,,,,
418718,,,,,,,,,,,,,,,,,,,,,
419770,,,,,,,,,,,,,,,,,,,,,
420395,,,,,,,,,,,,,,,,,,,,,
421045,16.5,16.5,0,16.5,0,16.5,0,16.5,0,16.5,0,,,,,16.5,0,16.5,0,16.5,0
421123,54,54,0,54,0,54,0,54,0,54,0,,,49,0.102,49,0.102,49,0.102,49,0.102
421223,105,105,0,105,0,,,105,0,105,0,105,0,,,93.5,0.123,93.5,0.123,93.5,0.123
421422,23.5,23.5,0,23.5,0,23.5,0,23.5,0,23.5,0,23.5,0,23.5,0,23.5,0,23.5,0,23.5,0
421499,,,,,,,,,,,,,,,,,,,,,
421557,60.5,60.5,0,60.5,0,60.5,0,60.5,0,60.5,0,60.5,0,60.5,0,60.5,0,60.5,0,65.8,-0.0805
421634,120,120,0,120,0,120,0,120,0,120,0,120,0,197,-0.39,197,-0.39,197,-0.39,197,-0.39
421758,120,120,0,120,0,120,0,120,0,120,0,120,0,197,-0.39,197,-0.39,197,-0.39,197,-0.39
422335,20,20,0,20,0,20,0,20,0,20,0,20,0,18,0.111,18,0.111,18,0.111,16.9,0.183
422933,,,,,,,,,,,,,,,,,,,,,
423031,8,8,0,8,0,8,0,8,0,8,0,8,0,8,0,8,0,8,0,8,0
423333,6.5,6.5,0,6.5,0,6.5,0,6.5,0,6.5,0,6.5,0,6.5,0,6.5,0,6.5,0,,
423491,,,,,,,,,,,,,,,,,,,,,
423542,,,,,,,,,,,,,,,,,,,,,
423564,107,107,0,107,0,107,0,107,0,107,0,99,0.0808,103,0.0348,92,0.163,,,,
423580,,,,,,,,,,,,,,,,,,,,,
423750,146,146,0,146,0,146,0,146,0,146,0,146,0,,,135,0.0815,,,,
423769,,,,,,,,,,,,,,,,,,,,,
423882,7,7,0,7,0,7,0,7,0,,,7,0,7,0,7,0,7,0,7,0
423883,21.1,21.1,0,21.1,0,21.1,0,21.1,0,21.1,0,21.1,0,19.8,0.0657,37.5,-0.437,,,,
423884,28.6,28.6,0,28.6,0,28.6,0,28.6,0,28.6,0,25.7,0.113,23,0.243,42.4,-0.325,42.4,-0.325,42.4,-0.325
423890,,,,,,,,,,,,,,,,,,,,,
423998,146,146,0,146,0,146,0,146,0,146,0,146,0,135,0.0815,135,0.0815,,,,
424006,146,146,0,146,0,146,0,146,0,,,,,,,135,0.0815,,,135,0.0815
424113,67,67,0,67,0,67,0,67,0,67,0,67,0,67,0,67,0,67,0,,
424142,,,,,,,,,,,,,,,,,,,,,
424235,290,290,0,290,0,290,0,290,0,,,,,,,,,,,,
424242,,,,,,,,,,,,,,,,,,,,,
425346,21,21,0,21,0,21,0,21,0,21,0,17.2,0.221,14.6,0.438,17.2,0.221,21.2,-0.00943,21.5,-0.0233
426113,7.5,7.5,0,7.5,0,7.5,0,7.5,0,7.5,0,7.5,0,7.5,0,8.5,-0.118,7.5,0,10.4,-0.279
426121,49.9,49.9,0,49.9,0,49.9,0,49.9,0,49.9,0,49.9,0,49.9,0,53.5,-0.0673,47.9,0.0418,59.5,-0.161
426172,193,193,0,193,0,,,193,0,193,0,193,0,193,0,193,0,193,0,173,0.116
426547,,,,,,,,,,,,,,,,,,,,,
426571,41,41,0,41,0,41,0,41,0,41,0,41,0,41,0,41,0,41,0,41,0
426768,69,69,0,69,0,69,0,69,0,69,0,69,0,,,69,0,69,0,69,0
426784,60,60,0,60,0,60,0,60,0,60,0,60,0,,,60,0,60,0,60,0
427349,17,17,0,17,0,17,0,17,0,17,0,17,0,17,0,17,0,17,0,17,0
427365,18,18,0,18,0,18,0,18,0,18,0,18,0,18,0,18,0,18,0,18,0
427373,18,18,0,18,0,18,0,18,0,18,0,18,0,18,0,18,0,18,0,18,0
427390,10.5,10.5,0,10.5,0,10.5,0,10.5,0,10.5,0,10.5,0,,,,,10.5,0,10.5,0
427411,54.5,54.5,0,54.5,0,54.5,0,54.5,0,54.5,0,,,,,54.5,0,54.5,0,54.5,0
427430,,,,,,,,,,,,,,,,,,,,,
427560,5.2,5.2,0,5.2,0,5.2,0,5.2,0,5.2,0,5.2,0,5.2,0,5.2,0,5.2,0,5.2,0
427578,11,11,0,11,0,11,0,9.9,0.111,9.9,0.111,11,0,11,0,11,0,11,0,11,0
427764,,,,,,,,,,,,,,,,,,,,,
427900,33.5,33.5,0,33.5,0,33.5,0,33.5,0,33.5,0,29,0.155,,,26.5,0.264,27.9,0.201,37,-0.0946
427942,23,23,0,23,0,23,0,23,0,23,0,20,0.15,20,0.15,,,,,,
427985,649,649,0,649,0,,,655,-0.00916,655,-0.00916,655,-0.00916,655,-0.00916,655,-0.00916,655,-0.00916,655,-0.00916
428060,52,52,0,52,0,52,0,52,0,52,0,52,0,,,52,0,52,0,48,0.0833
428175,,,,,,,,,,,,,,,,,,,,,
428183,,,,,,,,,,,,,,,,,,,,,
428221,,,,,,,,,,,,,,,,,,,,,
428718,19.5,19.5,0,19.5,0,19.5,0,19.5,0,19.5,0,19.5,0,17.5,0.114,17.5,0.114,17.5,0.114,17.5,0.114
429420,7.8,7.8,0,7.8,0,7.8,0,7.8,0,7.8,0,7.8,0,7.8,0,7.8,0,7.8,0,7.8,0
429619,5.8,5.8,0,5.8,0,5.8,0,5.8,0,5.8,0,5.8,0,5.8,0,5.8,0,5.8,0,5.8,0
429635,,,,,,,,,,,,,,,,,,,,,
430065,77.5,77.5,0,77.5,0,,,77.5,0,77.5,0,77.5,0,77.5,0,67.9,0.141,69.9,0.109,77.5,0
430200,19.9,19.9,0,19.9,0,19.9,0,19.9,0,19.9,0,19.9,0,14.9,0.336,23,-0.135,21,-0.0524,22.9,-0.131
430210,,,,,,,,,,,,,,,,,,,,,
430285,21.9,21.9,0,21.9,0,21.9,0,21.9,0,21.9,0,21.9,0,21.9,0,21.9,0,21.9,0,21.9,0
430631,96.9,96.9,0,96.9,0,96.9,0,96.9,0,96.9,0,,,96.9,0,96.9,0,96.9,0,96.9,0
430634,,,,,,,,,,,,,,,,,,,,,
431001,33.5,33.5,0,33.5,0,33.5,0,33.5,0,33.5,0,33.5,0,33.5,0,36,-0.0694,36,-0.0694,36,-0.0694
431028,15,15,0,15,0,15,0,15,0,15,0,14.4,0.0417,,,14.4,0.0417,14,0.0714,14,0.0714
431036,11.2,11.2,0,11.2,0,11.2,0,11.2,0,11.2,0,10.5,0.0667,10.5,0.0667,10.5,0.0667,10.2,0.098,10.2,0.098
431126,24.5,24.5,0,24.5,0,24.5,0,24.5,0,24.5,0,23.8,0.0294,,,23.8,0.0294,23.8,0.0294,23.8,0.0294
431354,9,9,0,9,0,9,0,9,0,9,0,9,0,,,9,0,9,0,9,0
431362,13,13,0,13,0,13,0,13,0,13,0,13,0,13,0,13,0,13,0,13,0
431540,32.5,32.5,0,32.5,0,,,,,32.5,0,32.5,0,32.5,0,32.5,0,32.5,0,32.5,0
431605,38.9,38.9,0,51,-0.237,51,-0.237,51,-0.237,51,-0.237,58,-0.329,58,-0.329,39.5,-0.0152,58,-0.329,46,-0.154
431842,26,26,0,26,0,26,0,26,0,23.2,0.121,23.2,0.121,19.4,0.34,19.3,0.347,22.1,0.176,35,-0.257
432035,110,108,0.0175,108,0.0175,108,0.0175,108,0.0175,108,0.0175,89.3,0.235,89.3,0.235,,,117,-0.0597,,
432063,23,23,0,23,0,23,0,23,0,23,0,23,0,23,0,,,23,0,23,0
432064,23,23,0,23,0,23,0,23,0,23,0,23,0,23,0,,,,,,
432065,24,24,0,24,0,24,0,24,0,24,0,24,0,24,0,24,0,24,0,24,0
432066,24,24,0,24,0,24,0,24,0,24,0,24,0,24,0,,,24,0,24,0
432073,,,,,,,,,,,,,,,,,,,,,
432076,24,24,0,24,0,24,0,24,0,24,0,24,0,24,0,24,0,24,0,24,0
432125,,,,,,,,,,,,,,,,,,,,,
432413,10.5,10.5,0,10.5,0,10.5,0,10.5,0,10.5,0,12.5,-0.16,12.5,-0.16,12.5,-0.16,12.5,-0.16,12.5,-0.16
432484,,,,,,,,,,,,,,,,,,,,,
432595,,,,,,,,,,,,,,,,,,,,,
432600,20.9,20.9,0,20.9,0,20.9,0,20.9,0,20.9,0,20.9,0,20.9,0,20.9,0,20.9,0,23,-0.0913
432881,26,26,0,25,0.04,25,0.04,25,0.04,30,-0.133,28,-0.0714,28,-0.0714,28.1,-0.0747,28.1,-0.0747,28.1,-0.0747
432903,26,26,0,25,0.04,25,0.04,25,0.04,28,-0.0714,,,,,28.1,-0.0747,28.1,-0.0747,28.1,-0.0747
432911,26,26,0,25,0.04,25,0.04,25,0.04,28,-0.0714,28,-0.0714,28,-0.0714,28.1,-0.0747,28.1,-0.0747,28.1,-0.0747
433144,,,,,,,,,,,,,,,,,,,,,
433225,,,,,,,,,,,,,,,,,,,,,
433306,19.9,19.9,0,19.9,0,19.9,0,19.9,0,38.9,-0.488,38.9,-0.488,38.9,-0.488,38.9,-0.488,38.9,-0.488,38.9,-0.488
433330,43.9,43.9,0,43.9,0,43.9,0,43.9,0,43.9,0,43.9,0,43.9,0,,,,,,
433357,,,,,,,,,,,,,,,,,,,,,
433365,32.5,32.5,0,32.5,0,32.5,0,32.5,0,32.5,0,32.5,0,32.5,0,32.5,0,,,,
433373,,,,,,,,,,,,,,,,,,,,,
433381,37.9,37.9,0,37.9,0,37.9,0,37.9,0,37.9,0,37.9,0,37.9,0,37.9,0,,,,
433390,39.9,39.9,0,39.9,0,39.9,0,39.9,0,39.9,0,39.9,0,39.9,0,39.9,0,39.9,0,39.9,0
433438,,,,,,,,,,,,,,,,,,,,,
433446,,,,,,,,,,,,,,,,,,,,,
433470,,,,,,,,,,,,,,,,,,,,,
433580,37,37,0,37,0,37,0,37,0,37,0,38,-0.0263,38,-0.0263,53,-0.302,53,-0.302,53,-0.302
433720,,,,,,,,,,,,,,,,,,,,,
433725,,,,,,,,,,,,,,,,,,,,,
433772,60,60,0,60,0,60,0,60,0,60,0,60,0,60,0,60,0,65,-0.0769,65,-0.0769
434078,6.9,6.9,0,6.9,0,6.9,0,6.9,0,6.9,0,6.9,0,6.9,0,6.9,0,6.9,0,,
434094,6.9,6.9,0,6.9,0,6.9,0,6.9,0,6.9,0,6.9,0,6.9,0,6.9,0,6.9,0,7,-0.0143
434112,84.9,84.9,0,84.9,0,84.9,0,84.9,0,84.9,0,,,,,,,39,1.18,88.9,-0.045
434115,,,,,,,,,,,,,,,,,,,,,
434122,35.5,35.5,0,35.5,0,35.5,0,35.5,0,35.5,0,35.5,0,35.5,0,35.5,0,,,,
434233,12,12,0,12,0,12,0,12,0,12,0,,,,,12,0,12,0,9,0.333
434426,99.9,99.9,0,99.9,0,,,,,,,,,,,,,,,,
434442,,,,,,,,,,,,,,,,,,,,,
434469,,,,,,,,,,,,,,,,,,,,,
434477,,,,,,,,,,,,,,,,,,,,,
434493,39.9,39.9,0,39.9,0,39.9,0,39.9,0,39.9,0,39.9,0,39.9,0,39.9,0,39.9,0,39.9,0
434507,,,,,,,,,,,,,,,,,,,,,
434531,,,,,,,,,,,,,,,,,,,,,
434574,,,,,,,,,,,,,,,,,,,,,
434582,,,,,,,,,,,,,,,,,,,,,
434590,64.9,64.9,0,64.9,0,64.9,0,64.9,0,64.9,0,64.9,0,64.9,0,69.9,-0.0715,,,,
434981,,,,,,,,,,,,,,,,,,,,,
435001,76.4,76.4,0,76.4,0,76.4,0,76.4,0,76.4,0,76.4,0,76.4,0,76.4,0,76.4,0,82,-0.0683
435538,27.8,27.8,0,27.8,0,27.8,0,26.8,0.0373,26.8,0.0373,,,,,,,,,,
435546,44.8,44.8,0,44.8,0,44.8,0,43,0.0419,43,0.0419,41,0.0927,,,,,,,63.8,-0.298
435681,6.5,6.5,0,6.5,0,6.5,0,6.5,0,6.5,0,6.5,0,6.5,0,6.5,0,6.5,0,6.5,0
436160,19.5,19.5,0,19.5,0,19.5,0,,,,,,,,,,,,,,
436186,249,249,0,249,0,249,0,,,,,,,,,,,,,,
436214,62,62,0,62,0,62,0,,,,,,,,,,,,,,
436224,140,140,0,140,0,140,0,,,,,,,,,,,199,-0.296,,
436227,29,29,0,29,0,29,0,,,,,,,,,,,,,,
436330,120,120,0,120,0,120,0,120,0,120,0,120,0,120,0,120,0,120,0,120,0
436356,210,210,0,210,0,210,0,210,0,210,0,210,0,210,0,210,0,210,0,210,0
436615,,,,,,,,,,,,,,,,,,,,,
436852,19.5,19.5,0,19.5,0,19.5,0,19.5,0,19.5,0,,,17,0.147,19.9,-0.0201,19.9,-0.0201,22,-0.114
436860,19.5,19.5,0,19.5,0,19.5,0,19.5,0,19.5,0,17,0.147,17,0.147,15.9,0.226,,,,
437280,36,36,0,36,0,36,0,38,-0.0526,38,-0.0526,,,,,48,-0.25,48,-0.25,48,-0.25
437419,8.5,8.5,0,8.5,0,8.5,0,8.5,0,8.5,0,10,-0.15,10,-0.15,10,-0.15,8.9,-0.0449,8.5,0
437492,,,,,,,,,,,,,,,,,,,,,
437506,,,,,,,,,,,,,,,,,,,,,
437700,,,,,,,,,,,,,,,,,,,,,
437859,11,11,0,11,0,11,0,11,0,11,0,11,0,,,10,0.1,10,0.1,10,0.1
437878,589,589,0,589,0,,,589,0,589,0,589,0,589,0,534,0.103,699,-0.157,575,0.0243
437913,11,11,0,11,0,11,0,11,0,11,0,11,0,,,10,0.1,10,0.1,10,0.1
437999,,,,,,,,,,,,,,,,,,,,,
438120,12.4,12.4,0,12.4,0,12.4,0,12.4,0,12.4,0,12.4,0,12.4,0,14.8,-0.162,14.8,-0.162,14.8,-0.162
438586,36.7,36.7,0,45,-0.184,45,-0.184,45,-0.184,45,-0.184,41.1,-0.107,41.1,-0.107,41.1,-0.107,51.3,-0.285,58.3,-0.37
438716,41.3,41.3,0,41.3,0,41.3,0,41.3,0,41.3,0,38.3,0.0783,30,0.377,30,0.377,45.9,-0.1,45.9,-0.1
438790,49.9,49.9,0,49.9,0,49.9,0,49.9,0,49.9,0,49.9,0,49.9,0,53.5,-0.0673,47.9,0.0418,59.5,-0.161
439020,20.4,20.4,0,20.4,0,20.4,0,20.4,0,20.4,0,20.4,0,20.4,0,20.4,0,20.4,0,20.4,0
439105,50.3,50.3,0,50.3,0,50.3,0,50.3,0,50.3,0,50.3,0,50.3,0,50.3,0,50.3,0,50.3,0
439106,32.1,32.1,0,32.1,0,32.1,0,32.1,0,32.1,0,32.1,0,35,-0.0829,35,-0.0829,35,-0.0829,37.6,-0.146
439107,57.5,57.5,0,57.5,0,57.5,0,57.5,0,57.5,0,57.5,0,65.8,-0.126,65.8,-0.126,65.8,-0.126,70,-0.179
439363,17.9,17.9,0,17.9,0,17.9,0,17.9,0,17.9,0,17.9,0,,,17.9,0,17.9,0,,
439533,25,25,0,25,0,25,0,25,0,25,0,25,0,25,0,25.5,-0.0196,25.5,-0.0196,25.5,-0.0196
439835,21.5,21.5,0,21.5,0,21.5,0,21.5,0,21.5,0,21.5,0,21.5,0,21.5,0,21,0.0238,,
439851,43.1,43.1,0,43.1,0,43.1,0,43.1,0,43.1,0,43.1,0,43.1,0,43.1,0,43.1,0,43.1,0
440051,,,,,,,,,,,,,,,,,,,,,
441350,75,75,0,75,0,75,0,75,0,75,0,75,0,75,0,75,0,75,0,75,0
441531,70,70,0,70,0,70,0,70,0,70,0,70,0,70,0,67.7,0.034,63.2,0.108,56.2,0.246
442083,,,,,,,,,,,,,,,,,,,,,
442084,,,,,,,,,,,,,,,,,,,,,
442356,15.6,15.6,0,15.6,0,15.6,0,15.6,0,15.6,0,15.6,0,15.6,0,15.6,0,15.6,0,15.6,0
442665,,,,,,,,,,,,,,,,,,,,,
442801,15.5,15.5,0,15.5,0,,,15.5,0,15.5,0,15.5,0,15.5,0,15.5,0,15.5,0,,
442828,,,,,,,,,,,,,,,,,,,,,
442933,,,,,,,,,,,,,,,,,,,,,
442968,,,,,,,,,,,,,,,,,,,,,
443174,,,,,,,,,,,,,,,,,,,,,
443190,,,,,,,,,,,,,,,,,,,,,
443816,42.9,42.9,0,42.9,0,42.9,0,42.9,0,42.9,0,42.9,0,42.9,0,42.9,0,,,,
443948,36.5,,,36.5,0,36.5,0,36.5,0,36.5,0,36.5,0,36.5,0,34.8,0.0489,33.8,0.0799,33.8,0.0799
445127,24.5,24.5,0,24.5,0,24.5,0,24.5,0,24.5,0,24.5,0,17.9,0.369,24.5,0,24.5,0,19,0.289
445614,15.6,15.6,0,15.6,0,15.6,0,15.6,0,15.6,0,15.6,0,15.6,0,15.6,0,15.6,0,15.6,0
445680,,,,,,,,,,,,,,,,,,,,,
445703,52,52,0,52,0,52,0,52,0,52,0,52,0,52,0,45,0.156,52,0,52,0
445711,52,52,0,52,0,52,0,,,52,0,52,0,52,0,52,0,52,0,52,0
445797,10.5,10.5,0,10.5,0,10.5,0,10.5,0,10.5,0,10.5,0,,,10.5,0,,,9.8,0.0714
445940,41.3,41.3,0,41.3,0,41.3,0,41.3,0,41.3,0,38.3,0.0783,30,0.377,30,0.377,45.9,-0.1,45.9,-0.1
445959,81.4,77.4,0.0517,77.4,0.0517,77.4,0.0517,77.4,0.0517,77.4,0.0517,70.1,0.161,70.1,0.161,70.1,0.161,87,-0.0644,87,-0.0644
446114,30.8,30.8,0,30.8,0,30.8,0,28.6,0.0769,28.6,0.0769,25.7,0.198,23,0.339,42.4,-0.274,42.4,-0.274,,
446165,,,,,,,,,,,,,,,,,,,,,
446203,,,,,,,,,,,,,,,,,,,,,
446408,7,7,0,6.5,0.0769,6.5,0.0769,6.5,0.0769,6,0.167,6.5,0.0769,6.5,0.0769,7.7,-0.0909,7.7,-0.0909,7.7,-0.0909
446416,7,7,0,6.5,0.0769,6.5,0.0769,6.5,0.0769,6,0.167,6.5,0.0769,6.5,0.0769,7.9,-0.114,7.9,-0.114,,
446572,53.3,53.3,0,53.3,0,53.3,0,53.3,0,,,53.3,0,53.3,0,53.3,0,53.3,0,52,0.025
446653,7.3,7.3,0,7.3,0,7.3,0,7.3,0,7.3,0,7.3,0,7.3,0,7.3,0,7.3,0,7.3,0
447668,5,5,0,5,0,5,0,5,0,5,0,5,0,5,0,5,0,5,0,5,0
447860,,,,,,,,,,,,,,,,,,,,,
447861,,,,,,,,,,,,,,,,,,,,,
447863,,,,,,,,,,,,,,,,,,,,,
447974,38,38,0,38,0,38,0,38,0,38,0,38,0,38,0,35,0.0857,35,0.0857,35,0.0857
447975,72.5,72.5,0,72.5,0,72.5,0,72.5,0,72.5,0,72.5,0,72.5,0,69,0.0507,,,69,0.0507
448619,,,,,,,,,,,,,,,,,,,,,
448625,,,,,,,,,,,,,,,,,,,,,
448626,,,,,,,,,,,,,,,,,,,,,
448627,,,,,,,,,,,,,,,,,,,,,
448629,,,,,,,,,,,,,,,,,,,,,
449288,9.5,9.5,0,9.5,0,9.5,0,9.5,0,9.5,0,9.5,0,12.6,-0.246,12.6,-0.246,12.6,-0.246,12.6,-0.246
449512,28,28,0,28,0,,,28,0,28,0,28,0,28,0,28,0,28,0,25,0.12
449520,28,28,0,28,0,,,28,0,28,0,28,0,28,0,28,0,28,0,22,0.273
449539,75.5,75.5,0,75.5,0,,,75.5,0,75.5,0,75.5,0,75.5,0,75.5,0,72.5,0.0414,68.5,0.102
449547,75.5,75.5,0,75.5,0,,,75.5,0,75.5,0,75.5,0,75.5,0,75.5,0,72.5,0.0414,68.5,0.102
449555,,,,,,,,,,,,,,,,,,,,,
450007,,,,,,,,,,,,,,,,,,,,,
450191,45,45,0,45,0,45,0,45,0,45,0,45,0,45,0,45,0,45,0,45,0
450192,,,,,,,,,,,,,,,,,,,,,
450354,45,45,0,45,0,45,0,45,0,,,,,,,,,,,,
450405,24.9,24.9,0,24.9,0,24.9,0,24.5,0.0163,,,23.5,0.0596,,,26.9,-0.0743,27.5,-0.0945,,
450559,86,86,0,86,0,86,0,86,0,,,86,0,80,0.075,80,0.075,,,,
450629,,,,,,,,,,,,,,,,,,,,,
450908,,,,,,,,,,,,,,,,,,,,,
450962,30.5,30.5,0,30.5,0,30.5,0,30.5,0,30.5,0,30.5,0,,,27.9,0.0932,27.9,0.0932,27.9,0.0932
450964,31,31,0,31,0,31,0,31,0,31,0,31,0,30.5,0.0164,28.5,0.0877,28.5,0.0877,28.5,0.0877
451015,86.5,86.5,0,86.5,0,86.5,0,86.5,0,86.5,0,86.5,0,86.5,0,110,-0.214,110,-0.214,110,-0.214
451133,,,,,,,,,,,,,,,,,,,,,
451510,67.5,67.5,0,67.5,0,67.5,0,67.5,0,67.5,0,67.5,0,67.5,0,67.5,0,67.5,0,67.5,0
451511,48.5,48.5,0,48.5,0,48.5,0,48.5,0,48.5,0,48.5,0,48.5,0,48.5,0,48.5,0,48.5,0
451609,,,,,,,,,,,,,,,,,,,,,
451886,98,98,0,98,0,98,0,91.3,0.0734,91.3,0.0734,91.3,0.0734,73,0.342,77,0.273,114,-0.14,114,-0.142
451894,,,,,,,,,,,,,,,,,,,,,
451967,,,,,,,,,,,,,,,,,,,,,
451996,,,,,,,,,,,,,,,,,,,,,
452049,,,,,,,,,,,,,,,,,,,,,
452144,39.2,39.2,0,39.2,0,39.2,0,39.2,0,,,39.2,0,39.2,0,39.2,0,39.2,0,39.2,0
452147,,,,,,,,,,,,,,,,,,,,,
452287,,,,,,,,,,,,,,,,,,,,,
452342,51,51,0,51,0,51,0,51,0,,,,,48,0.0625,48,0.0625,,,,
452390,,,,,,,,,,,,,,,,,,,,,
452419,,,,,,,,,,,,,,,,,,,,,
452420,,,,,,,,,,,,,,,,,,,,,
452421,,,,,,,,,,,,,,,,,,,,,
452422,,,,,,,,,,,,,,,,,,,,,
452423,,,,,,,,,,,,,,,,,,,,,
452425,,,,,,,,,,,,,,,,,,,,,
452612,94.9,94.9,0,94.9,0,94.9,0,94.9,0,94.9,0,64.9,0.462,49,0.937,64.9,0.462,64.9,0.462,64.9,0.462
452613,,,,,,,,,,,,,,,,,,,,,
452614,94.9,94.9,0,94.9,0,94.9,0,94.9,0,94.9,0,64.9,0.462,49,0.937,64.9,0.462,64.9,0.462,64.9,0.462
452615,94.9,94.9,0,94.9,0,94.9,0,94.9,0,94.9,0,64.9,0.462,49,0.937,64.9,0.462,64.9,0.462,64.9,0.462
452669,51.5,51.5,0,51.5,0,51.5,0,51.5,0,51.5,0,51.5,0,51.5,0,45.4,0.134,45.4,0.134,45.4,0.134
452726,20.7,20.7,0,20.7,0,20.7,0,20.7,0,20.7,0,20.7,0,20.7,0,20.7,0,12.2,0.697,20.2,0.0248
452830,,,,,,,,,,,,,,,,,,,,,
452832,,,,,,,,,,,,,,,,,,,,,
452833,,,,,,,,,,,,,,,,,,,,,
452842,,,,,,,,,,,,,,,,,,,,,
453001,,,,,,,,,,,,,,,,,,,,,
453060,,,,,,,,,,,,,,,,,,,,,
453395,,,,,,,,,,,,,,,,,,,,,
453433,,,,,,,,,,,,,,,,,,,,,
453434,,,,,,,,,,,,,,,,,,,,,
453435,,,,,,,,,,,,,,,,,,,,,
453436,,,,,,,,,,,,,,,,,,,,,
453639,,,,,,,,,,,,,,,,,,,,,
453714,13.1,13.1,0,13.1,0,13.1,0,13.1,0,13.1,0,,,,,13.1,0,,,,
453890,95,95,0,95,0,95,0,95,0,,,,,,,95,0,95,0,110,-0.136
453929,16.2,16.2,0,16.2,0,16.2,0,16.2,0,16.2,0,16.2,0,16.2,0,16.2,0,16.2,0,16.2,0
453942,16.2,16.2,0,16.2,0,16.2,0,16.2,0,16.2,0,16.2,0,16.2,0,16.2,0,16.2,0,16.2,0
454117,7,7,0,7,0,7,0,7,0,7,0,7,0,7,0,7,0,8,-0.125,8,-0.125
454118,7,7,0,7,0,7,0,7,0,7,0,7,0,7,0,7,0,8,-0.125,8,-0.125
454125,7,7,0,7,0,7,0,7,0,7,0,7,0,7,0,,,,,,
454215,77.4,77.4,0,77.4,0,77.4,0,77.4,0,77.4,0,79,-0.0203,79,-0.0203,63.8,0.213,,,99.5,-0.222
454216,83.9,83.9,0,83.9,0,83.9,0,83.9,0,83.9,0,76.5,0.0967,,,76.5,0.0967,,,105,-0.198
454317,,,,,,,,,,,,,,,,,,,,,
454427,,,,,,,,,,,,,,,,,,,,,
454460,,,,,,,,,,,,,,,,,,,,,
454532,,,,,,,,,,,,,,,,,,,,,
454678,94.9,94.9,0,94.9,0,94.9,0,94.9,0,94.9,0,64.9,0.462,49,0.937,64.9,0.462,64.9,0.462,64.9,0.462
454679,94.9,94.9,0,94.9,0,94.9,0,94.9,0,94.9,0,64.9,0.462,64.9,0.462,64.9,0.462,64.9,0.462,64.9,0.462
454705,,,,,,,,,,,,,,,,,,,,,
454738,,,,,,,,,,,,,,,,,,,,,
454739,,,,,,,,,,,,,,,,,,,,,
454834,,,,,,,,,,,,,,,,,,,,,
454934,,,,,,,,,,,,,,,,,,,,,
454978,,,,,,,,,,,,,,,,,,,,,
455321,,,,,,,,,,,,,,,,,,,,,
455412,249,249,0,249,0,249,0,249,0,249,0,,,180,0.384,180,0.384,180,0.384,180,0.384
455456,,,,,,,,,,,,,,,,,,,,,
455457,,,,,,,,,,,,,,,,,,,,,
455677,,,,,,,,,,,,,,,,,,,,,
455678,,,,,,,,,,,,,,,,,,,,,
455692,,,,,,,,,,,,,,,,,,,,,
455709,19,19,0,19,0,19,0,19,0,19,0,19,0,19,0,19,0,26,-0.269,26,-0.269
455754,,,,,,,,,,,,,,,,,,,,,
455755,,,,,,,,,,,,,,,,,,,,,
455830,9.5,9.5,0,9.5,0,9.5,0,9.5,0,8.9,0.0674,8.9,0.0674,8.9,0.0674,8.9,0.0674,8.9,0.0674,9.7,-0.0206
455849,24.7,24.7,0,24.7,0,24.7,0,24.7,0,24.7,0,24.7,0,14.5,0.703,24.7,0,24.7,0,24.3,0.0165
455886,,,,,,,,,,,,,,,,,,,,,
455962,72.5,72.5,0,72.5,0,72.5,0,72.5,0,72.5,0,72.5,0,72.5,0,59.9,0.21,59.9,0.21,42.5,0.706
455970,34.5,34.5,0,34.5,0,34.5,0,34.5,0,34.5,0,34.5,0,34.5,0,29.9,0.154,29.9,0.154,29.5,0.169
456225,19.9,19.9,0,19.9,0,19.9,0,19.9,0,19.9,0,16.5,0.206,16.5,0.206,9.9,1.01,18.9,0.0529,9.9,1.01
456545,,,,,,,,,,,,,,,,,,,,,
456561,,,,,,,,,,,,,,,,,,,,,
456799,83.9,83.9,0,83.9,0,83.9,0,83.9,0,,,,,76.5,0.0967,,,104,-0.197,104,-0.197
456802,,,,,,,,,,,,,,,,,,,,,
456926,51,51,0,51,0,51,0,51,0,51,0,46.2,0.104,46.2,0.104,46.2,0.104,57.7,-0.116,62.8,-0.188
457051,13.5,13.5,0,13.5,0,13.5,0,13.5,0,13.5,0,13.5,0,,,15.5,-0.129,16,-0.156,,
457078,18,18,0,18,0,18,0,18,0,18,0,18,0,,,17,0.0588,17,0.0588,17,0.0588
457086,18,18,0,18,0,18,0,18,0,18,0,18,0,,,16.9,0.0651,16.9,0.0651,17,0.0588
457094,18,18,0,18,0,18,0,18,0,18,0,18,0,,,17,0.0588,17,0.0588,17,0.0588
457345,,,,,,,,,,,,,,,,,,,,,
457701,,,,,,,,,,,,,,,,,,,,,
457716,,,,,,,,,,,,,,,,,,,,,
457834,9.5,9.5,0,9.5,0,9.5,0,9.5,0,9.5,0,9.5,0,9.5,0,9.5,0,12.5,-0.24,12.5,-0.24
458063,159,159,0,159,0,159,0,159,0,159,0,159,0,159,0,159,0,159,0,159,0
458727,14,14,0,14,0,14,0,14,0,14,0,14,0,14,0,14,0,14,0,14,0
459025,94.9,94.9,0,94.9,0,94.9,0,94.9,0,94.9,0,64.9,0.462,64.9,0.462,64.9,0.462,64.9,0.462,64.9,0.462
459097,16,16,0,16,0,16,0,16,0,16,0,16,0,16,0,16,0,16,0,14,0.143
459128,,,,,,,,,,,,,,,,,,,,,
459129,60.7,60.7,0,60.7,0,60.7,0,60.7,0,60.7,0,60.7,0,60.7,0,60.7,0,60.7,0,60.7,0
459133,95,95,0,95,0,95,0,95,0,95,0,95,0,95,0,95,0,95,0,90,0.0556
459136,90,90,0,90,0,90,0,90,0,90,0,90,0,90,0,90,0,90,0,95,-0.0526
459137,90,90,0,90,0,90,0,90,0,90,0,90,0,90,0,90,0,90,0,95,-0.0526
459138,90,90,0,90,0,90,0,90,0,90,0,90,0,90,0,90,0,90,0,95,-0.0526
459142,,,,,,,,,,,,,,,,,,,,,
459144,,,,,,,,,,,,,,,,,,,,,
459145,,,,,,,,,,,,,,,,,,,,,
459149,,,,,,,,,,,,,,,,,,,,,
459194,,,,,,,,,,,,,,,,,,,,,
459199,,,,,,,,,,,,,,,,,,,,,
459209,,,,,,,,,,,,,,,,,,,,,
459210,,,,,,,,,,,,,,,,,,,,,
459212,,,,,,,,,,,,,,,,,,,,,
459215,,,,,,,,,,,,,,,,,,,,,
459219,,,,,,,,,,,,,,,,,,,,,
459220,,,,,,,,,,,,,,,,,,,,,
459221,,,,,,,,,,,,,,,,,,,,,
459223,,,,,,,,,,,,,,,,,,,,,
459225,,,,,,,,,,,,,,,,,,,,,
459226,,,,,,,,,,,,,,,,,,,,,
459227,,,,,,,,,,,,,,,,,,,,,
459230,,,,,,,,,,,,,,,,,,,,,
459233,,,,,,,,,,,,,,,,,,,,,
459234,,,,,,,,,,,,,,,,,,,,,
459235,,,,,,,,,,,,,,,,,,,,,
459236,,,,,,,,,,,,,,,,,,,,,
459237,,,,,,,,,,,,,,,,,,,,,
459238,,,,,,,,,,,,,,,,,,,,,
459288,,,,,,,,,,,,,,,,,,,,,
459294,,,,,,,,,,,,,,,,,,,,,
459295,,,,,,,,,,,,,,,,,,,,,
459314,,,,,,,,,,,,,,,,,,,,,
459315,,,,,,,,,,,,,,,,,,,,,
459331,,,,,,,,,,,,,,,,,,,,,
459334,,,,,,,,,,,,,,,,,,,,,
459342,,,,,,,,,,,,,,,,,,,,,
459347,,,,,,,,,,,,,,,,,,,,,
459349,,,,,,,,,,,,,,,,,,,,,
459362,,,,,,,,,,,,,,,,,,,,,
459363,,,,,,,,,,,,,,,,,,,,,
459374,,,,,,,,,,,,,,,,,,,,,
459375,,,,,,,,,,,,,,,,,,,,,
459376,,,,,,,,,,,,,,,,,,,,,
459392,,,,,,,,,,,,,,,,,,,,,
459403,,,,,,,,,,,,,,,,,,,,,
459405,,,,,,,,,,,,,,,,,,,,,
459406,,,,,,,,,,,,,,,,,,,,,
459407,,,,,,,,,,,,,,,,,,,,,
459420,,,,,,,,,,,,,,,,,,,,,
459569,21,21,0,21,0,21,0,21,0,21,0,21,0,21,0,21,0,21,0,21,0
459674,45,45,0,45,0,45,0,45,0,45,0,45,0,,,45,0,45,0,45,0
459818,89.6,89.6,0,89.6,0,,,89.6,0,89.6,0,89.6,0,89.6,0,89.6,0,89.6,0,89.6,0
459844,,,,,,,,,,,,,,,,,,,,,
459887,17.5,17.5,0,17.5,0,17.5,0,17.5,0,17.5,0,17.5,0,,,17.5,0,17.5,0,17.5,0
459978,,,,,,,,,,,,,,,,,,,,,
460223,98,98,0,98,0,98,0,98,0,,,,,,,,,109,-0.104,109,-0.104
460225,47.5,47.5,0,47.5,0,47.5,0,47.5,0,,,42.5,0.118,42.5,0.118,54.7,-0.132,54.7,-0.132,54.7,-0.132
460226,51.5,51.5,0,51.5,0,51.5,0,51.5,0,47.5,0.0842,50.9,0.0118,50.9,0.0118,59.7,-0.137,59.7,-0.137,,
460273,26.9,26.9,0,26.9,0,26.9,0,26.9,0,26.9,0,26.9,0,26.9,0,21.5,0.251,39,-0.31,39,-0.31
460348,57,57,0,57,0,57,0,57,0,57,0,57,0,57,0,55.1,0.0345,51.3,0.111,,
460349,65,65,0,65,0,65,0,65,0,,,65,0,65,0,62.8,0.035,58.7,0.108,,
460404,,,,,,,,,,,,,,,,,,,,,
460407,,,,,,,,,,,,,,,,,,,,,
460408,,,,,,,,,,,,,,,,,,,,,
460409,,,,,,,,,,,,,,,,,,,,,
460411,,,,,,,,,,,,,,,,,,,,,
460415,,,,,,,,,,,,,,,,,,,,,
460416,,,,,,,,,,,,,,,,,,,,,
460417,,,,,,,,,,,,,,,,,,,,,
460422,,,,,,,,,,,,,,,,,,,,,
460425,,,,,,,,,,,,,,,,,,,,,
460429,,,,,,,,,,,,,,,,,,,,,
460545,71,71,0,71,0,71,0,71,0,71,0,71,0,71,0,71,0,71,0,71,0
460646,,,,,,,,,,,,,,,,,,,,,
460647,,,,,,,,,,,,,,,,,,,,,
460649,,,,,,,,,,,,,,,,,,,,,
460650,,,,,,,,,,,,,,,,,,,,,
460651,,,,,,,,,,,,,,,,,,,,,
460695,,,,,,,,,,,,,,,,,,,,,
460696,,,,,,,,,,,,,,,,,,,,,
460720,,,,,,,,,,,,,,,,,,,,,
460722,,,,,,,,,,,,,,,,,,,,,
460724,,,,,,,,,,,,,,,,,,,,,
460726,,,,,,,,,,,,,,,,,,,,,
460731,,,,,,,,,,,,,,,,,,,,,
460732,,,,,,,,,,,,,,,,,,,,,
460735,,,,,,,,,,,,,,,,,,,,,
460736,,,,,,,,,,,,,,,,,,,,,
460738,,,,,,,,,,,,,,,,,,,,,
460739,,,,,,,,,,,,,,,,,,,,,
460743,,,,,,,,,,,,,,,,,,,,,
460746,,,,,,,,,,,,,,,,,,,,,
460748,,,,,,,,,,,,,,,,,,,,,
460749,,,,,,,,,,,,,,,,,,,,,
460751,,,,,,,,,,,,,,,,,,,,,
460752,,,,,,,,,,,,,,,,,,,,,
460754,,,,,,,,,,,,,,,,,,,,,
460755,,,,,,,,,,,,,,,,,,,,,
460756,,,,,,,,,,,,,,,,,,,,,
460831,,,,,,,,,,,,,,,,,,,,,
460943,,,,,,,,,,,,,,,,,,,,,
460944,,,,,,,,,,,,,,,,,,,,,
460945,,,,,,,,,,,,,,,,,,,,,
460985,,,,,,,,,,,,,,,,,,,,,
460987,,,,,,,,,,,,,,,,,,,,,
460988,,,,,,,,,,,,,,,,,,,,,
460991,,,,,,,,,,,,,,,,,,,,,
460992,,,,,,,,,,,,,,,,,,,,,
460993,,,,,,,,,,,,,,,,,,,,,
460994,,,,,,,,,,,,,,,,,,,,,
460995,,,,,,,,,,,,,,,,,,,,,
460997,,,,,,,,,,,,,,,,,,,,,
460998,,,,,,,,,,,,,,,,,,,,,
461000,,,,,,,,,,,,,,,,,,,,,
461091,58.5,58.5,0,58.5,0,58.5,0,58.5,0,58.5,0,58.5,0,58.5,0,58.5,0,58.5,0,58.5,0
461100,,,,,,,,,,,,,,,,,,,,,
461101,,,,,,,,,,,,,,,,,,,,,
461102,,,,,,,,,,,,,,,,,,,,,
461103,,,,,,,,,,,,,,,,,,,,,
461104,,,,,,,,,,,,,,,,,,,,,
461106,,,,,,,,,,,,,,,,,,,,,
461107,,,,,,,,,,,,,,,,,,,,,
461207,,,,,,,,,,,,,,,,,,,,,
461208,,,,,,,,,,,,,,,,,,,,,
461238,17,17,0,17,0,17,0,17,0,17,0,17,0,17,0,17,0,19,-0.105,19,-0.105
461268,,,,,,,,,,,,,,,,,,,,,
461274,,,,,,,,,,,,,,,,,,,,,
461275,66.5,66.5,0,66.5,0,66.5,0,66.5,0,66.5,0,66.5,0,66.5,0,66.5,0,66.5,0,66.5,0
461276,66.5,66.5,0,66.5,0,66.5,0,66.5,0,66.5,0,66.5,0,66.5,0,66.5,0,66.5,0,66.5,0
461277,66.4,66.4,0,66.4,0,66.4,0,66.4,0,66.4,0,66.4,0,66.4,0,66.4,0,66.4,0,66.4,0
461278,,,,,,,,,,,,,,,,,,,,,
461393,,,,,,,,,,,,,,,,,,,,,
461519,,,,,,,,,,,,,,,,,,,,,
461759,155,155,0,155,0,155,0,155,0,155,0,155,0,155,0,155,0,99,0.566,99,0.566
461857,15.9,15.9,0,15.9,0,15.9,0,15.9,0,15.9,0,15.9,0,15.9,0,15.9,0,15.9,0,17.9,-0.112
461865,15.9,15.9,0,15.9,0,15.9,0,15.9,0,15.9,0,15.9,0,15.9,0,15.9,0,15.9,0,17.9,-0.112
461929,,,,,,,,,,,,,,,,,,,,,
461958,,,,,,,,,,,,,,,,,,,,,
462003,13.3,13.3,0,13.3,0,13.3,0,13.3,0,13.3,0,14,-0.05,14,-0.05,14,-0.05,14,-0.05,14,-0.05
462193,19.4,19.4,0,19.4,0,19.4,0,19.4,0,19.4,0,19.4,0,19.4,0,19.4,0,19.4,0,19.4,0
462194,11.2,11.2,0,11.2,0,11.2,0,11.2,0,11.2,0,11.2,0,11.2,0,11.2,0,11.2,0,11.2,0
462195,,,,,,,,,,,,,,,,,,,,,
462196,19.4,19.4,0,19.4,0,19.4,0,19.4,0,19.4,0,19.4,0,19.4,0,19.4,0,19.4,0,19.4,0
462197,11.2,11.2,0,11.2,0,11.2,0,11.2,0,11.2,0,11.2,0,11.2,0,11.2,0,11.2,0,11.2,0
462199,19.4,19.4,0,19.4,0,19.4,0,19.4,0,19.4,0,19.4,0,19.4,0,19.4,0,19.4,0,19.4,0
462200,4.5,4.5,0,4.5,0,4.5,0,4.5,0,4.5,0,4.5,0,4.5,0,4.5,0,4.5,0,4.5,0
462233,7.5,7.5,0,7.5,0,7.5,0,7.5,0,7.5,0,7,0.0714,7,0.0714,7,0.0714,7,0.0714,5.9,0.271
462241,,,,,,,,,,,,,,,,,,,,,
462249,23,23,0,23,0,23,0,23,0,23,0,21.5,0.0698,21.5,0.0698,21.5,0.0698,,,,
462250,7.4,7.4,0,7.4,0,7.4,0,7.4,0,7.4,0,,,6.7,0.104,6.7,0.104,6.7,0.104,6.5,0.138
462251,23,23,0,23,0,23,0,23,0,23,0,21.5,0.0698,21.5,0.0698,21.5,0.0698,,,,
462254,18.5,18.5,0,18.5,0,18.5,0,18.5,0,18.5,0,18.5,0,18.5,0,18.5,0,,,,
462341,47.7,47.7,0,47.7,0,47.7,0,47.7,0,47.7,0,47.7,0,47.7,0,47.7,0,47.7,0,47.7,0
462382,44.8,44.8,0,44.8,0,44.8,0,44.8,0,44.8,0,44.8,0,22,1.04,44.8,0,45.6,-0.0175,45.6,-0.0175
462383,44.6,44.6,0,44.6,0,44.6,0,44.6,0,44.6,0,44.6,0,44.6,0,44.6,0,41.3,0.0799,41.3,0.0799
462385,44.6,44.6,0,44.6,0,44.6,0,44.6,0,44.6,0,44.6,0,22,1.03,44.6,0,45.6,-0.0219,41.9,0.0644
462406,,,,,,,,,,,,,,,,,,,,,
462407,,,,,,,,,,,,,,,,,,,,,
462409,,,,,,,,,,,,,,,,,,,,,
462410,,,,,,,,,,,,,,,,,,,,,
462433,,,,,,,,,,,,,,,,,,,,,
462435,27.1,27.1,0,27.1,0,27.1,0,27.1,0,27.1,0,27.1,0,33,-0.179,38.4,-0.294,38.4,-0.294,38.4,-0.294
462444,,,,,,,,,,,,,,,,,,,,,
462522,19,19,0,19,0,19,0,19,0,19,0,19,0,19,0,19,0,19,0,20.5,-0.0732
462721,,,,,,,,,,,,,,,,,,,,,
462799,,,,,,,,,,,,,,,,,,,,,
462810,44.9,44.9,0,44.9,0,44.9,0,44.9,0,44.9,0,44.9,0,44.9,0,44.9,0,,,,
462845,73.5,73.5,0,73.5,0,73.5,0,73.5,0,73.5,0,73.5,0,73.5,0,73.5,0,73.5,0,73.5,0
462860,,,,,,,,,,,,,,,,,,,,,
462862,,,,,,,,,,,,,,,,,,,,,
462871,,,,,,,,,,,,,,,,,,,,,
462873,,,,,,,,,,,,,,,,,,,,,
462877,,,,,,,,,,,,,,,,,,,,,
462878,,,,,,,,,,,,,,,,,,,,,
462879,,,,,,,,,,,,,,,,,,,,,
462886,,,,,,,,,,,,,,,,,,,,,
462887,,,,,,,,,,,,,,,,,,,,,
462981,96.5,96.5,0,96.5,0,96.5,0,96.5,0,119,-0.189,119,-0.189,119,-0.189,119,-0.189,119,-0.189,119,-0.189
463065,53,53,0,53,0,53,0,53,0,53,0,53,0,53,0,53,0,53,0,53,0
463066,53.1,53.1,0,53.1,0,53.1,0,53.1,0,53.1,0,53.1,0,53.1,0,53.1,0,53.1,0,53.1,0
463068,,,,,,,,,,,,,,,,,,,,,
463275,160,160,0,160,0,160,0,176,-0.0941,176,-0.0941,176,-0.0941,,,176,-0.0941,189,-0.154,205,-0.22
463335,,,,,,,,,,,,,,,,,,,,,
463426,,,,,,,,,,,,,,,,,,,,,
463442,117,117,0,117,0,117,0,117,0,117,0,117,0,117,0,,,,,,
463469,,,,,,,,,,,,,,,,,,,,,
463477,,,,,,,,,,,,,,,,,,,,,
463493,,,,,,,,,,,,,,,,,,,,,
463505,110,110,0,110,0,110,0,110,0,,,110,0,110,0,110,0,110,0,110,0
463512,5,5,0,5,0,5,0,5,0,5,0,5,0,5,0,,,5,0,,
463663,,,,,,,,,,,,,,,,,,,,,
464325,,,,,,,,,,,,,,,,,,,,,
464333,24,24,0,24,0,24,0,24,0,23,0.0435,23,0.0435,23,0.0435,26.6,-0.0977,26.6,-0.0977,26.6,-0.0977
464350,23,23,0,23,0,23,0,23,0,23.5,-0.0213,23.5,-0.0213,23.5,-0.0213,26.6,-0.135,26.6,-0.135,26.6,-0.135
464597,4.5,4.5,0,4.5,0,4.5,0,4.5,0,4.5,0,,,4.5,0,5.4,-0.167,5.4,-0.167,5.4,-0.167
464627,4.5,4.5,0,4.5,0,4.5,0,4.5,0,4.5,0,4.5,0,4.5,0,5.4,-0.167,5.4,-0.167,5.4,-0.167
465271,49.5,49.5,0,49.5,0,49.5,0,49.5,0,49.5,0,,,49.5,0,49.5,0,49.5,0,49.5,0
465420,56,56,0,56,0,56,0,56,0,56,0,,,,,56,0,56,0,56,0
465423,31.5,31.5,0,31.5,0,31.5,0,31.5,0,31.5,0,,,,,31.5,0,31.5,0,31.5,0
465526,28.5,28.5,0,28.5,0,28.5,0,28.5,0,28.5,0,28.5,0,28.5,0,28.5,0,28.5,0,28.5,0
466365,92,92,0,92,0,92,0,92,0,86,0.0698,86,0.0698,88.5,0.0395,80,0.15,,,,
466474,87,87,0,87,0,87,0,87,0,87,0,,,87,0,83,0.0482,,,,
466817,150,150,0,150,0,150,0,150,0,150,0,,,,,,,,,,
466882,37.5,37.5,0,37.5,0,37.5,0,37.5,0,,,,,,,,,,,,
466884,40,40,0,40,0,40,0,40,0,,,,,,,,,,,,
466885,43.5,43.5,0,43.5,0,43.5,0,43.5,0,,,,,,,,,,,,
467324,33.9,33.9,0,33.9,0,33.9,0,33.9,0,33.9,0,33.9,0,40.3,-0.159,40.3,-0.159,40.3,-0.159,40.3,-0.159
467510,,,,,,,,,,,,,,,,,,,,,
467600,49.5,,,,,49.5,0,44.9,0.102,,,44.9,0.102,,,54.9,-0.0984,58.5,-0.154,,
467618,9.6,9.6,0,9.6,0,9.6,0,9.6,0,9.6,0,9.6,0,9.6,0,10.5,-0.0857,9,0.0667,10.5,-0.0857
467626,9.6,9.6,0,9.6,0,9.6,0,9.6,0,9.6,0,9.6,0,9.6,0,10.5,-0.0857,9,0.0667,8.4,0.143
467634,9.6,9.6,0,9.6,0,9.6,0,9.6,0,9.6,0,9.6,0,,,10.5,-0.0857,10.5,-0.0857,10.5,-0.0857
467642,9.6,9.6,0,9.6,0,9.6,0,9.6,0,9.6,0,9.6,0,9.6,0,10.5,-0.0857,10.5,-0.0857,10.5,-0.0857
467650,,,,,,,,,,,,,,,,,,,,,
467677,9.6,9.6,0,9.6,0,9.6,0,9.6,0,9.6,0,9.6,0,9.6,0,10.5,-0.0857,10.5,-0.0857,,
467685,9.6,9.6,0,9.6,0,9.6,0,9.6,0,9.6,0,9.6,0,9.6,0,10.5,-0.0857,10.5,-0.0857,10.5,-0.0857
467693,9.6,9.6,0,9.6,0,9.6,0,9.6,0,9.6,0,9.6,0,,,10.5,-0.0857,10.5,-0.0857,10.5,-0.0857
467723,,,,,,,,,,,,,,,,,,,,,
467820,241,241,0,241,0,,,241,0,241,0,241,0,241,0,241,0,241,0,241,0
467847,,,,,,,,,,,,,,,,,,,,,
468193,,,,,,,,,,,,,,,,,,,,,
469009,16.9,16.9,0,16.9,0,16.9,0,16.9,0,16.9,0,16.9,0,16.9,0,19.5,-0.133,15.9,0.0629,19.8,-0.146
469021,5.3,5.3,0,5.3,0,5.3,0,5.3,0,5.3,0,,,5.3,0,5.5,-0.0364,5,0.06,7.4,-0.284
469344,98,98,0,98,0,98,0,98,0,98,0,98,0,98,0,98,0,98,0,98,0
469459,50,50,0,50,0,,,49,0.0204,49,0.0204,49,0.0204,49,0.0204,49,0.0204,44.9,0.114,52,-0.0385
469467,50,50,0,50,0,,,49,0.0204,49,0.0204,49,0.0204,49,0.0204,49,0.0204,44.9,0.114,52,-0.0385
469475,50,50,0,50,0,,,49,0.0204,49,0.0204,49,0.0204,49,0.0204,49,0.0204,44.9,0.114,52,-0.0385
469513,60,60,0,60,0,,,58,0.0345,58,0.0345,58,0.0345,58,0.0345,58,0.0345,68.5,-0.124,68.5,-0.124
470101,,,,,,,,,,,,,,,,,,,,,
470108,13.5,13.5,0,13.5,0,,,13.5,0,13.5,0,12,0.125,12,0.125,12,0.125,9.9,0.364,9.9,0.364
470119,,,,,,,,,,,,,,,,,,,,,
470121,41.5,41.5,0,41.5,0,41.5,0,41.5,0,41.5,0,41.5,0,41.5,0,50,-0.17,50,-0.17,50,-0.17
470124,,,,,,,,,,,,,,,,,,,,,
470127,,,,,,,,,,,,,,,,,,,,,
470129,,,,,,,,,,,,,,,,,,,,,
470151,,,,,,,,,,,,,,,,,,,,,
470279,,,,,,,,,,,,,,,,,,,,,
470457,,,,,,,,,,,,,,,,,,,,,
470520,,,,,,,,,,,,,,,,,,,,,
470589,,,,,,,,,,,,,,,,,,,,,
471020,,,,,,,,,,,,,,,,,,,,,
471070,,,,,,,,,,,,,,,,,,,,,
471305,,,,,,,,,,,,,,,,,,,,,
471330,,,,,,,,,,,,,,,,,,,,,
471453,,,,,,,,,,,,,,,,,,,,,
471660,22.9,22.9,0,22.9,0,21.9,0.0457,21.9,0.0457,21.9,0.0457,21.9,0.0457,21.9,0.0457,21.9,0.0457,21.9,0.0457,23.5,-0.0255
471810,75,75,0,75,0,75,0,75,0,67.5,0.111,67.5,0.111,67.5,0.111,,,,,,
472033,15.5,15.5,0,15.5,0,15.5,0,15.5,0,15.5,0,15.5,0,15.5,0,15.5,0,15.5,0,15.5,0
472573,26,,,,,,,,,26,0,26,0,26,0,26,0,,,26,0
472590,,,,,,,,,,,,,,,,,,,,,
472760,,,,,,,,,,,,,,,,,,,,,
473477,,,,,,,,,,,,,,,,,,,,,
473766,25,25,0,25,0,25,0,25,0,25,0,25,0,25,0,25,0,26,-0.0385,26,-0.0385
473871,36.5,36.5,0,36.5,0,36.5,0,36.5,0,36.5,0,36.5,0,,,36.5,0,,,,
474215,139,139,0,139,0,139,0,139,0,139,0,139,0,139,0,139,0,139,0,149,-0.0684
474231,4.8,4.8,0,4.8,0,4.8,0,4.8,0,4.8,0,,,,,,,,,4.8,0
474240,,,,,,,,,,,,,,,,,,,,,
474363,14.5,14.5,0,13,0.115,13,0.115,13,0.115,10,0.45,12.5,0.16,12.5,0.16,12.9,0.124,17,-0.147,13.9,0.0432
475068,,,,,,,,,,,,,,,,,,,,,
475149,6.4,6.4,0,6.4,0,6.4,0,6.4,0,6.4,0,6.4,0,6.4,0,6.4,0,6.4,0,6.4,0
475254,,,,,,,,,,,,,,,,,,,,,
475521,41.5,41.5,0,41.5,0,41.5,0,41.5,0,41.5,0,41.5,0,41.5,0,50,-0.17,50,-0.17,50,-0.17
475530,41.5,41.5,0,41.5,0,41.5,0,41.5,0,41.5,0,41.5,0,41.5,0,50,-0.17,50,-0.17,50,-0.17
476609,39.9,39.9,0,39.9,0,39.9,0,39.9,0,39.9,0,39.9,0,39.9,0,39.9,0,43.5,-0.0828,43.5,-0.0828
477249,,,,,,,,,,,,,,,,,,,,,
477290,,,,,,,,,,,,,,,,,,,,,
477656,32.5,32.5,0,,,,,,,,,,,,,32.5,0,,,32.5,0
477664,32.5,32.5,0,32.5,0,32.5,0,32.5,0,32.5,0,32.5,0,32.5,0,32.5,0,,,,
478296,,,,,,,,,,,,,,,,,,,,,
478687,7.5,7.5,0,7.5,0,7.5,0,7.5,0,7.5,0,,,,,7.5,0,7.5,0,7.5,0
479241,22.4,22.4,0,22.4,0,22.4,0,22.4,0,22.4,0,22.4,0,,,20.8,0.0769,20.8,0.0769,20.2,0.109
479691,75,75,0,,,,,,,,,75,0,75,0,75,0,75,0,75,0
479837,11.5,11.5,0,11.5,0,11.5,0,11.5,0,11.5,0,11.5,0,11.5,0,11.5,0,11.5,0,11.5,0
479845,11,11,0,11,0,11,0,11,0,11,0,11,0,11,0,11,0,11,0,11,0
479918,190,190,0,190,0,190,0,190,0,,,,,190,0,190,0,190,0,190,0
479934,12.5,12.5,0,12.5,0,12.5,0,12.5,0,12.5,0,,,5.9,1.12,5.9,1.12,12.9,-0.031,9.5,0.316
480159,10.4,10.4,0,10.4,0,10.4,0,,,,,,,,,,,10.4,0,,
480165,,,,,,,,,,,,,,,,,,,,,
480166,13.8,13.8,0,13.8,0,13.8,0,,,,,,,,,13.8,0,13.8,0,,
480167,21,21,0,21,0,21,0,,,21,0,,,,,,,21,0,,
480170,,,,,,,,,,,,,,,,,,,,,
480178,15.5,14,0.107,14,0.107,14,0.107,14,0.107,14,0.107,14,0.107,14,0.107,14,0.107,,,,
480180,16.9,15.5,0.0903,15.5,0.0903,15.5,0.0903,15.5,0.0903,15.5,0.0903,15.5,0.0903,15.5,0.0903,15.5,0.0903,14.5,0.166,,
480187,16.9,15.5,0.0903,15.5,0.0903,15.5,0.0903,15.5,0.0903,15.5,0.0903,15.5,0.0903,15.5,0.0903,15.5,0.0903,14.5,0.166,,
480192,15.5,14,0.107,14,0.107,14,0.107,14,0.107,14,0.107,,,,,14,0.107,,,,
480193,,,,,,,,,,,,,,,,,,,,,
480214,,,,,,,,,,,,,,,,,,,,,
480257,,,,,,,,,,,,,,,,,,,,,
480305,,,,,,,,,,,,,,,,,,,,,
480320,10,10,0,10,0,,,,,,,,,,,,,,,,
480338,,,,,,,,,,,,,,,,,,,,,
480341,135,,,,,,,,,,,135,0,135,0,100,0.349,98.7,0.367,135,-0.00148
480355,72.5,72.5,0,72.5,0,72.5,0,,,,,,,,,72.5,0,72.5,0,,
480391,,,,,,,,,,,,,,,,,,,,,
480410,25,25,0,25,0,25,0,25,0,25,0,25,0,25,0,36.9,-0.322,36.9,-0.322,36.9,-0.322
480468,6.6,6.6,0,6.6,0,6.6,0,6.6,0,6.6,0,7.5,-0.12,,,6.6,0,6.8,-0.0294,8,-0.175
480469,13.4,13.4,0,13.4,0,13.4,0,13.4,0,13.4,0,14.9,-0.101,,,,,,,,
480470,21.2,21.2,0,21.2,0,21.2,0,21.2,0,21.2,0,23.5,-0.0979,,,21,0.00952,18.5,0.146,26.8,-0.209
480475,10.7,10.7,0,10.7,0,10.7,0,10.7,0,10.7,0,11.8,-0.0932,,,10.5,0.019,9.5,0.126,13.9,-0.23
480484,,,,,,,,,,,,,,,,,,,,,
480504,11.5,11.5,0,11.5,0,11.5,0,11.5,0,10.2,0.127,,,,,10.2,0.127,10.2,0.127,10.2,0.127
480531,11,11,0,11,0,11,0,11,0,11,0,,,,,10.5,0.0476,10.5,0.0476,10.5,0.0476
480532,11,11,0,11,0,11,0,11,0,11,0,11,0,11,0,10.5,0.0476,10.5,0.0476,10.5,0.0476
480534,,,,,,,,,,,,,,,,,,,,,
480579,15.5,15.5,0,15.5,0,15.5,0,15.5,0,15.5,0,15.5,0,15.5,0,15.5,0,15.5,0,15.5,0
480754,,,,,,,,,,,,,,,,,,,,,
481150,23,23,0,23,0,23,0,23,0,23,0,23,0,23,0,23,0,23,0,23,0
481151,24,24,0,24,0,24,0,24,0,24,0,22.5,0.0667,22.5,0.0667,22.5,0.0667,22.5,0.0667,22.5,0.0667
481556,,,,,,,,,,,,,,,,,,,,,
481807,14,14,0,14,0,14,0,14,0,14,0,14,0,14,0,14,0,14,0,14,0
481823,22.5,22.5,0,22.5,0,22.5,0,22.5,0,22.5,0,22.5,0,22.5,0,22.5,0,22.5,0,22.5,0
481871,,,,,,,,,,,,,,,,,,,,,
481874,31.5,31.5,0,31.5,0,31.5,0,31.5,0,31.5,0,31.5,0,31.5,0,,,35,-0.1,35,-0.1
481882,25,25,0,25,0,25,0,25,0,25,0,25,0,25,0,25,0,28.5,-0.123,28.5,-0.123
481971,,,,,,,,,,,,,,,,,,,,,
482011,14.5,14.5,0,14.5,0,14.5,0,14.5,0,,,,,,,14.5,0,19.7,-0.264,19.7,-0.264
482013,82,82,0,82,0,,,82,0,82,0,82,0,97,-0.155,97,-0.155,115,-0.287,115,-0.287
482057,38,38,0,38,0,38,0,38,0,38,0,38,0,38,0,38,0,38,0,38,0
482058,38,38,0,38,0,,,38,0,38,0,,,,,,,38,0,38,0
482060,59.7,59.7,0,59.7,0,59.7,0,59.7,0,59.7,0,59.7,0,59.7,0,,,,,,
482096,,,,,,,,,,,,,,,,,,,,,
482277,,,,,,,,,,,,,,,,,,,,,
482285,,,,,,,,,,,,,,,,,,,,,
482307,43,43,0,43,0,43,0,,,43,0,43,0,43,0,43,0,43,0,43,0
482315,43,43,0,43,0,43,0,43,0,43,0,43,0,43,0,43,0,43,0,43,0
482323,45,45,0,45,0,45,0,45,0,45,0,45,0,45,0,43,0.0465,43,0.0465,43,0.0465
482340,89.9,89.9,0,89.9,0,89.9,0,89.9,0,89.9,0,89.9,0,89.9,0,89.9,0,89.9,0,92,-0.0228
482537,26,26,0,26,0,26,0,26,0,26,0,26,0,26,0,26,0,26,0,26,0
482540,26,26,0,26,0,26,0,26,0,26,0,26,0,26,0,26,0,26,0,26,0
482790,49.5,49.5,0,49.5,0,49.5,0,49.5,0,56,-0.116,56,-0.116,56,-0.116,56,-0.116,56,-0.116,56,-0.116
482801,6,6,0,,,,,,,6,0,6,0,6,0,6,0,,,,
483011,48.6,48.6,0,,,,,48.6,0,48.6,0,48.6,0,48.6,0,48.6,0,35.5,0.369,80,-0.392
483012,40,40,0,40,0,40,0,40,0,40,0,40,0,40,0,40,0,66,-0.394,66,-0.394
483013,37.3,37.3,0,37.3,0,37.3,0,37.3,0,37.3,0,37.3,0,37.3,0,27.9,0.337,66,-0.435,66,-0.435
483305,33,33,0,33,0,33,0,27.5,0.2,27.5,0.2,27.5,0.2,27.5,0.2,29.9,0.104,29.9,0.104,33.5,-0.0149
483532,54,54,0,54,0,,,54,0,54,0,54,0,54,0,92,-0.413,92,-0.413,92,-0.413
483563,,,,,,,,,,,,,,,,,,,,,
483564,,,,,,,,,,,,,,,,,,,,,
483907,,,,,,,,,,,,,,,,,,,,,
484064,,,,,,,,,,,,,,,,,,,,,
484078,,,,,,,,,,,,,,,,,,,,,
484142,32.9,32.9,0,32.9,0,32.9,0,32.9,0,32.9,0,,,,,,,29,0.134,24.9,0.321
484598,,,,,,,,,,,,,,,,,,,,,
484709,39,39,0,39,0,39,0,39,0,39,0,,,39,0,39,0,39,0,39,0
484717,,,,,,,,,,,,,,,,,,,,,
484733,,,,,,,,,,,,,,,,,,,,,
484741,,,,,,,,,,,,,,,,,,,,,
484776,22,22,0,22,0,22,0,22,0,22,0,22,0,22,0,22,0,22,0,22,0
484911,46.9,46.9,0,46.9,0,46.9,0,46.9,0,46.9,0,46.9,0,46.9,0,46.9,0,46.9,0,46.9,0
485020,55,55,0,55,0,55,0,55,0,55,0,55,0,,,55,0,55,0,55,0
485050,,,,,,,,,,,,,,,,,,,,,
485080,,,,,,,,,,,,,,,,,,,,,
485942,32.9,32.9,0,32.9,0,32.9,0,32.9,0,32.9,0,32.9,0,32.9,0,32.9,0,,,,
486104,,,,,,,,,,,,,,,,,,,,,
486949,15.6,15.6,0,15.6,0,15.6,0,15.6,0,15.6,0,15.6,0,15.6,0,15.6,0,15.6,0,15.6,0
486950,15.6,15.6,0,15.6,0,15.6,0,15.6,0,15.6,0,15.6,0,15.6,0,15.6,0,15.6,0,15.6,0
487031,,,,,,,,,,,,,,,,,,,,,
487066,,,,,,,,,,,,,,,,,,,,,
487082,,,,,,,,,,,,,,,,,,,,,
487578,,,,,,,,,,,,,,,,,,,,,
488240,19,19,0,19,0,19,0,19,0,20.9,-0.0909,20.9,-0.0909,17.9,0.0615,14.9,0.275,16.5,0.152,20.5,-0.0732
488259,19,19,0,19,0,19,0,19,0,20.9,-0.0909,20.9,-0.0909,17.9,0.0615,14.9,0.275,16.5,0.152,20.5,-0.0732
488275,,,,,,,,,,,,,,,,,,,,,
488976,,,,,,,,,,,,,,,,,,,,,
488992,,,,,,,,,,,,,,,,,,,,,
489590,75.5,75.5,0,75.5,0,75.5,0,75.5,0,75.5,0,75.5,0,75.5,0,,,,,,
489794,56,56,0,56,0,56,0,56,0,56,0,56,0,,,56,0,,,,
489930,8,8,0,8,0,8,0,8,0,8,0,8,0,8,0,8,0,7.5,0.0667,7.5,0.0667
490114,,,,,,,,,,,,,,,,,,,,,
490120,,,,,,,,,,,,,,,,,,,,,
490122,,,,,,,,,,,,,,,,,,,,,
490440,,,,,,,,,,,,,,,,,,,,,
490466,48.4,48.4,0,48.4,0,48.4,0,48.4,0,48.4,0,48.4,0,48.4,0,48.4,0,48.4,0,48.4,0
490555,,,,,,,,,,,,,,,,,,,,,
490784,25.5,25.5,0,25.5,0,25.5,0,25.5,0,25.5,0,,,,,,,,,,
491670,,,,,,,,,,,,,,,,,,,,,
491934,5.9,5.9,0,5.9,0,5.9,0,5.9,0,5.9,0,5.9,0,5.9,0,5.9,0,6.5,-0.0923,6.5,-0.0923
492026,13.9,13.9,0,13.9,0,13,0.0692,13,0.0692,13,0.0692,13,0.0692,13,0.0692,13,0.0692,11.5,0.209,14.5,-0.0414
492029,13.9,13.9,0,13.9,0,13.5,0.0296,13.5,0.0296,13.5,0.0296,13.5,0.0296,13.5,0.0296,16.5,-0.158,14.5,-0.0414,,
492031,13.9,13.9,0,13.9,0,13,0.0692,13,0.0692,13,0.0692,,,13,0.0692,13,0.0692,11.5,0.209,14.5,-0.0414
492033,48.4,48.4,0,48.4,0,48.4,0,48.4,0,48.4,0,48.4,0,48.4,0,48.4,0,,,48.4,0
492248,24.9,24.9,0,24.9,0,24.9,0,24.9,0,24.9,0,24.9,0,24.9,0,29.9,-0.167,29.9,-0.167,34.8,-0.284
492337,93.5,93.5,0,93.5,0,,,93.5,0,93.5,0,93.5,0,93.5,0,93.5,0,,,,
492400,32.5,32.5,0,32.5,0,32.5,0,32.5,0,32.5,0,32.5,0,32.5,0,32.5,0,32.5,0,32.5,0
492418,18.5,18.5,0,18.5,0,18.5,0,18.5,0,18.5,0,18.5,0,18.5,0,18.5,0,18.5,0,18.5,0
492426,17.5,17.5,0,17.5,0,17.5,0,17.5,0,17.5,0,17.5,0,,,17.5,0,17.5,0,17.5,0
492515,11.5,11.5,0,11,0.0455,11,0.0455,11,0.0455,11.5,0,9.5,0.211,9.5,0.211,12.3,-0.065,12.3,-0.065,12.3,-0.065
492531,11.5,11.5,0,11,0.0455,11,0.0455,11,0.0455,12.3,-0.065,12.3,-0.065,12.3,-0.065,12.3,-0.065,12.3,-0.065,12.3,-0.065
492532,27.5,27.5,0,27.5,0,27.5,0,27.5,0,27.5,0,27.5,0,27.5,0,27.5,0,27.5,0,27.5,0
492533,43.5,43.5,0,43.5,0,43.5,0,43.5,0,43.5,0,43.5,0,43.5,0,43.5,0,43.5,0,43.5,0
492534,79.9,79.9,0,79.9,0,79.9,0,79.9,0,79.9,0,79.9,0,79.9,0,79.9,0,79.9,0,79.9,0
492538,26,26,0,26,0,26,0,26,0,26,0,26,0,,,26,0,26,0,26,0
492539,26,26,0,26,0,26,0,26,0,26,0,26,0,26,0,26,0,26,0,26,0
492544,21,21,0,21,0,21,0,21,0,21,0,21,0,21,0,21,0,21,0,21,0
492545,21,21,0,21,0,21,0,,,21,0,21,0,21,0,21,0,21,0,21,0
492546,21,21,0,21,0,21,0,21,0,21,0,21,0,21,0,21,0,21,0,21,0
492671,10,10,0,10,0,10,0,10,0,10,0,10,0,10,0,10,0,10,0,10,0
493112,,,,,,,,,,,,,,,,,,,,,
493279,469,469,0,469,0,,,469,0,499,-0.0601,499,-0.0601,499,-0.0601,479,-0.0209,499,-0.0601,525,-0.107
493295,239,239,0,239,0,,,239,0,,,,,,,,,,,,
493414,,,,,,,,,,,,,,,,,,,,,
493694,7.5,7.5,0,7.5,0,7.5,0,7.5,0,7.5,0,7.5,0,7.5,0,7.5,0,7.5,0,7.5,0
493705,49.5,49.5,0,49.5,0,49.5,0,49.5,0,49.5,0,49.5,0,49.5,0,49.5,0,50,-0.01,50,-0.01
493712,23.5,23.5,0,23.5,0,23.5,0,23.5,0,23.5,0,,,,,,,,,,
493716,37.9,37.9,0,37.9,0,37.9,0,37.9,0,37.9,0,37.9,0,37.9,0,37.9,0,37.9,0,37.9,0
493724,8.1,8.1,0,8.1,0,8.1,0,8.1,0,8.1,0,8.1,0,8.1,0,8.1,0,8.1,0,,
494283,18.5,18.5,0,18.5,0,18.9,-0.0212,18.9,-0.0212,,,18.9,-0.0212,,,19.5,-0.0513,,,17.4,0.0632
494345,,,,,,,,,,,,,,,,,,,,,
494348,,,,,,,,,,,,,,,,,,,,,
494356,,,,,,,,,,,,,,,,,,,,,
494585,,,,,,,,,,,,,,,,,,,,,
495177,20,20,0,20,0,20,0,20,0,20,0,21,-0.0476,21,-0.0476,27,-0.259,27,-0.259,27,-0.259
495178,20,20,0,20,0,20,0,20,0,20,0,21,-0.0476,21,-0.0476,27,-0.259,27,-0.259,27,-0.259
495180,35,35,0,35,0,35,0,35,0,35,0,35,0,35,0,35,0,22.5,0.556,22.5,0.556
495181,23.5,23.5,0,23.5,0,23.5,0,23.5,0,23.5,0,,,,,23.5,0,,,,
495183,,,,,,,,,,,,,,,,,,,,,
495573,32.9,32.9,0,32.9,0,32.9,0,32.9,0,32.9,0,32.9,0,32.9,0,32.9,0,,,,
495581,32.9,32.9,0,32.9,0,32.9,0,32.9,0,32.9,0,32.9,0,,,32.9,0,32.9,0,32.9,0
496138,2.1,2.1,0,2.1,0,2.1,0,2.1,0,2.1,0,2.1,0,,,2.1,0,2.1,0,2.1,0
496642,,,,,,,,,,,,,,,,,,,,,
496758,105,105,0,105,0,105,0,105,0,105,0,105,0,105,0,120,-0.125,120,-0.125,128,-0.18
496804,25,25,0,,,,,,,,,,,,,25,0,,,,
497126,17,17,0,17,0,17,0,17,0,,,17,0,17,0,17,0,17,0,17,0
497142,,,,,,,,,,,,,,,,,,,,,
497150,27,27,0,27,0,27,0,27,0,27,0,27,0,27,0,27,0,27,0,27,0
497320,80,80,0,80,0,,,80,0,80,0,80,0,80,0,80,0,78,0.0256,78,0.0256
497339,,,,,,,,,,,,,,,,,,,,,
497800,,,,,,,,,,,,,,,,,,,,,
497877,27.5,27.5,0,25,0.1,25,0.1,25,0.1,22.5,0.222,,,22.5,0.222,24.5,0.122,30.6,-0.101,30.6,-0.101
498250,9.9,9.9,0,9.9,0,9.9,0,9.9,0,19.9,-0.503,,,,,9.9,0,,,,
498750,,,,,,,,,,,,,,,,,,,,,
499331,15.5,15.5,0,15.5,0,15.5,0,14,0.107,14,0.107,14,0.107,14,0.107,14,0.107,14,0.107,14,0.107
499501,206,206,0,206,0,,,206,0,206,0,206,0,206,0,206,0,170,0.212,205,0.00488
500264,,,,,,,,,,,,,,,,,,,,,
500268,49.9,49.9,0,49.9,0,49.9,0,49.9,0,49.9,0,49.9,0,49.9,0,49.9,0,,,,
500281,36.9,34.9,0.0573,34.9,0.0573,34.9,0.0573,34.9,0.0573,34.9,0.0573,34.9,0.0573,34.9,0.0573,34.9,0.0573,,,,
500284,49.9,48.9,0.0204,48.9,0.0204,48.9,0.0204,48.9,0.0204,48.9,0.0204,48.9,0.0204,48.9,0.0204,48.9,0.0204,,,,
500285,52.9,49.9,0.0601,49.9,0.0601,49.9,0.0601,49.9,0.0601,49.9,0.0601,49.9,0.0601,49.9,0.0601,49.9,0.0601,,,,
500286,43.9,41.9,0.0477,41.9,0.0477,41.9,0.0477,41.9,0.0477,,,41.9,0.0477,41.9,0.0477,41.9,0.0477,,,,
500287,,,,,,,,,,,,,,,,,,,,,
500288,35.5,29.9,0.187,29.9,0.187,29.9,0.187,29.9,0.187,29.9,0.187,29.9,0.187,29.9,0.187,29.9,0.187,,,,
500289,,,,,,,,,,,,,,,,,,,,,
500292,49.9,48.9,0.0204,48.9,0.0204,48.9,0.0204,48.9,0.0204,48.9,0.0204,48.9,0.0204,48.9,0.0204,48.9,0.0204,,,,
500293,37.9,35.9,0.0557,35.9,0.0557,35.9,0.0557,35.9,0.0557,35.9,0.0557,35.9,0.0557,35.9,0.0557,35.9,0.0557,,,,
500294,34.9,34.9,0,34.9,0,34.9,0,34.9,0,34.9,0,34.9,0,34.9,0,34.9,0,,,,
500295,,,,,,,,,,,,,,,,,,,,,
500372,,,,,,,,,,,,,,,,,,,,,
500771,6,6,0,6,0,6,0,6,0,6,0,6,0,6,0,6,0,,,,
501510,125,125,0,125,0,125,0,125,0,123,0.0163,126,-0.00398,126,-0.00398,145,-0.138,145,-0.138,145,-0.138
501717,25,25,0,25,0,25,0,,,25,0,25,0,25,0,25,0,25,0,25,0
501718,25,25,0,25,0,25,0,25,0,25,0,25,0,25,0,25,0,25,0,25,0
501775,10.5,10.5,0,10.5,0,10.5,0,10.5,0,10.5,0,12.5,-0.16,12.5,-0.16,12.5,-0.16,12.5,-0.16,12.5,-0.16
501832,,,,,,,,,,,,,,,,,,,,,
502039,,,,,,,,,,,,,,,,,,,,,
502415,949,949,0,949,0,,,949,0,949,0,949,0,949,0,949,0,,,,
502530,53.3,53.3,0,53.3,0,53.3,0,53.3,0,,,53.3,0,53.3,0,53.3,0,,,52,0.025
502605,89,89,0,89,0,89,0,89,0,89,0,89,0,89,0,108,-0.176,108,-0.176,108,-0.176
502620,374,325,0.15,325,0.15,325,0.15,325,0.15,325,0.15,306,0.223,306,0.223,,,382,-0.022,382,-0.022
502630,,,,,,,,,,,,,,,,,,,,,
502638,45,45,0,45,0,45,0,45,0,45,0,45,0,45,0,45,0,45,0,45,0
502640,30.3,30.3,0,30.3,0,30.3,0,30.3,0,30.3,0,30.3,0,30.3,0,30.3,0,30.3,0,,
502648,45,45,0,45,0,45,0,45,0,45,0,45,0,45,0,45,0,45,0,,
502649,30.3,30.3,0,30.3,0,30.3,0,30.3,0,30.3,0,30.3,0,30.3,0,30.3,0,30.3,0,30.3,0
502651,24.5,24.5,0,24.5,0,24.5,0,24.5,0,24.5,0,24.5,0,24.5,0,24.5,0,24.5,0,24.5,0
502672,,,,,,,,,,,,,,,,,,,,,
502740,,,,,,,,,,,,,,,,,,,,,
502952,25,25,0,25,0,25,0,25,0,25,0,25,0,25,0,25,0,25,0,25,0
503681,6.2,6.2,0,6.2,0,6.2,0,6.2,0,6.2,0,6.2,0,6.2,0,6.2,0,6.2,0,6,0.0333
503690,5,5,0,5,0,5,0,,,,,,,,,,,,,,
503720,,,,,,,,,,,,,,,,,,,,,
504270,12,12,0,12,0,12,0,12,0,12,0,12,0,12,0,12,0,12,0,12,0
504396,28.5,28.5,0,28.5,0,28.5,0,28.5,0,28.5,0,28.5,0,28.5,0,34,-0.162,34,-0.162,34,-0.162
504513,75.5,75.5,0,75.5,0,75.5,0,75.5,0,75.5,0,73,0.0342,73,0.0342,84.4,-0.105,84.4,-0.105,84.4,-0.105
504877,24.5,24.5,0,24.5,0,24.5,0,24.5,0,24.5,0,24.5,0,24.5,0,24.5,0,24.5,0,24.5,0
504879,25,25,0,25,0,25,0,25,0,25,0,,,,,,,,,,
505170,,,,,,,,,,,,,,,,,,,,,
505560,,,,,,,,,,,,,,,,,,,,,
505579,11.8,11.8,0,11.8,0,11.8,0,11.8,0,11.8,0,11.8,0,11.8,0,11.8,0,11.8,0,11.8,0
506040,21,20.8,0.00962,20.8,0.00962,20.8,0.00962,20.8,0.00962,,,18.2,0.154,18.2,0.154,17,0.235,22.7,-0.0749,22.7,-0.0749
506082,,,,,,,,,,,,,,,,,,,,,
506982,26.5,26.5,0,26.5,0,26.5,0,26.5,0,26.5,0,26.5,0,29,-0.0862,35,-0.243,35,-0.243,35,-0.243
507033,,,,,,,,,,,,,,,,,,,,,
507034,,,,,,,,,,,,,,,,,,,,,
507040,,,,,,,,,,,,,,,,,,,,,
507046,21,20.8,0.00962,20.8,0.00962,20.8,0.00962,20.8,0.00962,20.8,0.00962,19.4,0.0825,19.4,0.0825,22.7,-0.0749,22.7,-0.0749,22.7,-0.0749
507870,11.5,11.5,0,11.5,0,11.5,0,11.5,0,11.5,0,9.5,0.211,9.5,0.211,11.3,0.0177,11.3,0.0177,11.3,0.0177
507875,11.5,11.5,0,11.5,0,11.5,0,11.5,0,11.5,0,9.5,0.211,9.5,0.211,11.3,0.0177,11.3,0.0177,11.3,0.0177
508144,11,11,0,11,0,11,0,11,0,9.5,0.158,9.5,0.158,9.5,0.158,11.5,-0.0435,11.5,-0.0435,11.5,-0.0435
508225,5.5,5.5,0,5.5,0,5.5,0,5.5,0,5.5,0,5.5,0,5.5,0,7.5,-0.267,7.5,-0.267,7.5,-0.267
508799,21.9,21.9,0,25.9,-0.154,25.9,-0.154,25.9,-0.154,25.9,-0.154,25.9,-0.154,25.9,-0.154,28.5,-0.232,27.9,-0.215,28.9,-0.242
508802,19.9,19.9,0,19.9,0,19.9,0,19.9,0,22.8,-0.127,22.8,-0.127,,,22.5,-0.116,23.9,-0.167,24.9,-0.201
508829,27,27,0,27,0,27,0,21.9,0.233,21.9,0.233,27,0,27,0,29.5,-0.0847,24.9,0.0843,25.9,0.0425
509000,,,,,,,,,,,,,,,,,,,,,
509060,,,,,,,,,,,,,,,,,,,,,
509064,12,12,0,12,0,12,0,12,0,,,12,0,12,0,12,0,12,0,12,0
509083,17,17,0,17,0,17,0,17,0,17,0,17,0,17,0,19,-0.105,17.6,-0.0341,17.4,-0.023
509084,,,,,,,,,,,,,,,,,,,,,
509087,73.4,73.4,0,73.4,0,73.4,0,73.4,0,73.4,0,73.4,0,73.4,0,73.4,0,73.4,0,79,-0.0709
509302,,,,,,,,,,,,,,,,,,,,,
509310,76,76,0,76,0,76,0,70,0.0857,70,0.0857,68.8,0.105,62,0.226,107,-0.292,107,-0.292,85.9,-0.115
510036,63.9,63.9,0,63.9,0,63.9,0,63.9,0,63.9,0,,,,,,,,,63.9,0
510254,,,,,,,,,,,,,,,,,,,,,
510418,16,16,0,,,,,16,0,16,0,13.8,0.159,13.8,0.159,13.5,0.185,,,,
510475,65,65,0,65,0,65,0,65,0,65,0,65,0,,,65,0,,,,
511166,23.5,23.5,0,23.5,0,23.5,0,23.5,0,23.5,0,23.5,0,23.5,0,23.5,0,,,,
511307,19,19,0,19,0,19,0,19,0,20.9,-0.0909,20.9,-0.0909,17.9,0.0615,20.5,-0.0732,16.5,0.152,20.5,-0.0732
511374,110,110,0,110,0,110,0,110,0,,,,,,,,,,,,
511617,25,25,0,25,0,25,0,25,0,69.9,-0.642,49,-0.49,55,-0.545,55,-0.545,55,-0.545,52.9,-0.527
511846,110,110,0,110,0,110,0,110,0,110,0,59,0.863,59,0.863,84.9,0.294,84.9,0.294,,
511870,60.5,60.5,0,60.5,0,60.5,0,60.5,0,60.5,0,60.5,0,60.5,0,60.5,0,60.5,0,60.5,0
511878,,,,,,,,,,,,,,,,,,,,,
513040,19.5,19.5,0,23.5,-0.17,23.5,-0.17,23.5,-0.17,23.5,-0.17,23.5,-0.17,23.5,-0.17,23.5,-0.17,25,-0.22,29.5,-0.339
513105,,,,,,,,,,,,,,,,,,,,,
513130,,,,,,,,,,,,,,,,,,,,,
513148,,,,,,,,,,,,,,,,,,,,,
513155,,,,,,,,,,,,,,,,,,,,,
513440,31.5,31.5,0,39,-0.192,39,-0.192,39,-0.192,39,-0.192,35.3,-0.108,35.3,-0.108,35.3,-0.108,44,-0.284,44.1,-0.286
513458,42,42,0,42,0,42,0,42,0,42,0,38.2,0.0995,38.2,0.0995,38.2,0.0995,47.7,-0.119,48.6,-0.136
513503,34.5,34.5,0,34.5,0,34.5,0,34.5,0,25.5,0.353,25.5,0.353,25.5,0.353,,,,,38,-0.0921
513520,29,29,0,29,0,29,0,29,0,29,0,26.5,0.0943,26.5,0.0943,26.5,0.0943,33,-0.121,35.3,-0.178
513725,234,234,0,234,0,234,0,,,,,,,,,,,,,,
514411,5.2,5.2,0,5.2,0,5.2,0,,,,,5.2,0,,,5.2,0,5.2,0,5.2,0
514817,9.5,9.5,0,9.5,0,,,9.5,0,9.5,0,9.5,0,9.5,0,9.5,0,8.5,0.118,9,0.0556
515036,23.9,23.9,0,23.9,0,23.9,0,23.9,0,23.9,0,23.9,0,,,23.9,0,27,-0.115,31.9,-0.251
515042,,,,,,,,,,,,,,,,,,,,,
515044,,,,,,,,,,,,,,,,,,,,,
515153,7.5,7.5,0,7.5,0,7.5,0,7.5,0,7.5,0,7.5,0,,,7.5,0,7.5,0,7.5,0
516112,21.5,21.5,0,21.5,0,21.5,0,21.5,0,21.5,0,21.5,0,21.5,0,21.5,0,25,-0.14,25,-0.14
516119,53,53,0,53,0,53,0,53,0,53,0,53,0,53,0,53,0,53,0,53,0
516139,9.6,9.6,0,9.6,0,9.6,0,9.6,0,9.6,0,9.6,0,9.6,0,10.5,-0.0857,10.5,-0.0857,10.5,-0.0857
516211,9.5,9.5,0,9.5,0,9.5,0,9.5,0,9.5,0,9.5,0,9.5,0,9.5,0,12.5,-0.24,12.5,-0.24
516236,12.5,12.5,0,12.5,0,12.5,0,12.5,0,12.5,0,12.5,0,12.5,0,11,0.136,11,0.136,11,0.136
516260,,,,,,,,,,,,,,,,,,,,,
516287,4.9,4.9,0,4.9,0,4.9,0,4.9,0,4.9,0,4.9,0,4.9,0,,,4.9,0,4.9,0
516807,25,25,0,25,0,25,0,25,0,25,0,25,0,25,0,,,,,,
517313,15.5,15.5,0,15.5,0,15.5,0,15.5,0,17.5,-0.114,17.5,-0.114,17.5,-0.114,17.5,-0.114,17.5,-0.114,17.5,-0.114
517321,20,20,0,20,0,20,0,20,0,20,0,20,0,23,-0.13,23,-0.13,23,-0.13,23,-0.13
517330,,,,,,,,,,,,,,,,,,,,,
517348,,,,,,,,,,,,,,,,,,,,,
517372,79.9,79.9,0,79.9,0,79.9,0,79.9,0,79.9,0,79.9,0,79.9,0,79.9,0,79.9,0,85.6,-0.0666
517864,,,,,,,,,,,,,,,,,,,,,
517976,,,,,,,,,,,,,,,,,,,,,
518004,25,25,0,25,0,25,0,25,0,25,0,25,0,25,0,,,25,0,25,0
518036,,,,,,,,,,,,,,,,,,,,,
518038,119,119,0,119,0,,,119,0,119,0,119,0,119,0,119,0,119,0,119,0
518039,118,118,0,118,0,,,118,0,118,0,118,0,118,0,,,,,,
518085,,,,,,,,,,,,,,,,,,,,,
518139,,,,,,,,,,,,,,,,,,,,,
518187,21,21,0,21,0,21,0,21,0,21,0,21,0,,,27.5,-0.236,28.9,-0.273,,
518344,28.5,28.5,0,28.5,0,28.5,0,28.5,0,28.5,0,28,0.0179,28,0.0179,39,-0.269,39,-0.269,39,-0.269
518711,12.5,12.5,0,,,,,,,12.5,0,12.5,0,12.5,0,12.5,0,12.5,0,12.5,0
518718,,,,,,,,,,,,,,,,,,,,,
519707,20,20,0,20,0,20,0,20,0,20,0,20,0,20,0,20,0,23.5,-0.149,23.5,-0.149
519731,125,125,0,125,0,,,125,0,125,0,125,0,125,0,125,0,125,0,125,0
519758,158,158,0,158,0,,,158,0,158,0,158,0,158,0,158,0,158,0,158,0
519804,55,55,0,55,0,55,0,55,0,55,0,55,0,,,55,0,55,0,55,0
520300,31.3,31.3,0,31.3,0,31.3,0,31.3,0,31.3,0,31.3,0,31.3,0,31.3,0,31.3,0,,
520302,31.3,31.3,0,31.3,0,31.3,0,31.3,0,,,31.3,0,31.3,0,31.3,0,31.3,0,,
520303,48.7,48.7,0,48.7,0,48.7,0,48.7,0,48.7,0,48.7,0,40,0.218,,,,,,
520304,,,,,,,,,,,,,,,,,,,,,
520305,48.7,48.7,0,48.7,0,48.7,0,48.7,0,48.7,0,48.7,0,40,0.218,,,48.7,0,37,0.316
520310,39.9,39.9,0,39.9,0,39.9,0,39.9,0,39.9,0,39.9,0,39.9,0,27.9,0.43,40,-0.0025,39.9,0
520314,19,19,0,19,0,19,0,19,0,19,0,19,0,19,0,19,0,19,0,19,0
520315,34.4,34.4,0,34.4,0,34.4,0,34.4,0,34.4,0,34.4,0,34.4,0,34.4,0,34.4,0,34.4,0
520316,,,,,,,,,,,,,,,,,,,,,
520317,,,,,,,,,,,,,,,,,,,,,
520318,,,,,,,,,,,,,,,,,,,,,
520320,13.2,13.2,0,13.2,0,13.2,0,13.2,0,13.2,0,13.2,0,13.2,0,13.2,0,13.2,0,13.2,0
520322,,,,,,,,,,,,,,,,,,,,,
520324,26.5,26.5,0,26.5,0,26.5,0,26.5,0,26.5,0,26.5,0,26.5,0,26.5,0,26.5,0,26.5,0
520343,,,,,,,,,,,,,,,,,,,,,
520370,,,,,,,,,,,,,,,,,,,,,
520374,30.8,30.8,0,30.8,0,30.8,0,28.6,0.0769,28.6,0.0769,25.7,0.198,23,0.339,42.4,-0.274,42.4,-0.274,42.4,-0.274
520829,,,,,,,,,,,,,,,,,,,,,
521302,31.2,31.2,0,31.2,0,31.2,0,31.2,0,31.2,0,31.2,0,31.2,0,31.2,0,31.2,0,31.2,0
521353,72.2,72.2,0,72.2,0,72.2,0,72.2,0,72.2,0,72.2,0,72.2,0,72.2,0,72.2,0,72.2,0
521663,93,93,0,,,93,0,93,0,93,0,93,0,93,0,93,0,93,0,88.6,0.0497
521950,41.3,41.3,0,41.3,0,41.3,0,41.3,0,41.3,0,38.3,0.0783,38.3,0.0783,30,0.377,,,,
522007,69.9,69.9,0,69.9,0,,,69.9,0,69.9,0,69.9,0,69.9,0,82,-0.148,88,-0.206,88,-0.206
522449,,,,,,,,,,,,,,,,,,,,,
522538,7.5,7.5,0,7.5,0,7.5,0,7.5,0,7.5,0,7.5,0,7.5,0,6.7,0.119,6.7,0.119,6.7,0.119
522546,20,20,0,20,0,20,0,20,0,20,0,20,0,20,0,16.5,0.212,16.5,0.212,16.5,0.212
522562,10.9,10.9,0,10.9,0,10.9,0,10.9,0,10.9,0,9.5,0.147,9.5,0.147,9.5,0.147,9.5,0.147,9.5,0.147
522600,10.9,10.9,0,10.9,0,10.9,0,10.9,0,10.9,0,10,0.09,10,0.09,10,0.09,10,0.09,10,0.09
523879,23.9,23.9,0,23.9,0,23.9,0,23,0.0391,23,0.0391,23,0.0391,20.9,0.144,20.9,0.144,25.9,-0.0772,30.9,-0.227
524050,317,317,0,317,0,317,0,294,0.0776,294,0.0776,272,0.163,244,0.299,332,-0.0464,332,-0.0464,,
524150,50,50,0,50,0,50,0,50,0,50,0,50,0,50,0,50,0,50,0,50,0
524387,56.9,56.9,0,56.9,0,56.9,0,56.9,0,56.9,0,56.9,0,56.9,0,56.9,0,56.9,0,56.9,0
524441,,,,,,,,,,,,,,,,,,,,,
524824,18,18,0,18,0,18,0,18,0,18,0,18,0,18,0,18,0,18,0,,
525464,31,31,0,31,0,31,0,31,0,31,0,31,0,31,0,26.5,0.17,30,0.0333,30,0.0333
525847,24,24,0,24,0,24,0,24,0,24,0,24,0,24,0,24,0,24,0,,
527700,125,125,0,125,0,,,114,0.0965,114,0.0965,114,0.0965,114,0.0965,114,0.0965,150,-0.167,175,-0.286
527718,125,125,0,125,0,,,119,0.0504,119,0.0504,119,0.0504,119,0.0504,119,0.0504,,,175,-0.286
527726,225,225,0,225,0,,,209,0.0766,209,0.0766,,,,,,,,,,
528005,,,,,,,,,,,,,,,,,,,,,
528130,,,,,,,,,,,,,,,,,,,,,
528463,,,,,,,,,,,,,,,,,,,,,
528510,11,11,0,11,0,11,0,8,0.375,8,0.375,8,0.375,8,0.375,8,0.375,8,0.375,8,0.375
528544,9,9,0,9,0,9,0,7,0.286,7,0.286,7,0.286,7,0.286,7,0.286,7,0.286,7,0.286
528609,8,8,0,8,0,8,0,8,0,8,0,8,0,8,0,7.5,0.0667,,,,
530110,24,24,0,24,0,24,0,24,0,24,0,24,0,24,0,24,0,24,0,24,0
530111,24,24,0,24,0,24,0,24,0,24,0,24,0,24,0,24,0,24,0,24,0
530113,24,24,0,24,0,24,0,24,0,24,0,24,0,24,0,24,0,24,0,24,0
530251,21.5,21.5,0,21.5,0,21.5,0,21.5,0,21.5,0,,,,,22.8,-0.057,22.8,-0.057,,
530252,33.5,33.5,0,33.5,0,33.5,0,33.5,0,33.5,0,33.5,0,42,-0.202,42,-0.202,36,-0.0694,36,-0.0694
530621,,,,,,,,,,,,,,,,,,,,,
530831,8,8,0,8,0,8,0,8,0,8,0,8,0,8,0,,,,,,
530834,,,,,,,,,,,,,,,,,,,,,
530905,,,,,,,,,,,,,,,,,,,,,
530948,,,,,,,,,,,,,,,,,,,,,
532886,,,,,,,,,,,,,,,,,,,,,
533098,96,96,0,96,0,,,,,,,,,,,,,,,96,0
533530,76.5,76.5,0,98,-0.219,98,-0.219,80.8,-0.0532,,,,,,,,,,,,
534250,66,66,0,66,0,66,0,66,0,,,,,,,,,,,,
534285,,,,,,,,,,,,,,,,,,,,,
534609,22,22,0,,,,,,,,,,,22,0,22,0,,,,
534617,,,,,,,,,,,,,,,,,,,,,
534625,,,,,,,,,,,,,,,,,,,,,
534633,,,,,,,,,,,,,,,,,,,,,
534641,21.5,21.5,0,,,,,,,21.5,0,21.5,0,21.5,0,21.5,0,16,0.344,16,0.344
534668,15,15,0,,,,,,,,,,,15,0,15,0,,,,
534714,9.5,9.5,0,9.5,0,9.5,0,9.5,0,9.5,0,9.5,0,9.5,0,9.5,0,8,0.188,8,0.188
534994,,,,,,,,,,,,,,,,,,,,,
535216,,,,,,,,,,,,,,,,,,,,,
536210,23.5,23.5,0,23.5,0,23.5,0,23.5,0,23.5,0,23.5,0,19.9,0.181,22,0.0682,22,0.0682,,
536849,19.3,19.3,0,19.3,0,19.3,0,19.3,0,19.3,0,17.9,0.0782,17.9,0.0782,25.6,-0.246,25.6,-0.246,25.6,-0.246
537012,,,,,,,,,,,,,,,,,,,,,
537020,,,,,,,,,,,,,,,,,,,,,
537438,,,,,,,,,,,,,,,,,,,,,
537470,10.5,10.5,0,10.5,0,10.5,0,10.5,0,10.5,0,10.5,0,10.5,0,10.5,0,10.5,0,10.5,0
537803,31.5,31.5,0,31.5,0,31.5,0,31.5,0,33.6,-0.0625,30.6,0.0294,30.6,0.0294,30.6,0.0294,37,-0.149,36.9,-0.146
538221,27.5,27.5,0,27.5,0,27.5,0,27.5,0,27.5,0,27.5,0,27.5,0,27.5,0,27.5,0,27.5,0
539198,138,138,0,138,0,,,,,,,,,,,138,0,138,0,129,0.0704
539244,130,130,0,130,0,,,,,,,,,,,130,0,130,0,121,0.0701
539252,129,129,0,129,0,,,,,,,,,,,129,0,129,0,120,0.0699
539260,193,193,0,193,0,,,,,,,,,,,193,0,193,0,180,0.0693
539708,,,,,,,,,,,,,,,,,,,,,
539805,,,,,,,,,,,,,,,,,,,,,
539813,,,,,,,,,,,,,,,,,,,,,
539821,,,,,,,,,,,,,,,,,,,,,
539856,33.1,33.1,0,33.1,0,33.1,0,33.1,0,33.1,0,33.1,0,33.1,0,33.1,0,33.1,0,33.1,0
540161,72.2,72.2,0,72.2,0,72.2,0,72.2,0,72.2,0,72.2,0,72.2,0,72.2,0,72.2,0,72.2,0
540196,63.3,63.3,0,63.3,0,63.3,0,63.3,0,63.3,0,63.3,0,,,,,,,,
540250,13.5,13.5,0,13.5,0,13.5,0,13.5,0,13.5,0,11.8,0.144,11.8,0.144,10.9,0.239,15.4,-0.123,15.4,-0.123
540269,13.5,13.5,0,13.5,0,13.5,0,13.5,0,13.5,0,11.8,0.144,11.8,0.144,,,14.5,-0.069,15.4,-0.123
540439,20.5,20.5,0,20.5,0,20.5,0,20.5,0,20.5,0,20.5,0,20.5,0,28.1,-0.27,28.1,-0.27,28.1,-0.27
540455,25.9,25.9,0,24,0.0792,24,0.0792,24,0.0792,25.5,0.0157,23.5,0.102,23.5,0.102,22.9,0.131,28.9,-0.104,30.6,-0.154
540463,24,24,0,22.5,0.0667,22.5,0.0667,22.5,0.0667,20,0.2,20,0.2,20,0.2,21.9,0.0959,27.9,-0.14,29.4,-0.184
540471,,,,,,,,,,,,,,,,,,,,,
540480,,,,,,,,,,,,,,,,,,,,,
540498,53.9,53.9,0,53.9,0,53.9,0,53.9,0,43.5,0.239,44.9,0.2,44.9,0.2,58.7,-0.0818,58.7,-0.0818,58.7,-0.0818
540501,50,50,0,48.9,0.0225,48.9,0.0225,48.9,0.0225,40,0.25,41.9,0.193,41.9,0.193,,,56.1,-0.109,56.1,-0.109
540528,30,30,0,29,0.0345,29,0.0345,29,0.0345,26.9,0.115,27.9,0.0753,27.9,0.0753,42.5,-0.294,42.5,-0.294,42.5,-0.294
540544,24.5,24.5,0,23,0.0652,23,0.0652,23,0.0652,20,0.225,20.9,0.172,20.9,0.172,28.1,-0.128,28.1,-0.128,28.1,-0.128
540745,24.9,24.9,0,23.5,0.0596,23.5,0.0596,23.5,0.0596,24,0.0375,24,0.0375,24,0.0375,28,-0.111,28,-0.111,28,-0.111
540746,26,26,0,25,0.04,25,0.04,25,0.04,30,-0.133,28,-0.0714,28,-0.0714,28.1,-0.0747,28.1,-0.0747,28.1,-0.0747
540749,10.5,10.5,0,10.5,0,10.5,0,10.5,0,10.5,0,8.8,0.193,,,7.5,0.4,,,11.5,-0.087
540757,10.5,10.5,0,10.5,0,10.5,0,10.5,0,10.5,0,,,8.8,0.193,,,10.5,0,11.5,-0.087
540765,13.5,13.5,0,13.5,0,13.5,0,,,,,,,,,,,,,20.5,-0.341
540900,12.5,12.5,0,12.5,0,12.5,0,12.5,0,12.5,0,11.9,0.0504,11.9,0.0504,17,-0.265,17,-0.265,17,-0.265
540919,58.9,58.9,0,58.9,0,,,,,58.9,0,57.9,0.0173,57.9,0.0173,84,-0.299,82.5,-0.286,82.5,-0.286
540927,11.2,11.2,0,11.2,0,11.2,0,11.2,0,11.2,0,10.5,0.0667,10.5,0.0667,,,15.8,-0.291,15.8,-0.291
540932,42.5,42.5,0,,,,,,,42.5,0,,,,,42.5,0,42.5,0,,
540933,26.5,26.5,0,26.5,0,26.5,0,26.5,0,26.5,0,,,,,,,,,,
540935,54.9,54.9,0,54.9,0,54.9,0,54.9,0,54.9,0,52.9,0.0378,,,74,-0.258,75.9,-0.277,75.9,-0.277
540951,,,,,,,,,,,,,,,,,,,,,
541079,13.5,13.5,0,13.5,0,13.5,0,13.5,0,13.5,0,11.8,0.144,11.8,0.144,,,,,,
541087,,,,,,,,,,,,,,,,,,,,,
541223,11.7,11.7,0,11.7,0,11.7,0,11.7,0,11.7,0,,,,,11.7,0,11.7,0,11.7,0
542112,,,,,,,,,,,,,,,,,,,,,
542115,,,,,,,,,,,,,,,,,,,,,
542116,134,134,0,134,0,134,0,134,0,134,0,,,,,134,0,134,0,134,0
542210,,,,,,,,,,,,,,,,,,,,,
542246,13.5,13.5,0,13.5,0,13.5,0,13.5,0,13.5,0,13.5,0,13.5,0,13.5,0,13.5,0,13.5,0
542288,15.9,15.9,0,15.9,0,15.9,0,15.9,0,,,,,,,16.5,-0.0364,16.5,-0.0364,16.5,-0.0364
542320,40.5,40.5,0,40.5,0,40.5,0,40.5,0,40.5,0,40.5,0,40.5,0,40.5,0,41.5,-0.0241,41.5,-0.0241
543661,68.9,68.9,0,68.9,0,68.9,0,68.9,0,68.9,0,68.9,0,68.9,0,89.3,-0.228,89.3,-0.228,89.3,-0.228
543692,,,,,,,,,,,,,,,,,,,,,
543693,,,,,,,,,,,,,,,,,,,,,
543695,24.8,24.8,0,24.8,0,24.8,0,24.8,0,23.6,0.0508,,,,,,,,,,
544310,,,,,,,,,,,,,,,,,,,,,
544329,52.5,52.5,0,52.5,0,52.5,0,52.5,0,52.5,0,71,-0.261,71,-0.261,71,-0.261,71,-0.261,71,-0.261
544337,95,95,0,95,0,95,0,95,0,95,0,95,0,95,0,95,0,95,0,80.8,0.176
544418,52.5,52.5,0,52.5,0,52.5,0,52.5,0,52.5,0,60,-0.125,60,-0.125,60,-0.125,60,-0.125,71,-0.261
544434,52.5,52.5,0,52.5,0,52.5,0,52.5,0,52.5,0,60,-0.125,60,-0.125,60,-0.125,60,-0.125,71,-0.261
544450,80.7,80.7,0,80.7,0,80.7,0,80.7,0,80.7,0,80.7,0,80.7,0,80.7,0,80.7,0,80.8,-0.00124
544477,50,50,0,50,0,50,0,50,0,50,0,50,0,50,0,50,0,,,,
544493,61.3,61.3,0,61.3,0,61.3,0,61.3,0,61.3,0,83,-0.261,83,-0.261,83,-0.261,83,-0.261,83,-0.261
544540,6,6,0,6,0,6,0,6,0,6,0,6,0,6,0,6,0,,,5.8,0.0345
544558,4,4,0,4,0,4,0,4,0,,,,,4,0,4,0,3.6,0.111,,
544647,6.5,6.5,0,6.5,0,6.5,0,6.5,0,6.5,0,,,6.5,0,,,6.5,0,6.5,0
544736,59.4,59.4,0,59.4,0,59.4,0,59.4,0,59.4,0,59.4,0,59.4,0,59.4,0,59.4,0,64.5,-0.0791
544752,36.8,36.8,0,36.8,0,36.8,0,36.8,0,36.8,0,36.8,0,36.8,0,36.8,0,36.8,0,40,-0.08
544760,36.8,36.8,0,36.8,0,36.8,0,36.8,0,36.8,0,36.8,0,36.8,0,36.8,0,36.8,0,40,-0.08
545090,19.4,19.4,0,19.4,0,19.4,0,19.4,0,19.4,0,19.4,0,,,19.4,0,19.4,0,18.8,0.0319
545104,23.1,23.1,0,23.1,0,23.1,0,23.1,0,23.1,0,23.1,0,,,23.1,0,23,0.00435,22.5,0.0267
545201,72,72,0,72,0,72,0,72,0,72,0,72,0,72,0,,,,,,
545465,52.5,52.5,0,52.5,0,52.5,0,52.5,0,52.5,0,60,-0.125,60,-0.125,60,-0.125,60,-0.125,71,-0.261
545481,,,,,,,,,,,,,,,,,,,,,
545538,81.3,81.3,0,81.3,0,81.3,0,,,81.3,0,,,,,108,-0.247,108,-0.247,108,-0.247
546020,,,,,,,,,,,,,,,,,,,,,
547719,,,,,,,,,,,,,,,,,,,,,
547743,,,,,,,,,,,,,,,,,,,,,
547751,49.9,49.9,0,49.9,0,49.9,0,49.9,0,49.9,0,49.9,0,49.9,0,49.9,0,49.9,0,,
547778,,,,,,,,,,,,,,,,,,,,,
547999,69,69,0,69,0,69,0,69,0,69,0,69,0,69,0,69,0,,,,
549516,,,,,,,,,,,,,,,,,,,,,
550002,,,,,,,,,,,,,,,,,,,,,
550004,,,,,,,,,,,,,,,,,,,,,
550005,,,,,,,,,,,,,,,,,,,,,
550007,75,75,0,75,0,,,75,0,75,0,75,0,75,0,75,0,130,-0.423,130,-0.423
550009,104,104,0,104,0,104,0,104,0,,,,,,,,,104,0,104,0
550013,,,,,,,,,,,,,,,,,,,,,
550015,,,,,,,,,,,,,,,,,,,,,
550016,,,,,,,,,,,,,,,,,,,,,
550022,,,,,,,,,,,,,,,,,,,,,
550026,,,,,,,,,,,,,,,,,,,,,
550029,12.5,12.5,0,12.5,0,12.5,0,12.5,0,12.5,0,12.5,0,12.5,0,12.5,0,12.5,0,12.5,0
550065,,,,,,,,,,,,,,,,,,,,,
550069,20,20,0,20,0,20,0,18,0.111,18,0.111,20,0,20,0,20,0,20,0,20,0
550070,20,20,0,20,0,20,0,20,0,20,0,20,0,20,0,20,0,20,0,20,0
550073,,,,,,,,,,,,,,,,,,,,,
550074,,,,,,,,,,,,,,,,,,,,,
550084,23.5,23.5,0,23.5,0,23.5,0,23.5,0,,,22.9,0.0262,22.9,0.0262,24.5,-0.0408,24.5,-0.0408,24.5,-0.0408
550085,23.5,23.5,0,23.5,0,23.5,0,23.5,0,22.9,0.0262,22.9,0.0262,22.9,0.0262,24.5,-0.0408,24.5,-0.0408,24.5,-0.0408
550087,19.5,19.5,0,19.5,0,19.5,0,19.5,0,19.5,0,19.5,0,19.5,0,19.5,0,19.5,0,19.5,0
550088,,,,,,,,,,,,,,,,,,,,,
550089,,,,,,,,,,,,,,,,,,,,,
550090,285,285,0,285,0,,,229,0.245,229,0.245,229,0.245,229,0.245,229,0.245,399,-0.286,399,-0.286
550091,559,559,0,559,0,,,445,0.256,445,0.256,445,0.256,445,0.256,,,435,0.285,619,-0.0969
550092,,,,,,,,,,,,,,,,,,,,,
550093,259,259,0,259,0,,,215,0.205,215,0.205,215,0.205,215,0.205,215,0.205,349,-0.258,349,-0.258
550095,,,,,,,,,,,,,,,,,,,,,
550097,,,,,,,,,,,,,,,,,,,,,
550100,569,569,0,569,0,,,569,0,569,0,569,0,569,0,569,0,,,,
550101,52,52,0,52,0,52,0,,,,,,,,,,,,,57.5,-0.0957
550102,,,,,,,,,,,,,,,,,,,,,
550104,8,8,0,8,0,8,0,8,0,8,0,8,0,8,0,8,0,6.9,0.159,8,0
550105,18.5,18.5,0,18.5,0,18.5,0,18.5,0,18.5,0,18.5,0,18.5,0,18.5,0,,,,
550109,26.9,26.9,0,26.9,0,26.9,0,26.9,0,26.9,0,26.9,0,26.9,0,26.9,0,26.9,0,26.9,0
550110,37.9,37.9,0,37.9,0,37.9,0,37.9,0,37.9,0,37.9,0,37.9,0,37.9,0,37.9,0,37.9,0
550111,26.9,26.9,0,26.9,0,26.9,0,26.9,0,26.9,0,26.9,0,26.9,0,26.9,0,26.9,0,26.9,0
550180,37.9,37.9,0,37.9,0,37.9,0,37.9,0,37.9,0,37.9,0,37.9,0,37.9,0,37.9,0,37.9,0
550182,10,10,0,10,0,,,10,0,10,0,,,,,,,,,,
550185,,,,,,,,,,,,,,,,,,,,,
550187,,,,,,,,,,,,,,,,,,,,,
550268,38.5,38.5,0,38.5,0,38.5,0,38.5,0,38.5,0,38.5,0,38.5,0,38.5,0,38.5,0,38.5,0
550270,,,,,,,,,,,,,,,,,,,,,
550274,,,,,,,,,,,,,,,,,,,,,
550276,11,11,0,11,0,11,0,11,0,11,0,11,0,11,0,11.5,-0.0435,10.5,0.0476,13,-0.154
550277,11,11,0,11,0,11,0,11,0,11,0,11,0,11,0,11.5,-0.0435,10.5,0.0476,13,-0.154
550278,36,36,0,36,0,36,0,36,0,,,,,,,,,,,,
550282,51.5,51.5,0,51.5,0,51.5,0,51.5,0,,,,,,,,,,,,
550283,43.5,43.5,0,43.5,0,43.5,0,43.5,0,,,,,,,,,,,,
550290,,,,,,,,,,,,,,,,,,,,,
550293,,,,,,,,,,,,,,,,,,,,,
550297,63.5,63.5,0,63.5,0,63.5,0,,,63.5,0,70,-0.0929,70,-0.0929,70,-0.0929,76.5,-0.17,76.5,-0.17
550299,,,,,,,,,,,,,,,,,,,,,
550307,,,,,,,,,,,,,,,,,,,,,
550308,35,35,0,35,0,,,35,0,35,0,33.5,0.0448,33.5,0.0448,33.5,0.0448,29.5,0.186,33.5,0.0448
550309,35,35,0,35,0,,,35,0,35,0,33.5,0.0448,33.5,0.0448,33.5,0.0448,33.5,0.0448,33.5,0.0448
550311,,,,,,,,,,,,,,,,,,,,,
550312,18.5,18.5,0,18.5,0,,,18.5,0,18.5,0,18.5,0,18.5,0,18.5,0,18.5,0,16.9,0.0947
550313,,,,,,,,,,,,,,,,,,,,,
550314,102,102,0,102,0,,,102,0,102,0,97.5,0.0513,97.5,0.0513,97.5,0.0513,97.5,0.0513,97.5,0.0513
550315,102,102,0,102,0,,,102,0,102,0,97.5,0.0513,97.5,0.0513,97.5,0.0513,97.5,0.0513,97.5,0.0513
550316,97.5,97.5,0,97.5,0,,,97.5,0,97.5,0,97.5,0,97.5,0,97.5,0,97.5,0,71,0.373
550317,125,125,0,125,0,,,125,0,125,0,120,0.0417,120,0.0417,120,0.0417,120,0.0417,120,0.0417
550318,55,55,0,55,0,,,55,0,55,0,52.5,0.0476,52.5,0.0476,52.5,0.0476,52.5,0.0476,52.5,0.0476
550319,62.5,62.5,0,62.5,0,,,62.5,0,62.5,0,62.5,0,62.5,0,62.5,0,,,,
550320,,,,,,,,,,,,,,,,,,,,,
550324,,,,,,,,,,,,,,,,,,,,,
550341,349,349,0,349,0,,,269,0.297,269,0.297,350,-0.00286,350,-0.00286,,,,,,
550342,,,,,,,,,,,,,,,,,,,,,
550343,28,28,0,28,0,28,0,28,0,28,0,28,0,28,0,28,0,28,0,,
550344,27,27,0,27,0,27,0,27,0,27,0,27,0,27,0,27,0,27,0,27,0
550348,41.5,41.5,0,41.5,0,41.5,0,41.5,0,41.5,0,41.5,0,41.5,0,41.5,0,41.5,0,41.5,0
550349,45,45,0,45,0,45,0,40,0.125,40,0.125,40,0.125,,,40,0.125,40,0.125,40,0.125
550350,40.5,40.5,0,40.5,0,40.5,0,40.5,0,40.5,0,40.5,0,40.5,0,40.5,0,40.5,0,40.5,0
550351,45,45,0,45,0,45,0,45,0,45,0,45,0,45,0,45,0,45,0,45,0
550355,148,148,0,148,0,,,148,0,148,0,148,0,148,0,148,0,138,0.0727,138,0.0727
550356,81,81,0,81,0,,,81,0,81,0,81,0,81,0,81,0,,,64.9,0.248
550357,78.5,78.5,0,78.5,0,,,78.5,0,78.5,0,78.5,0,78.5,0,78.5,0,68.5,0.146,68.5,0.146
550358,62.5,62.5,0,62.5,0,,,62.5,0,62.5,0,62.5,0,62.5,0,62.5,0,,,,
550359,37.5,37.5,0,37.5,0,,,37.5,0,37.5,0,37.5,0,37.5,0,37.5,0,34.5,0.087,35,0.0714
550360,,,,,,,,,,,,,,,,,,,,,
550375,,,,,,,,,,,,,,,,,,,,,
550376,,,,,,,,,,,,,,,,,,,,,
550377,21,21,0,21,0,21,0,21,0,21,0,27.5,-0.236,27.5,-0.236,22.5,-0.0667,27.5,-0.236,27.5,-0.236
550378,21,21,0,21,0,21,0,21,0,21,0,27.5,-0.236,27.5,-0.236,22.5,-0.0667,27.5,-0.236,27.5,-0.236
550379,,,,,,,,,,,,,,,,,,,,,
550381,22,22,0,22,0,22,0,22,0,22,0,22,0,22,0,22,0,22,0,20.5,0.0732
550382,,,,,,,,,,,,,,,,,,,,,
550383,,,,,,,,,,,,,,,,,,,,,
550390,,,,,,,,,,,,,,,,,,,,,
550392,13.5,13.5,0,13.5,0,14,-0.0357,14,-0.0357,14,-0.0357,14,-0.0357,14,-0.0357,14,-0.0357,10.5,0.286,13,0.0385
550393,13.5,13.5,0,13.5,0,14,-0.0357,14,-0.0357,14,-0.0357,14,-0.0357,14,-0.0357,14,-0.0357,10.5,0.286,13,0.0385
550394,49.5,49.5,0,49.5,0,49.5,0,49.5,0,49.5,0,49.5,0,49.5,0,49.5,0,49.5,0,41.5,0.193
550395,56,56,0,56,0,,,56,0,,,56,0,56,0,,,52.5,0.0667,52.5,0.0667
550397,,,,,,,,,,,,,,,,,,,,,
550398,,,,,,,,,,,,,,,,,,,,,
550404,6,6,0,5,0.2,5,0.2,5,0.2,4,0.5,4,0.5,4,0.5,7,-0.143,7,-0.143,7,-0.143
550405,34.9,34.9,0,34.5,0.0116,34.5,0.0116,34.5,0.0116,30,0.163,30,0.163,30,0.163,34.9,0,34.9,0,34.9,0
550408,,,,,,,,,,,,,,,,,,,,,
550409,,,,,,,,,,,,,,,,,,,,,
550410,,,,,,,,,,,,,,,,,,,,,
550411,27.5,27.5,0,27.5,0,,,27.5,0,27.5,0,27.5,0,27.5,0,,,21.9,0.256,23.5,0.17
550412,30,30,0,30,0,,,30,0,30,0,30,0,30,0,,,,,,
550414,6,6,0,6,0,6,0,6,0,6,0,5.8,0.0345,5.8,0.0345,5.8,0.0345,5.8,0.0345,5.8,0.0345
550415,14,14,0,14,0,14,0,14,0,11.5,0.217,11.5,0.217,11.5,0.217,11.5,0.217,11.5,0.217,11.5,0.217
550425,152,152,0,152,0,152,0,152,0,152,0,152,0,152,0,139,0.0971,139,0.0971,77.5,0.968
550430,,,,,,,,,,,,,,,,,,,,,
550431,79.5,79.5,0,79.5,0,79.5,0,79.5,0,79.5,0,,,,,,,,,,
550432,,,,,,,,,,,,,,,,,,,,,
550433,113,113,0,113,0,113,0,113,0,113,0,113,0,113,0,92.5,0.222,92.5,0.222,89.5,0.263
550436,33.5,33.5,0,33.5,0,33.5,0,32.5,0.0308,32.5,0.0308,32.5,0.0308,32.5,0.0308,,,,,19.5,0.718
550437,,,,,,,,,,,,,,,,,,,,,
550438,,,,,,,,,,,,,,,,,,,,,
550439,,,,,,,,,,,,,,,,,,,,,
550445,,,,,,,,,,,,,,,,,,,,,
550446,,,,,,,,,,,,,,,,,,,,,
550447,,,,,,,,,,,,,,,,,,,,,
550452,9.5,9.5,0,9.5,0,9.5,0,9.5,0,,,9.5,0,,,9.5,0,9.5,0,,
550453,,,,,,,,,,,,,,,,,,,,,
550454,,,,,,,,,,,,,,,,,,,,,
550455,,,,,,,,,,,,,,,,,,,,,
550456,,,,,,,,,,,,,,,,,,,,,
550457,,,,,,,,,,,,,,,,,,,,,
550459,25,25,0,25,0,25,0,25,0,25,0,25,0,25,0,,,,,,
550460,,,,,,,,,,,,,,,,,,,,,
550461,97,97,0,97,0,,,97,0,97,0,97,0,97,0,97,0,112,-0.138,112,-0.138
550464,,,,,,,,,,,,,,,,,,,,,
550466,7.5,,,,,,,,,7.5,0,7.5,0,,,7.5,0,7.5,0,7.5,0
550467,6.2,6.2,0,6.2,0,6.2,0,6.2,0,,,6.2,0,,,6.2,0,6.2,0,,
550468,7.5,7.5,0,7.5,0,7.5,0,7.5,0,7.5,0,7.5,0,,,7.5,0,,,,
550470,5,5,0,5,0,5,0,5,0,5,0,5,0,,,5,0,5,0,5,0
550471,,,,,,,,,,,,,,,,,,,,,
550472,,,,,,,,,,,,,,,,,,,,,
550473,52.5,52.5,0,52.5,0,52.5,0,52.5,0,52.5,0,52.5,0,52.5,0,52.5,0,52.5,0,52.5,0
550474,9.3,9.3,0,9.3,0,9.3,0,9.3,0,9.3,0,9.3,0,9.3,0,9.3,0,9.3,0,9.3,0
550475,8.8,8.8,0,8.8,0,8.8,0,8.8,0,8.8,0,8.8,0,8.8,0,8.8,0,8.8,0,8.8,0
550476,15.5,15.5,0,15.5,0,15.5,0,15.5,0,15.5,0,15.5,0,15.5,0,15.5,0,15.5,0,15.5,0
550478,6.2,6.2,0,6.2,0,6.2,0,6.2,0,6.2,0,6.2,0,6.2,0,6.2,0,6.2,0,6.2,0
550481,,,,,,,,,,,,,,,,,,,,,
550482,,,,,,,,,,,,,,,,,,,,,
550490,30,30,0,30,0,30,0,30,0,,,,,30,0,30,0,30,0,30,0
550491,17.5,17.5,0,16.5,0.0606,16.5,0.0606,16.5,0.0606,14,0.25,,,19.9,-0.121,19.4,-0.0979,,,19.4,-0.0979
550492,161,161,0,161,0,,,161,0,161,0,161,0,161,0,241,-0.332,241,-0.332,241,-0.332
550496,,,,,,,,,,,,,,,,,,,,,
550502,,,,,,,,,,,,,,,,,,,,,
550513,15.5,15.5,0,15.5,0,15.5,0,15.5,0,15.5,0,15.5,0,15.5,0,16,-0.0312,16,-0.0312,15.4,0.00649
550514,,,,,,,,,,,,,,,,,,,,,
550516,,,,,,,,,,,,,,,,,,,,,
550517,,,,,,,,,,,,,,,,,,,,,
550519,,,,,,,,,,,,,,,,,,,,,
550533,,,,,,,,,,,,,,,,,,,,,
550534,,,,,,,,,,,,,,,,,,,,,
550535,,,,,,,,,,,,,,,,,,,,,
550536,,,,,,,,,,,,,,,,,,,,,
550546,4.5,4.5,0,5,-0.1,5,-0.1,4,0.125,4,0.125,4,0.125,4,0.125,4,0.125,,,,
550549,,,,,,,,,,,,,,,,,,,,,
550551,,,,,,,,,,,,,,,,,,,,,
550552,,,,,,,,,,,,,,,,,,,,,
550553,,,,,,,,,,,,,,,,,,,,,
550554,,,,,,,,,,,,,,,,,,,,,
550560,106,106,0,106,0,106,0,106,0,106,0,106,0,106,0,126,-0.157,126,-0.157,126,-0.157
550565,,,,,,,,,,,,,,,,,,,,,
550568,6.2,6.2,0,6.2,0,6.2,0,6.2,0,6.2,0,6.2,0,6.2,0,6.2,0,6.2,0,6.2,0
550569,7,7,0,7,0,7,0,7,0,7,0,7,0,7,0,6.2,0.129,6.2,0.129,6.2,0.129
550570,6.9,6.9,0,6.9,0,6.9,0,6.9,0,6.9,0,6.9,0,,,7,-0.0143,6.2,0.113,6.2,0.113
550575,,,,,,,,,,,,,,,,,,,,,
550576,,,,,,,,,,,,,,,,,,,,,
550577,30,30,0,30,0,30,0,30,0,30,0,30,0,30,0,30,0,28.5,0.0526,28.5,0.0526
550578,,,,,,,,,,,,,,,,,,,,,
550579,33.5,33.5,0,33.5,0,33.5,0,33.5,0,33.5,0,33.5,0,33.5,0,33.5,0,32.5,0.0308,32.5,0.0308
550580,33.5,33.5,0,33.5,0,33.5,0,33.5,0,33.5,0,33.5,0,33.5,0,33.5,0,32.5,0.0308,32.5,0.0308
550581,28.5,28.5,0,28.5,0,28.5,0,28.5,0,28.5,0,28.5,0,28.5,0,28.5,0,,,27.5,0.0364
550583,28.5,28.5,0,28.5,0,28.5,0,28.5,0,28.5,0,28.5,0,28.5,0,28.5,0,27.5,0.0364,27.5,0.0364
550584,125,125,0,125,0,125,0,125,0,125,0,125,0,125,0,125,0,125,0,125,0
550588,,,,,,,,,,,,,,,,,,,,,
550589,,,,,,,,,,,,,,,,,,,,,
550590,71.5,71.5,0,71.5,0,71.5,0,71.5,0,71.5,0,71.5,0,57.5,0.243,57.5,0.243,57.5,0.243,,
550595,,,,,,,,,,,,,,,,,,,,,
550596,162,162,0,162,0,162,0,162,0,162,0,162,0,162,0,162,0,162,0,162,0
550597,,,,,,,,,,,,,,,,,,,,,
550600,,,,,,,,,,,,,,,,,,,,,
550603,,,,,,,,,,,,,,,,,,,,,
550604,,,,,,,,,,,,,,,,,,,,,
550607,,,,,,,,,,,,,,,,,,,,,
550609,,,,,,,,,,,,,,,,,,,,,
550610,69.5,69.5,0,69.5,0,69.5,0,69.5,0,69.5,0,69.5,0,69.5,0,69.5,0,69.5,0,79.5,-0.126
550621,,,,,,,,,,,,,,,,,,,,,
550623,24.5,24.5,0,24.5,0,24.5,0,24.5,0,24.5,0,24.5,0,24.5,0,24.5,0,24.5,0,24.5,0
550624,24.5,24.5,0,24.5,0,24.5,0,24.5,0,24.5,0,24.5,0,24.5,0,24.5,0,24.5,0,24.5,0
550625,98,98,0,98,0,98,0,98,0,98,0,98,0,98,0,98,0,98,0,,
550626,112,112,0,112,0,112,0,112,0,112,0,112,0,,,112,0,112,0,112,0
550627,114,114,0,114,0,114,0,114,0,114,0,114,0,114,0,114,0,114,0,114,0
550628,114,114,0,114,0,114,0,114,0,114,0,114,0,114,0,114,0,114,0,114,0
550629,93.5,93.5,0,93.5,0,93.5,0,74.9,0.248,74.9,0.248,93.5,0,93.5,0,93.5,0,93.5,0,93.5,0
550630,38.5,38.5,0,38.5,0,38.5,0,30.9,0.246,30.9,0.246,38.5,0,38.5,0,38.5,0,38.5,0,38.5,0
550632,,,,,,,,,,,,,,,,,,,,,
550634,7,7,0,7,0,7,0,7,0,7,0,7,0,7,0,7,0,7,0,7,0
550636,,,,,,,,,,,,,,,,,,,,,
550642,,,,,,,,,,,,,,,,,,,,,
550643,459,459,0,459,0,,,539,-0.148,539,-0.148,539,-0.148,539,-0.148,539,-0.148,559,-0.179,559,-0.179
550652,35.5,35.5,0,35.5,0,35.5,0,32.5,0.0923,32.5,0.0923,32.5,0.0923,32.5,0.0923,32.5,0.0923,32.5,0.0923,32.5,0.0923
550666,24,24,0,24,0,24,0,24,0,24,0,24,0,24,0,24,0,24,0,24,0
550667,16,16,0,16,0,16,0,16,0,16,0,16,0,16,0,16,0,16,0,16,0
550668,15,15,0,15,0,15,0,15,0,15,0,15,0,15,0,15,0,15,0,15,0
550669,47.5,47.5,0,47.5,0,47.5,0,47.5,0,47.5,0,47.5,0,46.3,0.0259,46.3,0.0259,46.3,0.0259,46.3,0.0259
550670,37.5,37.5,0,37.5,0,37.5,0,37.5,0,37.5,0,37.5,0,36.3,0.0331,36.3,0.0331,36.3,0.0331,36.3,0.0331
550672,28.8,28.8,0,28.8,0,28.8,0,28.8,0,28.8,0,27.5,0.0473,27.5,0.0473,27.5,0.0473,27.5,0.0473,27.5,0.0473
550673,45.6,45.6,0,45.6,0,45.6,0,45.6,0,45.6,0,40,0.14,42.5,0.0729,42.5,0.0729,42.5,0.0729,42.5,0.0729
550674,40,40,0,40,0,40,0,40,0,40,0,40,0,,,37.5,0.0667,37.5,0.0667,37.5,0.0667
550675,40,40,0,40,0,40,0,40,0,40,0,37.5,0.0667,37.5,0.0667,37.5,0.0667,37.5,0.0667,37.5,0.0667
550678,32.5,32.5,0,32.5,0,32.5,0,32.5,0,32.5,0,32.5,0,32.5,0,32.5,0,30,0.0833,30,0.0833
550681,,,,,,,,,,,,,,,,,,,,,
550682,37.5,37.5,0,37.5,0,37.5,0,37.5,0,37.5,0,37.5,0,37.5,0,37.5,0,36,0.0417,36,0.0417
550683,37.5,37.5,0,37.5,0,37.5,0,37.5,0,37.5,0,37.5,0,37.5,0,37.5,0,36,0.0417,36,0.0417
550684,33.5,33.5,0,33.5,0,33.5,0,33.5,0,33.5,0,33.5,0,33.5,0,,,,,,
550685,32.5,32.5,0,32.5,0,32.5,0,32.5,0,32.5,0,32.5,0,32.5,0,32.5,0,,,30,0.0833
550686,15,15,0,15,0,15,0,15,0,15,0,15,0,15,0,15,0,15,0,15,0
550687,15,15,0,15,0,15,0,15,0,15,0,15,0,15,0,15,0,15,0,15,0
550688,,,,,,,,,,,,,,,,,,,,,
550689,,,,,,,,,,,,,,,,,,,,,
550690,,,,,,,,,,,,,,,,,,,,,
550691,,,,,,,,,,,,,,,,,,,,,
550692,,,,,,,,,,,,,,,,,,,,,
550693,,,,,,,,,,,,,,,,,,,,,
550694,7.5,7.5,0,7.5,0,7.5,0,7.5,0,7.5,0,7.5,0,7.5,0,7.5,0,7.5,0,6.9,0.087
550708,,,,,,,,,,,,,,,,,,,,,
550709,11.9,11.9,0,11.9,0,11.9,0,11.9,0,11.9,0,11.9,0,11.9,0,11.9,0,11.9,0,11.9,0
550711,11.9,11.9,0,11.9,0,11.9,0,11.9,0,11.9,0,11.9,0,11.9,0,11.9,0,11.9,0,11.9,0
550732,,,,,,,,,,,,,,,,,,,,,
550735,,,,,,,,,,,,,,,,,,,,,
550738,12.5,12.5,0,12.5,0,12.5,0,12.5,0,12.5,0,12.5,0,12.5,0,12.5,0,12.5,0,12.5,0
550740,,,,,,,,,,,,,,,,,,,,,
550741,43.5,43.5,0,43.5,0,43.5,0,43.5,0,43.5,0,48.5,-0.103,48.5,-0.103,48.5,-0.103,48.5,-0.103,82.2,-0.471
550745,43.5,43.5,0,43.5,0,43.5,0,43.5,0,43.5,0,40.5,0.0741,54,-0.194,54,-0.194,54,-0.194,85.5,-0.491
550746,85,85,0,85,0,85,0,85,0,85,0,85,0,85,0,85,0,85,0,85,0
550749,138,138,0,138,0,,,138,0,138,0,138,0,138,0,138,0,138,0,138,0
550750,96,96,0,96,0,,,96,0,96,0,96,0,96,0,96,0,84.5,0.136,87.5,0.0971
550751,,,,,,,,,,,,,,,,,,,,,
550753,35,35,0,35,0,35,0,35,0,35,0,35,0,35,0,43,-0.186,43,-0.186,43,-0.186
550756,42.5,42.5,0,42.5,0,42.5,0,42.5,0,42.5,0,42.5,0,42.5,0,42.5,0,38.5,0.104,38.5,0.104
550757,,,,,,,,,,,,,,,,,,,,,
550758,,,,,,,,,,,,,,,,,,,,,
550759,,,,,,,,,,,,,,,,,,,,,
550761,,,,,,,,,,,,,,,,,,,,,
550764,12.9,12.9,0,12.9,0,12.9,0,12.9,0,12.9,0,12.2,0.0574,12.2,0.0574,12.2,0.0574,11.5,0.122,11.5,0.122
550766,14,14,0,14,0,14,0,14,0,14,0,14.5,-0.0345,14.5,-0.0345,21,-0.333,21,-0.333,21,-0.333
550767,14,14,0,14,0,14,0,14,0,14,0,14.5,-0.0345,14.5,-0.0345,21,-0.333,21,-0.333,21,-0.333
550768,,,,,,,,,,,,,,,,,,,,,
550770,,,,,,,,,,,,,,,,,,,,,
550773,,,,,,,,,,,,,,,,,,,,,
550777,,,,,,,,,,,,,,,,,,,,,
550781,,,,,,,,,,,,,,,,,,,,,
550782,,,,,,,,,,,,,,,,,,,,,
550783,,,,,,,,,,,,,,,,,,,,,
550788,,,,,,,,,,,,,,,,,,,,,
550790,,,,,,,,,,,,,,,,,,,,,
550799,,,,,,,,,,,,,,,,,,,,,
550800,,,,,,,,,,,,,,,,,,,,,
550801,15.5,15.5,0,15.5,0,15.5,0,14.5,0.069,,,13.5,0.148,11.8,0.314,12,0.292,24.5,-0.367,24.5,-0.367
550803,29.5,29.5,0,29.5,0,29.5,0,29.5,0,29.5,0,29.5,0,29.5,0,29.5,0,43.5,-0.322,43.5,-0.322
550804,29.5,29.5,0,29.5,0,29.5,0,29.5,0,29.5,0,29.5,0,29.5,0,29.5,0,43.5,-0.322,43.5,-0.322
550805,29.5,29.5,0,29.5,0,29.5,0,29.5,0,29.5,0,29.5,0,29.5,0,29.5,0,43.5,-0.322,43.5,-0.322
550806,29.5,29.5,0,29.5,0,29.5,0,29.5,0,29.5,0,29.5,0,29.5,0,29.5,0,43.5,-0.322,43.5,-0.322
550807,29.5,29.5,0,29.5,0,29.5,0,29.5,0,29.5,0,29.5,0,,,29.5,0,43.5,-0.322,43.5,-0.322
550808,67.9,67.9,0,67.9,0,67.9,0,67.9,0,67.9,0,67.9,0,,,67.9,0,67.9,0,66.6,0.0195
550812,5.8,5.8,0,5.8,0,5.8,0,5.8,0,5.8,0,5.8,0,5.8,0,5.8,0,5.8,0,5.8,0
550813,9.5,9.5,0,9.5,0,9.5,0,9.5,0,9.5,0,,,,,,,,,,
550828,,,,,,,,,,,,,,,,,,,,,
550830,,,,,,,,,,,,,,,,,,,,,
550831,124,124,0,124,0,124,0,124,0,124,0,124,0,124,0,124,0,124,0,91,0.363
550832,,,,,,,,,,,,,,,,,,,,,
550834,165,165,0,165,0,165,0,165,0,165,0,165,0,165,0,165,0,165,0,113,0.46
550835,56,56,0,56,0,56,0,56,0,56,0,56,0,56,0,,,,,,
550836,25,25,0,25,0,25,0,25,0,,,,,,,,,,,23.5,0.0638
550837,,,,,,,,,,,,,,,,,,,,,
550838,17,17,0,17,0,17,0,17,0,17,0,17,0,17,0,17,0,17,0,17,0
550839,,,,,,,,,,,,,,,,,,,,,
550840,,,,,,,,,,,,,,,,,,,,,
550842,70.5,70.5,0,70.5,0,70.5,0,70.5,0,70.5,0,,,70.5,0,70.5,0,63,0.119,,
550843,,,,,,,,,,,,,,,,,,,,,
550844,,,,,,,,,,,,,,,,,,,,,
550845,,,,,,,,,,,,,,,,,,,,,
550846,,,,,,,,,,,,,,,,,,,,,
550847,,,,,,,,,,,,,,,,,,,,,
550848,,,,,,,,,,,,,,,,,,,,,
550849,,,,,,,,,,,,,,,,,,,,,
550851,24,24,0,24,0,24,0,24,0,24,0,24,0,24,0,24,0,24,0,24,0
550852,29.5,29.5,0,29.5,0,29.5,0,29.5,0,29.5,0,29.5,0,29.5,0,29.5,0,29.5,0,29.5,0
550853,,,,,,,,,,,,,,,,,,,,,
550855,,,,,,,,,,,,,,,,,,,,,
550856,29.5,29.5,0,29.5,0,29.5,0,29.5,0,29.5,0,29.5,0,29.5,0,29.5,0,29.5,0,29.5,0
550857,,,,,,,,,,,,,,,,,,,,,
550858,,,,,,,,,,,,,,,,,,,,,
550859,,,,,,,,,,,,,,,,,,,,,
550860,,,,,,,,,,,,,,,,,,,,,
550861,,,,,,,,,,,,,,,,,,,,,
550862,,,,,,,,,,,,,,,,,,,,,
550867,,,,,,,,,,,,,,,,,,,,,
550870,7.5,7.5,0,7.5,0,7.5,0,7.5,0,7.5,0,7.5,0,7.5,0,,,,,,
550871,7.5,7.5,0,7.5,0,7.5,0,7.5,0,7.5,0,7.5,0,7.5,0,7.5,0,7.5,0,6.9,0.087
550872,,,,,,,,,,,,,,,,,,,,,
550873,18.8,18.8,0,18.8,0,18.8,0,18.8,0,18.8,0,18.8,0,18.8,0,18.8,0,,,,
550874,15,15,0,15,0,15,0,15,0,15,0,15,0,15,0,15,0,,,,
550875,11,11,0,11,0,11,0,11,0,11,0,11,0,11,0,11,0,11,0,10.5,0.0476
550878,,,,,,,,,,,,,,,,,,,,,
550880,,,,,,,,,,,,,,,,,,,,,
550881,67,67,0,67,0,67,0,67,0,,,,,,,,,,,,
550886,,,,,,,,,,,,,,,,,,,,,
550887,24,24,0,24,0,24,0,24,0,,,24,0,38.3,-0.373,38.3,-0.373,38.3,-0.373,38.3,-0.373
550911,67.5,67.5,0,67.5,0,67.5,0,67.5,0,67.5,0,67.5,0,67.5,0,67.5,0,67.5,0,,
550912,140,140,0,140,0,140,0,140,0,140,0,140,0,140,0,140,0,140,0,131,0.0687
550913,47.9,47.9,0,47.9,0,47.9,0,47.9,0,47.9,0,47.9,0,47.9,0,47.9,0,47.9,0,47.9,0
550915,12.5,12.5,0,12.5,0,12.5,0,12.5,0,12.5,0,12.5,0,12.5,0,12.5,0,12.5,0,12.5,0
550917,,,,,,,,,,,,,,,,,,,,,
550918,,,,,,,,,,,,,,,,,,,,,
550919,16.5,16.5,0,16.5,0,16.5,0,,,16.5,0,16.5,0,16.5,0,16.5,0,16.5,0,16.5,0
550920,,,,,,,,,,,,,,,,,,,,,
550921,,,,,,,,,,,,,,,,,,,,,
550922,,,,,,,,,,,,,,,,,,,,,
550924,,,,,,,,,,,,,,,,,,,,,
550931,55,55,0,55,0,55,0,55,0,55,0,37.5,0.467,37.5,0.467,37.5,0.467,35,0.571,35,0.571
550932,,,,,,,,,,,,,,,,,,,,,
550933,,,,,,,,,,,,,,,,,,,,,
550934,,,,,,,,,,,,,,,,,,,,,
550935,,,,,,,,,,,,,,,,,,,,,
550939,35.9,35.9,0,35.9,0,35.9,0,35.9,0,35.9,0,35.9,0,35.9,0,,,32,0.122,32,0.122
550940,35.9,35.9,0,35.9,0,35.9,0,35.9,0,35.9,0,,,35.9,0,,,36,-0.00278,36,-0.00278
550941,35.9,35.9,0,35.9,0,35.9,0,35.9,0,,,35.9,0,35.9,0,,,36,-0.00278,36,-0.00278
550942,35.9,35.9,0,35.9,0,35.9,0,35.9,0,,,35.9,0,35.9,0,,,36,-0.00278,36,-0.00278
550943,,,,,,,,,,,,,,,,,,,,,
550944,35.9,35.9,0,35.9,0,35.9,0,35.9,0,35.9,0,,,,,,,,,,
550945,37.5,37.5,0,37.5,0,37.5,0,37.5,0,,,,,37.5,0,,,,,,
550946,,,,,,,,,,,,,,,,,,,,,
550947,90,90,0,90,0,90,0,90,0,,,90,0,90,0,90,0,,,90,0
550948,70,70,0,70,0,70,0,70,0,,,70,0,,,70,0,70,0,68.5,0.0219
550949,,,,,,,,,,,,,,,,,,,,,
550950,,,,,,,,,,,,,,,,,,,,,
550951,,,,,,,,,,,,,,,,,,,,,
550952,22,22,0,22,0,22,0,20.5,0.0732,20.5,0.0732,19,0.158,17.5,0.257,28.5,-0.228,26,-0.154,32,-0.312
550959,6,6,0,6,0,6,0,6,0,6,0,,,,,,,6,0,6,0
550966,,,,,,,,,,,,,,,,,,,,,
550967,,,,,,,,,,,,,,,,,,,,,
550970,11.9,11.9,0,11.9,0,11.9,0,11.9,0,11.9,0,11.9,0,11.9,0,11.9,0,11.9,0,11.2,0.0625
550971,15.9,15.9,0,15.9,0,14.5,0.0966,14.5,0.0966,14.5,0.0966,14.5,0.0966,14.5,0.0966,14.5,0.0966,10.9,0.459,12.5,0.272
550972,17,17,0,17,0,17,0,17,0,17,0,17,0,17,0,17,0,17,0,17,0
550974,17,17,0,17,0,17,0,17,0,17,0,17,0,17,0,17,0,17,0,17,0
550975,17,17,0,17,0,17,0,17,0,17,0,17,0,17,0,17,0,17,0,,
550976,17,17,0,17,0,17,0,17,0,17,0,17,0,17,0,17,0,17,0,17,0
550977,10,10,0,10,0,10,0,10,0,10,0,10,0,,,11.1,-0.0991,11.1,-0.0991,11.1,-0.0991
550978,,,,,,,,,,,,,,,,,,,,,
550979,,,,,,,,,,,,,,,,,,,,,
550980,,,,,,,,,,,,,,,,,,,,,
550984,47.5,47.5,0,47.5,0,47.5,0,47.5,0,47.5,0,47.5,0,47.5,0,47.5,0,47.5,0,47.5,0
550985,47.5,47.5,0,47.5,0,47.5,0,47.5,0,47.5,0,47.5,0,47.5,0,47.5,0,47.5,0,47.5,0
550986,43,43,0,43,0,43,0,43,0,43,0,43,0,43,0,43,0,43,0,43,0
550989,118,118,0,118,0,,,118,0,118,0,118,0,118,0,118,0,118,0,118,0
550991,,,,,,,,,,,,,,,,,,,,,
550992,12.5,12.5,0,12.5,0,12.5,0,12.5,0,12.5,0,12.5,0,,,12.5,0,12.5,0,,
550993,15,15,0,15,0,15,0,15,0,,,,,,,15,0,15,0,,
550994,15,15,0,15,0,15,0,15,0,,,,,,,15,0,15,0,,
550995,15.5,15.5,0,15.5,0,15.5,0,15.5,0,15.5,0,15.5,0,15.5,0,15.5,0,15.5,0,,
550996,15.5,15.5,0,15.5,0,15.5,0,15.5,0,15.5,0,15.5,0,,,15.5,0,15.5,0,,
550997,15,15,0,15,0,15,0,15,0,15,0,15,0,,,15,0,15,0,,
550998,13.5,13.5,0,13.5,0,13.5,0,13.5,0,13.5,0,13.5,0,13.5,0,13.5,0,13.5,0,,
550999,13.5,13.5,0,13.5,0,13.5,0,13.5,0,13.5,0,13.5,0,13.5,0,13.5,0,13.5,0,,
551002,19.5,19.5,0,19.5,0,19.5,0,19.5,0,19.5,0,19.5,0,19.5,0,19.5,0,19.5,0,,
551005,55,55,0,55,0,55,0,55,0,55,0,55,0,55,0,,,69.5,-0.209,69.5,-0.209
551006,,,,,,,,,,,,,,,,,,,,,
551008,55,55,0,55,0,55,0,55,0,55,0,55,0,55,0,55,0,69.5,-0.209,69.5,-0.209
551009,55,55,0,55,0,55,0,55,0,55,0,55,0,55,0,55,0,69.5,-0.209,69.5,-0.209
551011,59.5,59.5,0,59.5,0,59.5,0,59.5,0,59.5,0,59.5,0,59.5,0,59.5,0,75,-0.207,75,-0.207
551012,55,55,0,55,0,55,0,55,0,55,0,55,0,55,0,55,0,69.5,-0.209,69.5,-0.209
551013,69.5,69.5,0,69.5,0,69.5,0,69.5,0,,,,,69.5,0,69.5,0,95,-0.268,95,-0.268
551022,165,165,0,165,0,,,165,0,165,0,165,0,165,0,165,0,165,0,165,0
551024,229,229,0,229,0,,,229,0,229,0,229,0,229,0,229,0,229,0,229,0
551025,135,135,0,135,0,,,135,0,135,0,135,0,135,0,135,0,135,0,135,0
551027,165,165,0,165,0,,,165,0,165,0,165,0,165,0,165,0,165,0,165,0
551028,165,165,0,165,0,,,165,0,165,0,165,0,165,0,165,0,165,0,165,0
551029,,,,,,,,,,,,,,,,,,,,,
551030,100,100,0,100,0,,,100,0,100,0,100,0,100,0,100,0,100,0,100,0
551032,100,100,0,100,0,,,100,0,100,0,100,0,100,0,100,0,100,0,100,0
551035,,,,,,,,,,,,,,,,,,,,,
551037,,,,,,,,,,,,,,,,,,,,,
551038,32.5,32.5,0,32.5,0,32.5,0,32.5,0,,,,,25.9,0.255,33,-0.0152,41.8,-0.222,41.8,-0.222
551039,,,,,,,,,,,,,,,,,,,,,
551041,,,,,,,,,,,,,,,,,,,,,
551042,96.5,96.5,0,96.5,0,96.5,0,96.5,0,,,,,,,114,-0.156,114,-0.156,114,-0.156
551043,,,,,,,,,,,,,,,,,,,,,
551048,52.5,52.5,0,52.5,0,,,43.5,0.207,43.5,0.207,52.5,0,45.9,0.144,52.5,0,44.9,0.169,44.9,0.169
551050,13.5,13.5,0,13.5,0,14,-0.0357,14,-0.0357,14,-0.0357,14,-0.0357,14,-0.0357,14,-0.0357,10.5,0.286,13,0.0385
551051,148,148,0,148,0,,,148,0,148,0,148,0,148,0,148,0,,,138,0.0727
551052,,,,,,,,,,,,,,,,,,,,,
551053,215,215,0,215,0,215,0,215,0,215,0,215,0,215,0,215,0,215,0,,
551054,,,,,,,,,,,,,,,,,,,,,
551055,,,,,,,,,,,,,,,,,,,,,
551057,,,,,,,,,,,,,,,,,,,,,
551059,,,,,,,,,,,,,,,,,,,,,
551060,,,,,,,,,,,,,,,,,,,,,
551062,,,,,,,,,,,,,,,,,,,,,
551064,,,,,,,,,,,,,,,,,,,,,
551068,14.9,14.9,0,14.9,0,14.9,0,14.9,0,14.9,0,14.9,0,14.9,0,14.9,0,,,15,-0.00667
551069,,,,,,,,,,,,,,,,,,,,,
551071,,,,,,,,,,,,,,,,,,,,,
551072,,,,,,,,,,,,,,,,,,,,,
551073,,,,,,,,,,,,,,,,,,,,,
551075,,,,,,,,,,,,,,,,,,,,,
551077,,,,,,,,,,,,,,,,,,,,,
551078,,,,,,,,,,,,,,,,,,,,,
551080,3,3,0,3,0,3,0,3,0,3,0,3,0,,,,,,,,
551081,,,,,,,,,,,,,,,,,,,,,
551085,,,,,,,,,,,,,,,,,,,,,
551091,,,,,,,,,,,,,,,,,,,,,
551092,6,6,0,6,0,6,0,6,0,6,0,6,0,6,0,6,0,,,,
551094,15.5,15.5,0,15.5,0,15.5,0,15.5,0,15.5,0,,,,,15.5,0,14.5,0.069,,
551095,11.5,11.5,0,11.5,0,11.5,0,11.5,0,11.5,0,,,,,11.5,0,,,,
551098,,,,,,,,,,,,,,,,,,,,,
551099,89,89,0,89,0,,,89,0,89,0,89,0,89,0,89,0,106,-0.156,106,-0.156
551100,,,,,,,,,,,,,,,,,,,,,
551114,,,,,,,,,,,,,,,,,,,,,
551121,295,295,0,295,0,,,295,0,295,0,295,0,295,0,295,0,429,-0.312,,
551122,320,320,0,320,0,,,320,0,320,0,320,0,320,0,320,0,459,-0.303,459,-0.303
551124,250,250,0,250,0,,,250,0,250,0,250,0,250,0,250,0,355,-0.296,355,-0.296
551126,,,,,,,,,,,,,,,,,,,,,
551128,,,,,,,,,,,,,,,,,,,,,
551129,10.9,10.9,0,10,0.09,10,0.09,10,0.09,10,0.09,9.9,0.101,9.9,0.101,11.1,-0.018,11.1,-0.018,11.1,-0.018
551130,11.5,11.5,0,11,0.0455,11,0.0455,11,0.0455,11,0.0455,10.5,0.0952,10.5,0.0952,,,12,-0.0417,12,-0.0417
551131,11.5,11.5,0,11,0.0455,11,0.0455,11,0.0455,11,0.0455,10.5,0.0952,10.5,0.0952,,,12,-0.0417,12,-0.0417
551132,11.5,11.5,0,,,,,11,0.0455,11,0.0455,10.5,0.0952,10.5,0.0952,,,,,12,-0.0417
551134,41.9,41.9,0,41.9,0,41.9,0,41.9,0,38,0.103,39.5,0.0608,39.5,0.0608,46.6,-0.101,46.6,-0.101,46.6,-0.101
551149,20,20,0,20,0,20,0,20,0,20,0,20,0,20,0,20,0,16,0.25,16,0.25
551150,20,20,0,20,0,20,0,20,0,20,0,20,0,,,20,0,16,0.25,16,0.25
551152,5.1,5.1,0,5.1,0,5.1,0,5.1,0,5.1,0,5.1,0,5.1,0,5.1,0,,,5.1,0
551160,14.9,14.9,0,14.9,0,14.9,0,14.9,0,14.9,0,14.9,0,26.9,-0.446,28.9,-0.484,,,,
551161,,,,,,,,,,,,,,,,,,,,,
551167,37.5,37.5,0,37.5,0,37.5,0,37.5,0,37.5,0,37.5,0,37.5,0,37.5,0,37.5,0,37.5,0
551168,20,20,0,20,0,20,0,20,0,20,0,20,0,20,0,20,0,20,0,20,0
551169,23.5,23.5,0,23.5,0,23.5,0,23.5,0,23.5,0,23.5,0,23.5,0,23.5,0,24,-0.0208,24,-0.0208
551170,,,,,,,,,,,,,,,,,,,,,
551172,,,,,,,,,,,,,,,,,,,,,
551173,,,,,,,,,,,,,,,,,,,,,
551174,,,,,,,,,,,,,,,,,,,,,
551175,,,,,,,,,,,,,,,,,,,,,
551176,,,,,,,,,,,,,,,,,,,,,
551177,35.9,35.9,0,35.9,0,35.9,0,35.9,0,35.9,0,35.9,0,,,,,36,-0.00278,,
551178,17.5,17.5,0,17.5,0,17.5,0,17.5,0,17.5,0,17.5,0,17.5,0,17.5,0,18.7,-0.0642,18.7,-0.0642
551179,18.7,18.7,0,18.7,0,18.7,0,18.7,0,18.7,0,18.7,0,18.7,0,18.7,0,18.7,0,18.7,0
551181,20.5,20.5,0,20.5,0,20.5,0,20.5,0,22,-0.0682,22,-0.0682,22,-0.0682,22,-0.0682,22,-0.0682,22,-0.0682
551182,20.5,20.5,0,20.5,0,20.5,0,20.5,0,20.5,0,20.5,0,20.5,0,20.5,0,22,-0.0682,22,-0.0682
551185,17.5,17.5,0,17.5,0,17.5,0,17.5,0,17.5,0,17.5,0,17.5,0,17.5,0,18.7,-0.0642,18.7,-0.0642
551186,,,,,,,,,,,,,,,,,,,,,
551187,20.5,20.5,0,20.5,0,20.5,0,20.5,0,20.5,0,20.5,0,20.5,0,20.5,0,22,-0.0682,22,-0.0682
551188,24.5,24.5,0,24.5,0,24.5,0,24.5,0,24.5,0,24.5,0,,,24.5,0,24.5,0,24.5,0
551189,6.3,6.3,0,6.3,0,6.3,0,6.3,0,6.3,0,6.3,0,6.3,0,6.3,0,6.3,0,6.3,0
551193,,,,,,,,,,,,,,,,,,,,,
551194,274,274,0,274,0,,,274,0,274,0,274,0,274,0,274,0,274,0,274,0
551195,244,244,0,244,0,,,244,0,244,0,244,0,244,0,244,0,244,0,244,0
551196,174,174,0,174,0,,,174,0,174,0,174,0,174,0,174,0,174,0,174,0
551197,210,210,0,210,0,,,210,0,210,0,210,0,210,0,210,0,210,0,210,0
551200,374,374,0,374,0,,,374,0,374,0,374,0,374,0,374,0,374,0,374,0
551202,168,168,0,168,0,,,168,0,168,0,168,0,168,0,168,0,168,0,168,0
551203,325,325,0,325,0,,,325,0,325,0,325,0,325,0,325,0,325,0,325,0
551204,249,249,0,249,0,,,249,0,249,0,249,0,249,0,249,0,249,0,249,0
551206,174,174,0,174,0,,,174,0,174,0,174,0,174,0,174,0,174,0,174,0
551207,,,,,,,,,,,,,,,,,,,,,
551208,194,194,0,194,0,,,194,0,194,0,194,0,194,0,194,0,194,0,194,0
551209,245,245,0,245,0,,,245,0,245,0,245,0,245,0,245,0,245,0,245,0
551211,174,174,0,174,0,,,174,0,174,0,174,0,174,0,174,0,,,174,0
551213,173,173,0,173,0,,,173,0,173,0,173,0,173,0,173,0,173,0,173,0
551214,,,,,,,,,,,,,,,,,,,,,
551215,,,,,,,,,,,,,,,,,,,,,
551216,285,285,0,285,0,,,285,0,285,0,285,0,285,0,285,0,285,0,285,0
551217,159,159,0,159,0,,,159,0,159,0,159,0,159,0,159,0,159,0,159,0
551219,,,,,,,,,,,,,,,,,,,,,
551220,107,107,0,107,0,,,107,0,107,0,107,0,107,0,,,107,0,107,0
551223,,,,,,,,,,,,,,,,,,,,,
551224,87.5,87.5,0,87.5,0,87.5,0,87.5,0,87.5,0,87.5,0,87.5,0,87.5,0,87.5,0,,
551230,11,11,0,12,-0.0833,12,-0.0833,12,-0.0833,12,-0.0833,12,-0.0833,,,12,-0.0833,13,-0.154,12,-0.0833
551231,,,,,,,,,,,,,,,,,,,,,
551238,38.9,38.9,0,38.9,0,38.9,0,38.9,0,38.9,0,38.9,0,38.9,0,38.9,0,,,,
551242,,,,,,,,,,,,,,,,,,,,,
551246,,,,,,,,,,,,,,,,,,,,,
551251,,,,,,,,,,,,,,,,,,,,,
551281,,,,,,,,,,,,,,,,,,,,,
551282,,,,,,,,,,,,,,,,,,,,,
551284,17,17,0,17,0,,,17,0,17,0,17,0,17,0,17,0,17,0,17,0
551285,17,17,0,17,0,,,17,0,17,0,17,0,17,0,17,0,17,0,17,0
551286,17,17,0,17,0,,,17,0,17,0,17,0,17,0,17,0,17,0,17,0
551288,17,17,0,17,0,,,17,0,17,0,17,0,17,0,17,0,17,0,17,0
551290,179,179,0,179,0,179,0,179,0,,,,,,,,,219,-0.183,219,-0.183
551323,41.5,41.5,0,41.5,0,41.5,0,41.5,0,41.5,0,41.5,0,41.5,0,41.5,0,41.5,0,41.5,0
551328,,,,,,,,,,,,,,,,,,,,,
551329,,,,,,,,,,,,,,,,,,,,,
551330,,,,,,,,,,,,,,,,,,,,,
551331,,,,,,,,,,,,,,,,,,,,,
551332,14.9,14.9,0,14.9,0,14.9,0,14.9,0,13.5,0.104,13.5,0.104,13.5,0.104,17.4,-0.144,17.4,-0.144,17.4,-0.144
551334,,,,,,,,,,,,,,,,,,,,,
551335,,,,,,,,,,,,,,,,,,,,,
551336,84,84,0,84,0,,,69.9,0.202,69.9,0.202,84,0,84,0,108,-0.222,108,-0.222,108,-0.222
551337,84,84,0,84,0,,,84,0,84,0,84,0,84,0,108,-0.222,108,-0.222,,
551338,179,179,0,179,0,,,179,0,179,0,179,0,179,0,249,-0.281,249,-0.281,249,-0.281
551339,179,179,0,179,0,,,179,0,179,0,179,0,179,0,249,-0.281,249,-0.281,249,-0.281
551340,84,84,0,84,0,,,84,0,84,0,84,0,84,0,84,0,108,-0.222,108,-0.222
551342,179,179,0,179,0,,,179,0,179,0,179,0,179,0,249,-0.281,249,-0.281,249,-0.281
551343,179,179,0,179,0,,,179,0,179,0,179,0,179,0,249,-0.281,249,-0.281,249,-0.281
551344,84,84,0,84,0,,,84,0,84,0,84,0,84,0,84,0,108,-0.222,108,-0.222
551346,,,,,,,,,,,,,,,,,,,,,
551349,,,,,,,,,,,,,,,,,,,,,
551352,,,,,,,,,,,,,,,,,,,,,
551356,,,,,,,,,,,,,,,,,,,,,
551357,,,,,,,,,,,,,,,,,,,,,
551358,,,,,,,,,,,,,,,,,,,,,
551359,14,14,0,14,0,14,0,14,0,14,0,14,0,14,0,14,0,14,0,14,0
551360,14,14,0,14,0,14,0,14,0,14,0,14,0,14,0,14,0,14,0,14,0
551367,,,,,,,,,,,,,,,,,,,,,
551379,,,,,,,,,,,,,,,,,,,,,
551380,,,,,,,,,,,,,,,,,,,,,
551381,,,,,,,,,,,,,,,,,,,,,
551382,,,,,,,,,,,,,,,,,,,,,
551385,,,,,,,,,,,,,,,,,,,,,
551386,,,,,,,,,,,,,,,,,,,,,
551394,,,,,,,,,,,,,,,,,,,,,
551396,,,,,,,,,,,,,,,,,,,,,
551397,,,,,,,,,,,,,,,,,,,,,
551405,,,,,,,,,,,,,,,,,,,,,
551407,,,,,,,,,,,,,,,,,,,,,
551409,55,55,0,55,0,55,0,,,55,0,55,0,55,0,55,0,55,0,55,0
551441,,,,,,,,,,,,,,,,,,,,,
551448,,,,,,,,,,,,,,,,,,,,,
551450,,,,,,,,,,,,,,,,,,,,,
551451,17.9,17.9,0,17.9,0,17.9,0,17.9,0,17.9,0,,,17.9,0,17.9,0,17.9,0,17.9,0
551455,,,,,,,,,,,,,,,,,,,,,
551456,14.9,14.9,0,14.9,0,14.9,0,14.9,0,14.9,0,16.9,-0.118,16.9,-0.118,16.9,-0.118,,,16.9,-0.118
551458,14.9,14.9,0,14.9,0,14.9,0,14.9,0,14.9,0,16.9,-0.118,16.9,-0.118,16.9,-0.118,16.8,-0.113,16.9,-0.118
551459,14.9,14.9,0,14.9,0,14.9,0,14.9,0,,,16.8,-0.113,16.8,-0.113,16.8,-0.113,16.8,-0.113,16.9,-0.118
551460,,,,,,,,,,,,,,,,,,,,,
551467,,,,,,,,,,,,,,,,,,,,,
551470,,,,,,,,,,,,,,,,,,,,,
551471,,,,,,,,,,,,,,,,,,,,,
551485,,,,,,,,,,,,,,,,,,,,,
551487,,,,,,,,,,,,,,,,,,,,,
551493,,,,,,,,,,,,,,,,,,,,,
551494,52.5,52.5,0,52.5,0,52.5,0,52.5,0,52.5,0,52.5,0,52.5,0,52.5,0,52.5,0,52.5,0
551495,25,25,0,25,0,25,0,25,0,25,0,25,0,25,0,25,0,28.5,-0.123,28.5,-0.123
551496,,,,,,,,,,,,,,,,,,,,,
551497,,,,,,,,,,,,,,,,,,,,,
551498,50,50,0,50,0,50,0,50,0,50,0,50,0,50,0,50,0,56,-0.107,56,-0.107
551499,21,21,0,21,0,21,0,21,0,21,0,19.5,0.0769,19.5,0.0769,,,19.5,0.0769,18.5,0.135
551500,21.5,21.5,0,21.5,0,21.5,0,21.5,0,21.5,0,21.5,0,21.5,0,21.5,0,,,18.5,0.162
551501,19.5,19.5,0,19.5,0,19.5,0,19.5,0,19.5,0,19.5,0,19.5,0,19.5,0,19.5,0,18.5,0.0541
551502,150,150,0,150,0,,,150,0,150,0,150,0,150,0,150,0,138,0.0909,138,0.0909
551510,81.5,81.5,0,81.5,0,81.5,0,81.5,0,,,,,,,,,,,,
551512,,,,,,,,,,,,,,,,,,,,,
551513,,,,,,,,,,,,,,,,,,,,,
551514,,,,,,,,,,,,,,,,,,,,,
551515,,,,,,,,,,,,,,,,,,,,,
551516,,,,,,,,,,,,,,,,,,,,,
551523,38,38,0,38,0,38,0,38,0,,,,,,,38,0,38,0,38,0
551528,,,,,,,,,,,,,,,,,,,,,
551529,,,,,,,,,,,,,,,,,,,,,
551530,,,,,,,,,,,,,,,,,,,,,
551533,,,,,,,,,,,,,,,,,,,,,
551534,,,,,,,,,,,,,,,,,,,,,
551535,,,,,,,,,,,,,,,,,,,,,
551539,,,,,,,,,,,,,,,,,,,,,
551540,,,,,,,,,,,,,,,,,,,,,
551542,82,82,0,82,0,82,0,82,0,82,0,82,0,82,0,,,,,,
551546,4.5,4.5,0,4.5,0,4.5,0,4.5,0,4.5,0,4.5,0,4.5,0,4.5,0,4.5,0,4.5,0
551553,33,33,0,33,0,33,0,33,0,33,0,33,0,33,0,33,0,33,0,27.5,0.2
551555,11,11,0,11,0,11,0,11,0,11,0,11,0,11,0,,,11,0,11,0
551556,28.5,28.5,0,28.5,0,28.5,0,28.5,0,28.5,0,28.5,0,28.5,0,,,28.5,0,23.5,0.213
551558,22.5,22.5,0,22.5,0,22.5,0,22.5,0,22.5,0,22.5,0,22.5,0,24,-0.0625,24,-0.0625,,
551559,35.9,35.9,0,35.9,0,35.9,0,35.9,0,35.9,0,35.9,0,,,40,-0.103,40,-0.103,40,-0.103
551560,41.5,41.5,0,41.5,0,41.5,0,41.5,0,41.5,0,41.5,0,41.5,0,43,-0.0349,43,-0.0349,43,-0.0349
551561,,,,,,,,,,,,,,,,,,,,,
551565,,,,,,,,,,,,,,,,,,,,,
551566,28,28,0,28,0,28,0,28,0,28,0,28,0,28,0,28,0,28,0,28,0
551567,28,28,0,28,0,28,0,28,0,28,0,28,0,28,0,28,0,,,28,0
551568,28,28,0,28,0,28,0,28,0,28,0,28,0,28,0,,,,,,
551569,28,28,0,28,0,28,0,28,0,28,0,28,0,28,0,,,,,,
551571,41,41,0,41,0,41,0,41,0,41,0,41,0,41,0,41,0,29.5,0.39,29.5,0.39
551572,41,41,0,41,0,41,0,41,0,41,0,41,0,41,0,41,0,,,29.5,0.39
551573,41,41,0,41,0,41,0,41,0,41,0,41,0,41,0,41,0,29.5,0.39,29.5,0.39
551574,21,21,0,21,0,21,0,21,0,21,0,19.5,0.0769,19.5,0.0769,19.5,0.0769,19.5,0.0769,18.5,0.135
551578,25,25,0,25,0,25,0,25,0,25,0,25,0,25,0,25,0,25,0,21.9,0.142
551579,22.5,22.5,0,22.5,0,22.5,0,22.5,0,22.5,0,22.5,0,22.5,0,22.5,0,22.5,0,19.5,0.154
551580,22.5,22.5,0,22.5,0,22.5,0,22.5,0,22.5,0,22.5,0,22.5,0,22.5,0,,,19.5,0.154
551581,22.5,22.5,0,22.5,0,22.5,0,22.5,0,22.5,0,22.5,0,22.5,0,22.5,0,,,19.5,0.154
551582,20,20,0,20,0,20,0,20,0,20,0,20,0,20,0,20,0,20,0,19.5,0.0256
551583,,,,,,,,,,,,,,,,,,,,,
551584,,,,,,,,,,,,,,,,,,,,,
551585,,,,,,,,,,,,,,,,,,,,,
551586,25,25,0,25,0,25,0,25,0,25,0,25,0,25,0,,,22.5,0.111,22.5,0.111
551593,,,,,,,,,,,,,,,,,,,,,
551594,,,,,,,,,,,,,,,,,,,,,
551595,17,,,,,,,,,,,,,,,,,,,,
551596,9,,,,,,,,,,,,,,,,,,,,
551598,11,,,,,,,,,,,,,,,,,,,,
551599,8.9,,,,,,,,,,,,,,,,,,,,
551603,6.3,6.3,0,6.3,0,6.3,0,6.3,0,6.3,0,,,6.3,0,6.5,-0.0308,5.8,0.0862,7.2,-0.125
551604,,,,,,,,,,,,,,,,,,,,,
551607,10.9,10.9,0,10.9,0,10.9,0,10.9,0,10.9,0,10.9,0,10.9,0,10.9,0,,,,
551608,10.9,10.9,0,10.9,0,10.9,0,10.9,0,10.9,0,10.9,0,10.9,0,10.9,0,,,,
551610,4,4,0,4,0,4,0,4,0,4,0,4,0,,,4,0,4,0,4,0
551611,4,4,0,4,0,4,0,4,0,4,0,4,0,4,0,4,0,4,0,4,0
551612,4,4,0,4,0,4,0,4,0,4,0,4,0,4,0,4,0,4,0,4,0
551613,4,4,0,4,0,4,0,4,0,4,0,4,0,4,0,4,0,4,0,,
551614,12.5,12.5,0,12.5,0,12.5,0,12.5,0,12.5,0,12.5,0,12.5,0,12,0.0417,12,0.0417,12,0.0417
551615,,,,,,,,,,,,,,,,,,,,,
551621,14,14,0,14,0,14,0,14,0,14,0,14,0,,,14,0,15,-0.0667,15,-0.0667
551622,,,,,,,,,,,,,,,,,,,,,
551625,223,223,0,223,0,,,223,0,223,0,223,0,223,0,326,-0.315,326,-0.315,326,-0.315
551626,244,244,0,244,0,,,244,0,244,0,244,0,244,0,244,0,244,0,244,0
551628,179,179,0,179,0,,,179,0,179,0,179,0,179,0,179,0,249,-0.281,249,-0.281
551630,37,37,0,37,0,37,0,37,0,,,,,,,37,0,37,0,,
551631,,,,,,,,,,,,,,,,,,,,,
551632,37,37,0,37,0,37,0,37,0,,,,,,,,,37,0,28.8,0.285
551633,37,37,0,37,0,37,0,37,0,,,,,37,0,37,0,37,0,28.8,0.285
551634,37,37,0,,,,,,,,,,,,,37,0,37,0,28.8,0.285
551636,175,175,0,175,0,,,140,0.251,140,0.251,178,-0.0169,178,-0.0169,270,-0.352,270,-0.352,270,-0.352
551639,,,,,,,,,,,,,,,,,,,,,
551640,,,,,,,,,,,,,,,,,,,,,
551641,,,,,,,,,,,,,,,,,,,,,
551642,,,,,,,,,,,,,,,,,,,,,
551644,,,,,,,,,,,,,,,,,,,,,
551645,,,,,,,,,,,,,,,,,,,,,
551646,,,,,,,,,,,,,,,,,,,,,
551647,,,,,,,,,,,,,,,,,,,,,
551648,,,,,,,,,,,,,,,,,,,,,
551649,,,,,,,,,,,,,,,,,,,,,
551650,,,,,,,,,,,,,,,,,,,,,
551655,16,16,0,16,0,16,0,16,0,16,0,16,0,16,0,16,0,13.5,0.185,13.5,0.185
551656,16,16,0,16,0,16,0,16,0,16,0,16,0,16,0,16,0,13.5,0.185,13.5,0.185
551657,18,18,0,18,0,18,0,18,0,18,0,18,0,,,18,0,18,0,18,0
551658,,,,,,,,,,,,,,,,,,,,,
551670,215,215,0,215,0,,,215,0,215,0,215,0,215,0,215,0,215,0,215,0
551671,,,,,,,,,,,,,,,,,,,,,
551672,,,,,,,,,,,,,,,,,,,,,
551674,,,,,,,,,,,,,,,,,,,,,
551675,,,,,,,,,,,,,,,,,,,,,
551684,,,,,,,,,,,,,,,,,,,,,
551687,87.5,87.5,0,87.5,0,,,87.5,0,87.5,0,,,74.9,0.168,87.5,0,87.5,0,87.5,0
551688,168,168,0,168,0,,,168,0,168,0,168,0,168,0,168,0,168,0,168,0
551689,,,,,,,,,,,,,,,,,,,,,
551690,,,,,,,,,,,,,,,,,,,,,
551691,,,,,,,,,,,,,,,,,,,,,
551692,21,21,0,21,0,21,0,21,0,21,0,,,,,21,0,18,0.167,18,0.167
551693,21,21,0,21,0,21,0,21,0,21,0,,,,,21,0,18,0.167,18,0.167
551695,21,21,0,21,0,21,0,21,0,21,0,,,,,21,0,18,0.167,18,0.167
551696,21,21,0,21,0,21,0,21,0,21,0,21,0,,,21,0,18,0.167,18,0.167
551697,21,21,0,21,0,21,0,21,0,21,0,,,,,21,0,18,0.167,18,0.167
551699,,,,,,,,,,,,,,,,,,,,,
551707,,,,,,,,,,,,,,,,,,,,,
551709,212,212,0,212,0,,,212,0,212,0,212,0,212,0,212,0,212,0,212,0
551710,46,46,0,46,0,46,0,46,0,46,0,,,46,0,46,0,43,0.0698,,
551711,43.5,43.5,0,43.5,0,43.5,0,39.5,0.101,39.5,0.101,39.5,0.101,39.5,0.101,34.5,0.261,34.5,0.261,33.5,0.299
551712,43.5,43.5,0,43.5,0,43.5,0,39.5,0.101,39.5,0.101,39.5,0.101,39.5,0.101,34.5,0.261,34.5,0.261,33.5,0.299
551714,,,,,,,,,,,,,,,,,,,,,
551717,3.5,3.5,0,3.5,0,3.5,0,3.5,0,3.5,0,3.5,0,3.5,0,3.5,0,3.5,0,3.5,0
551718,33.5,33.5,0,33.5,0,33.5,0,33.5,0,33.5,0,33.5,0,33.5,0,33.5,0,33.5,0,33.5,0
551719,33.5,33.5,0,33.5,0,33.5,0,33.5,0,33.5,0,33.5,0,33.5,0,33.5,0,33.5,0,33.5,0
551720,,,,,,,,,,,,,,,,,,,,,
551725,31,31,0,31,0,31,0,31,0,31,0,,,,,31,0,31,0,31,0
551726,,,,,,,,,,,,,,,,,,,,,
551733,42.5,42.5,0,42.5,0,42.5,0,42.5,0,42.5,0,36.8,0.155,36.8,0.155,36.8,0.155,,,36.9,0.152
551734,26.5,26.5,0,26.5,0,26.5,0,26.5,0,26.5,0,27.5,-0.0364,27.5,-0.0364,27.5,-0.0364,,,27.5,-0.0364
551735,44.5,44.5,0,44.5,0,44.5,0,44.5,0,,,,,40.5,0.0988,40.5,0.0988,,,,
551736,35.5,35.5,0,35.5,0,35.5,0,35.5,0,35.5,0,32.5,0.0923,32.5,0.0923,32.5,0.0923,,,,
551737,104,104,0,104,0,104,0,104,0,104,0,82,0.262,82,0.262,82,0.262,,,,
551738,,,,,,,,,,,,,,,,,,,,,
551739,26.9,26.9,0,26.9,0,26.9,0,26.9,0,26.9,0,26.9,0,26.9,0,,,,,24.5,0.098
551741,41,41,0,41,0,41,0,41,0,41,0,41,0,41,0,41,0,41,0,28.5,0.439
551747,,,,,,,,,,,,,,,,,,,,,
551749,11.8,11.8,0,11.8,0,11.8,0,11.8,0,,,,,,,11.8,0,,,11.8,0
551751,30.5,30.5,0,30.5,0,30.5,0,30.5,0,30.5,0,30.5,0,30.5,0,30.5,0,,,,
551752,31.5,31.5,0,31.5,0,31.5,0,31.5,0,31.5,0,31.5,0,,,31.5,0,,,31.5,0
551753,35.9,35.9,0,35.9,0,35.9,0,35.9,0,35.9,0,35.9,0,35.9,0,35.9,0,35.9,0,35.9,0
551754,37,37,0,37,0,37,0,37,0,37,0,37,0,37,0,34.5,0.0725,,,,
551756,,,,,,,,,,,,,,,,,,,,,
551758,,,,,,,,,,,,,,,,,,,,,
551761,,,,,,,,,,,,,,,,,,,,,
551762,8.5,8.5,0,8.5,0,8.5,0,8.5,0,8.5,0,,,8.5,0,8.5,0,8.5,0,8.5,0
551763,,,,,,,,,,,,,,,,,,,,,
551766,,,,,,,,,,,,,,,,,,,,,
551769,,,,,,,,,,,,,,,,,,,,,
551772,,,,,,,,,,,,,,,,,,,,,
551773,,,,,,,,,,,,,,,,,,,,,
551787,,,,,,,,,,,,,,,,,,,,,
551793,,,,,,,,,,,,,,,,,,,,,
551794,,,,,,,,,,,,,,,,,,,,,
551795,,,,,,,,,,,,,,,,,,,,,
551796,,,,,,,,,,,,,,,,,,,,,
551799,15.5,15.5,0,15.5,0,15.5,0,15.5,0,15.5,0,15.5,0,15.5,0,15.5,0,14.5,0.069,14.5,0.069
551803,7.7,7.7,0,7.7,0,7.7,0,7.7,0,7.7,0,7.7,0,7.7,0,7.7,0,7.7,0,7.7,0
551804,11.9,11.9,0,11.9,0,11.9,0,11.9,0,11.9,0,11.9,0,11.9,0,11.9,0,,,,
551806,16,16,0,16,0,16,0,16,0,16,0,16,0,16,0,16,0,16,0,16,0
551807,16,16,0,16,0,16,0,16,0,16,0,16,0,16,0,16,0,16,0,16,0
551817,37.5,37.5,0,37.5,0,,,37.5,0,37.5,0,37.5,0,37.5,0,,,,,,
551818,,,,,,,,,,,,,,,,,,,,,
551819,,,,,,,,,,,,,,,,,,,,,
551820,,,,,,,,,,,,,,,,,,,,,
551822,,,,,,,,,,,,,,,,,,,,,
551823,,,,,,,,,,,,,,,,,,,,,
551824,,,,,,,,,,,,,,,,,,,,,
551827,,,,,,,,,,,,,,,,,,,,,
551828,,,,,,,,,,,,,,,,,,,,,
551829,19.5,19.5,0,19.5,0,19.5,0,19.5,0,19.5,0,19.5,0,19.5,0,19.5,0,19.5,0,19.5,0
551831,15,15,0,15,0,15,0,15,0,15,0,15,0,15,0,15,0,15,0,15,0
551832,20,20,0,20,0,20,0,20,0,20,0,20,0,20,0,20,0,20,0,20,0
551833,23.5,23.5,0,23.5,0,23.5,0,23.5,0,23.5,0,23.5,0,23.5,0,23.5,0,23.5,0,23.5,0
551834,19.5,19.5,0,19.5,0,19.5,0,19.5,0,19.5,0,19.5,0,19.5,0,19.5,0,19.5,0,19.5,0
551835,19.5,19.5,0,19.5,0,19.5,0,19.5,0,19.5,0,19.5,0,19.5,0,19.5,0,19.5,0,19.5,0
551838,81,81,0,81,0,,,69.9,0.159,69.9,0.159,81,0,81,0,69.9,0.159,81,0,81,0
551839,,,,,,,,,,,,,,,,,,,,,
551844,110,110,0,110,0,110,0,110,0,,,,,,,,,,,,
551850,,,,,,,,,,,,,,,,,,,,,
551853,15.5,15.5,0,15.5,0,15.5,0,15.5,0,15.5,0,,,,,,,14.5,0.069,14.5,0.069
551854,,,,,,,,,,,,,,,,,,,,,
551855,58,58,0,58,0,58,0,58,0,58,0,58,0,58,0,58,0,,,58,0
551857,56,56,0,56,0,56,0,56,0,56,0,56,0,56,0,56,0,,,56,0
551858,68,68,0,68,0,68,0,68,0,68,0,68,0,,,68,0,,,68,0
551859,,,,,,,,,,,,,,,,,,,,,
551863,,,,,,,,,,,,,,,,,,,,,
551865,,,,,,,,,,,,,,,,,,,,,
551866,,,,,,,,,,,,,,,,,,,,,
551867,39.5,39.5,0,39.5,0,39.5,0,39.5,0,39.5,0,,,39.5,0,39.5,0,38.8,0.018,38.8,0.018
551869,,,,,,,,,,,,,,,,,,,,,
551873,,,,,,,,,,,,,,,,,,,,,
551874,,,,,,,,,,,,,,,,,,,,,
551875,,,,,,,,,,,,,,,,,,,,,
551878,,,,,,,,,,,,,,,,,,,,,
551879,,,,,,,,,,,,,,,,,,,,,
551881,,,,,,,,,,,,,,,,,,,,,
551882,,,,,,,,,,,,,,,,,,,,,
551883,,,,,,,,,,,,,,,,,,,,,
551885,,,,,,,,,,,,,,,,,,,,,
551886,,,,,,,,,,,,,,,,,,,,,
551887,,,,,,,,,,,,,,,,,,,,,
551888,,,,,,,,,,,,,,,,,,,,,
551889,,,,,,,,,,,,,,,,,,,,,
551897,33.5,33.5,0,33.5,0,33.5,0,33.5,0,33.5,0,33.5,0,,,33.5,0,33.5,0,33.5,0
551898,33.5,33.5,0,33.5,0,33.5,0,33.5,0,33.5,0,33.5,0,33.5,0,33.5,0,33.5,0,33.5,0
551900,15,15,0,15,0,15,0,15,0,15,0,15,0,15,0,15,0,15,0,15,0
551901,15,15,0,15,0,15,0,15,0,15,0,15,0,15,0,15,0,15,0,15,0
551903,15,15,0,15,0,15,0,15,0,15,0,15,0,15,0,15,0,15,0,15,0
551904,15,15,0,15,0,15,0,15,0,15,0,15,0,15,0,15,0,,,15,0
551905,15,15,0,15,0,15,0,15,0,15,0,15,0,15,0,15,0,15,0,,
551906,15,15,0,15,0,15,0,15,0,15,0,15,0,15,0,15,0,15,0,15,0
551909,37.5,37.5,0,37.5,0,39.9,-0.0602,39.9,-0.0602,39.9,-0.0602,39.9,-0.0602,39.9,-0.0602,42.6,-0.12,38,-0.0132,38,-0.0132
551911,13.9,13.9,0,13.9,0,13,0.0692,13,0.0692,13,0.0692,13,0.0692,13,0.0692,13,0.0692,11.5,0.209,14.5,-0.0414
551912,,,,,,,,,,,,,,,,,,,,,
551913,,,,,,,,,,,,,,,,,,,,,
551914,,,,,,,,,,,,,,,,,,,,,
551915,28.5,28.5,0,28.5,0,28.5,0,28.5,0,28.5,0,28.5,0,28.5,0,28.5,0,28.5,0,28.5,0
551916,28.5,28.5,0,28.5,0,28.5,0,28.5,0,28.5,0,28.5,0,28.5,0,28.5,0,28.5,0,28.5,0
551917,28.5,28.5,0,28.5,0,28.5,0,28.5,0,28.5,0,28.5,0,28.5,0,28.5,0,28.5,0,28.5,0
551918,28.5,28.5,0,28.5,0,28.5,0,28.5,0,28.5,0,28.5,0,28.5,0,28.5,0,28.5,0,28.5,0
551919,,,,,,,,,,,,,,,,,,,,,
551920,46,46,0,46,0,46,0,46,0,46,0,46,0,46,0,46,0,,,43.5,0.0575
551921,,,,,,,,,,,,,,,,,,,,,
551922,46,46,0,46,0,46,0,46,0,46,0,46,0,46,0,46,0,46,0,43.5,0.0575
551944,,,,,,,,,,,,,,,,,,,,,
551949,,,,,,,,,,,,,,,,,,,,,
551950,32.5,32.5,0,32.5,0,32.5,0,32.5,0,32.5,0,32.5,0,32.5,0,32.5,0,32.5,0,32.5,0
551951,31,31,0,31,0,31,0,31,0,31,0,31,0,31,0,31,0,31,0,31,0
551955,,,,,,,,,,,,,,,,,,,,,
551956,,,,,,,,,,,,,,,,,,,,,
551958,,,,,,,,,,,,,,,,,,,,,
551960,,,,,,,,,,,,,,,,,,,,,
551962,,,,,,,,,,,,,,,,,,,,,
551963,,,,,,,,,,,,,,,,,,,,,
551964,,,,,,,,,,,,,,,,,,,,,
551965,,,,,,,,,,,,,,,,,,,,,
551966,,,,,,,,,,,,,,,,,,,,,
551967,,,,,,,,,,,,,,,,,,,,,
551971,,,,,,,,,,,,,,,,,,,,,
551974,,,,,,,,,,,,,,,,,,,,,
551976,22,22,0,22,0,22,0,18.5,0.189,18.5,0.189,22.5,-0.0222,17.9,0.229,22.5,-0.0222,17.9,0.229,18,0.222
551977,15,15,0,15,0,15,0,15,0,15,0,15,0,15,0,15,0,15,0,15,0
551978,12.9,12.9,0,15.5,-0.168,15.5,-0.168,15.5,-0.168,15.5,-0.168,,,,,15.5,-0.168,15,-0.14,,
551979,12.9,12.9,0,15.5,-0.168,15.5,-0.168,15.5,-0.168,15.5,-0.168,,,,,15.5,-0.168,15,-0.14,15,-0.14
551980,12.9,12.9,0,15.5,-0.168,15.5,-0.168,15.5,-0.168,15.5,-0.168,15.5,-0.168,15.5,-0.168,15.5,-0.168,15,-0.14,,
551985,12.5,12.5,0,12.5,0,12.5,0,12.5,0,12.5,0,12.5,0,12.5,0,12,0.0417,12,0.0417,12,0.0417
551986,,,,,,,,,,,,,,,,,,,,,
551987,,,,,,,,,,,,,,,,,,,,,
551991,15.9,15.9,0,15.9,0,15.9,0,15.9,0,15.9,0,15.9,0,15.9,0,18,-0.117,18,-0.117,18,-0.117
551992,,,,,,,,,,,,,,,,,,,,,
551993,145,145,0,178,-0.186,,,140,0.0357,140,0.0357,150,-0.0334,150,-0.0334,270,-0.463,270,-0.463,270,-0.463
551994,8.2,8.2,0,8.2,0,8.2,0,8.2,0,,,8.2,0,8.2,0,8.2,0,8.2,0,8.2,0
551995,,,,,,,,,,,,,,,,,,,,,
551998,,,,,,,,,,,,,,,,,,,,,
551999,,,,,,,,,,,,,,,,,,,,,
552000,,,,,,,,,,,,,,,,,,,,,
552004,,,,,,,,,,,,,,,,,,,,,
552006,7.6,7.6,0,7.6,0,7.6,0,7.6,0,7.6,0,7.6,0,7.6,0,7.6,0,7.6,0,7.6,0
552007,,,,,,,,,,,,,,,,,,,,,
552008,,,,,,,,,,,,,,,,,,,,,
552009,,,,,,,,,,,,,,,,,,,,,
552010,,,,,,,,,,,,,,,,,,,,,
552021,,,,,,,,,,,,,,,,,,,,,
552025,,,,,,,,,,,,,,,,,,,,,
552042,,,,,,,,,,,,,,,,,,,,,
552043,,,,,,,,,,,,,,,,,,,,,
552048,,,,,,,,,,,,,,,,,,,,,
552049,,,,,,,,,,,,,,,,,,,,,
552050,,,,,,,,,,,,,,,,,,,,,
552051,,,,,,,,,,,,,,,,,,,,,
552052,,,,,,,,,,,,,,,,,,,,,
552053,,,,,,,,,,,,,,,,,,,,,
552055,,,,,,,,,,,,,,,,,,,,,
552056,,,,,,,,,,,,,,,,,,,,,
552057,,,,,,,,,,,,,,,,,,,,,
552058,9.5,9.5,0,,,,,,,,,9.5,0,9.5,0,9.5,0,9.5,0,9,0.0556
552059,3.9,3.9,0,3.9,0,3.9,0,3.9,0,3.9,0,3.9,0,3.9,0,4.5,-0.133,4.5,-0.133,4.5,-0.133
552060,19,19,0,19,0,19,0,19,0,19,0,19,0,19,0,19,0,19,0,,
552061,,,,,,,,,,,,,,,,,,,,,
552063,18,18,0,18,0,18,0,18,0,18,0,,,,,18,0,18,0,18,0
552064,23,23,0,23,0,23,0,23,0,23,0,,,,,,,23,0,23,0
552067,,,,,,,,,,,,,,,,,,,,,
552068,,,,,,,,,,,,,,,,,,,,,
552071,,,,,,,,,,,,,,,,,,,,,
552072,,,,,,,,,,,,,,,,,,,,,
552074,,,,,,,,,,,,,,,,,,,,,
552076,,,,,,,,,,,,,,,,,,,,,
552077,,,,,,,,,,,,,,,,,,,,,
552078,,,,,,,,,,,,,,,,,,,,,
552080,,,,,,,,,,,,,,,,,,,,,
552082,,,,,,,,,,,,,,,,,,,,,
552083,,,,,,,,,,,,,,,,,,,,,
552084,30,30,0,30,0,30,0,30,0,30,0,30,0,30,0,,,28.5,0.0526,,
552085,,,,,,,,,,,,,,,,,,,,,
552086,35,35,0,35,0,35,0,35,0,35,0,35,0,35,0,,,,,,
552087,38.5,38.5,0,38.5,0,38.5,0,38.5,0,38.5,0,38.5,0,38.5,0,38.5,0,,,,
552088,35,35,0,35,0,35,0,35,0,35,0,35,0,35,0,,,,,,
552090,,,,,,,,,,,,,,,,,,,,,
552091,30,30,0,30,0,30,0,30,0,30,0,30,0,30,0,30,0,30,0,30,0
552099,10.5,10.5,0,10.5,0,10.5,0,10.5,0,10.5,0,,,8.8,0.193,8,0.312,10.5,0,11.5,-0.087
552101,10.5,10.5,0,10.5,0,10.5,0,10.5,0,10.5,0,8.8,0.193,8.8,0.193,8,0.312,10.5,0,11.5,-0.087
552111,,,,,,,,,,,,,,,,,,,,,
552112,,,,,,,,,,,,,,,,,,,,,
552113,,,,,,,,,,,,,,,,,,,,,
552115,,,,,,,,,,,,,,,,,,,,,
552116,,,,,,,,,,,,,,,,,,,,,
552117,,,,,,,,,,,,,,,,,,,,,
552118,,,,,,,,,,,,,,,,,,,,,
552120,,,,,,,,,,,,,,,,,,,,,
552128,,,,,,,,,,,,,,,,,,,,,
552130,16.8,16.8,0,16.8,0,16.8,0,16.8,0,16.8,0,16.8,0,16.8,0,16.8,0,16.8,0,14,0.2
552131,,,,,,,,,,,,,,,,,,,,,
552132,,,,,,,,,,,,,,,,,,,,,
552136,8,8,0,8,0,8,0,8,0,8,0,8,0,8,0,13,-0.385,13,-0.385,13,-0.385
552137,13,13,0,13,0,13,0,13,0,13,0,13,0,13,0,13,0,13,0,13,0
552138,,,,,,,,,,,,,,,,,,,,,
552139,,,,,,,,,,,,,,,,,,,,,
552140,8,8,0,8,0,8,0,8,0,8,0,8,0,8,0,13,-0.385,13,-0.385,13,-0.385
552141,13,13,0,13,0,13,0,13,0,13,0,13,0,13,0,13,0,13,0,13,0
552145,,,,,,,,,,,,,,,,,,,,,
552146,94.9,94.9,0,94.9,0,94.9,0,94.9,0,,,,,,,99,-0.0414,,,,
552150,,,,,,,,,,,,,,,,,,,,,
552152,12,12,0,12,0,,,11,0.0909,11,0.0909,11,0.0909,11,0.0909,11,0.0909,11,0.0909,11,0.0909
552153,,,,,,,,,,,,,,,,,,,,,
552155,,,,,,,,,,,,,,,,,,,,,
552156,,,,,,,,,,,,,,,,,,,,,
552157,,,,,,,,,,,,,,,,,,,,,
552158,,,,,,,,,,,,,,,,,,,,,
552161,,,,,,,,,,,,,,,,,,,,,
552169,,,,,,,,,,,,,,,,,,,,,
552182,16.9,16.9,0,16.9,0,16.9,0,16.9,0,16.9,0,,,16.9,0,16.9,0,16.9,0,16.9,0
552183,16.9,16.9,0,16.9,0,16.9,0,16.9,0,16.9,0,16.9,0,16.9,0,16.9,0,16.9,0,16.9,0
552184,16.9,16.9,0,16.9,0,16.9,0,16.9,0,16.9,0,16.9,0,16.9,0,16.9,0,16.9,0,16.9,0
552192,,,,,,,,,,,,,,,,,,,,,
552193,27.9,27.9,0,27.9,0,27.9,0,27.9,0,25,0.116,25.9,0.0772,25.9,0.0772,33,-0.155,33,-0.155,,
552195,27.9,27.9,0,27.9,0,27.9,0,27.9,0,24.9,0.12,24.9,0.12,24.9,0.12,,,30.5,-0.0852,,
552196,54.5,54.5,0,54.5,0,54.5,0,54.5,0,51.5,0.0583,53.5,0.0187,53.5,0.0187,,,,,,
552197,,,,,,,,,,,,,,,,,,,,,
552198,9,9,0,9,0,,,9.5,-0.0526,9.5,-0.0526,9.5,-0.0526,9.5,-0.0526,9.5,-0.0526,9.9,-0.0909,9.9,-0.0909
552204,,,,,,,,,,,,,,,,,,,,,
552212,42,42,0,42,0,42,0,42,0,,,42,0,42,0,,,42,0,42,0
552219,12.4,12.4,0,12.4,0,11,0.127,11,0.127,11,0.127,11,0.127,11,0.127,11,0.127,11.5,0.0783,9.9,0.253
552220,7,7,0,7,0,,,,,7,0,7,0,7,0,7,0,7,0,7,0
552222,,,,,,,,,,,,,,,,,,,,,
552223,,,,,,,,,,,,,,,,,,,,,
552225,,,,,,,,,,,,,,,,,,,,,
552228,8,8,0,8,0,8,0,8,0,8,0,8,0,,,8,0,8,0,7,0.143
552233,,,,,,,,,,,,,,,,,,,,,
552234,,,,,,,,,,,,,,,,,,,,,
552235,,,,,,,,,,,,,,,,,,,,,
552236,,,,,,,,,,,,,,,,,,,,,
552237,,,,,,,,,,,,,,,,,,,,,
552238,,,,,,,,,,,,,,,,,,,,,
552239,198,198,0,198,0,,,,,,,,,,,,,,,,
552242,194,194,0,194,0,,,194,0,194,0,194,0,194,0,194,0,194,0,,
552243,,,,,,,,,,,,,,,,,,,,,
552248,,,,,,,,,,,,,,,,,,,,,
552249,,,,,,,,,,,,,,,,,,,,,
552250,,,,,,,,,,,,,,,,,,,,,
552251,319,319,0,319,0,,,319,0,319,0,,,,,,,,,,
552252,,,,,,,,,,,,,,,,,,,,,
552253,,,,,,,,,,,,,,,,,,,,,
552255,,,,,,,,,,,,,,,,,,,,,
552256,32.5,32.5,0,32.5,0,32.5,0,32.5,0,32.5,0,32.5,0,,,27.5,0.182,27,0.204,38.5,-0.156
552257,35.4,35.4,0,35.4,0,35.4,0,35.4,0,35.4,0,35.4,0,,,31.5,0.124,31.5,0.124,39.5,-0.104
552258,13.5,13.5,0,13.5,0,13.5,0,13.5,0,13.5,0,,,13.4,0.00746,12.7,0.063,12.7,0.063,16.4,-0.177
552260,14.5,14.5,0,16.9,-0.142,16.9,-0.142,16.9,-0.142,16.9,-0.142,,,16.9,-0.142,16.9,-0.142,16.9,-0.142,13.9,0.0432
552265,47.5,47.5,0,47.5,0,47.5,0,47.5,0,47.5,0,,,,,47.5,0,47.5,0,47.5,0
552266,10,10,0,10,0,10,0,10,0,10,0,10,0,10,0,10,0,10,0,10,0
552268,,,,,,,,,,,,,,,,,,,,,
552270,,,,,,,,,,,,,,,,,,,,,
552271,,,,,,,,,,,,,,,,,,,,,
552272,,,,,,,,,,,,,,,,,,,,,
552273,,,,,,,,,,,,,,,,,,,,,
552274,,,,,,,,,,,,,,,,,,,,,
552276,,,,,,,,,,,,,,,,,,,,,
552277,,,,,,,,,,,,,,,,,,,,,
552278,,,,,,,,,,,,,,,,,,,,,
552279,,,,,,,,,,,,,,,,,,,,,
552280,,,,,,,,,,,,,,,,,,,,,
552281,,,,,,,,,,,,,,,,,,,,,
552282,,,,,,,,,,,,,,,,,,,,,
552284,,,,,,,,,,,,,,,,,,,,,
552285,,,,,,,,,,,,,,,,,,,,,
552286,,,,,,,,,,,,,,,,,,,,,
552287,,,,,,,,,,,,,,,,,,,,,
552293,5.5,5.5,0,5.5,0,5.5,0,5.5,0,5.5,0,5.5,0,5.5,0,5.5,0,,,5.5,0
552294,17.5,17.5,0,17.5,0,,,14.9,0.174,14.9,0.174,17.5,0,14.9,0.174,,,,,,
552295,17.5,17.5,0,17.5,0,,,14.9,0.174,14.9,0.174,17.5,0,14.9,0.174,,,,,,
552296,17.5,17.5,0,17.5,0,,,14.9,0.174,14.9,0.174,17.5,0,14.9,0.174,,,,,,
552297,,,,,,,,,,,,,,,,,,,,,
552298,22.5,22.5,0,22.5,0,22.5,0,22.5,0,22.5,0,22.5,0,21.9,0.0274,21.9,0.0274,21.9,0.0274,21.9,0.0274
552299,30,30,0,30,0,30,0,30,0,30,0,,,30,0,28.9,0.0381,28.9,0.0381,28.9,0.0381
552300,20,20,0,20,0,20,0,20,0,20,0,,,,,,,19,0.0526,19,0.0526
552301,9.7,9.7,0,9.7,0,9.7,0,9.7,0,9.7,0,,,,,,,8.8,0.102,8.8,0.102
552302,12.5,12.5,0,12.5,0,12.5,0,12.5,0,,,,,,,11.5,0.087,11.5,0.087,11.5,0.087
552303,,,,,,,,,,,,,,,,,,,,,
552306,12.5,12.5,0,12.5,0,12.5,0,12.5,0,,,,,,,,,11.5,0.087,11.5,0.087
552307,19.5,19.5,0,19.5,0,19.5,0,19.5,0,,,,,19,0.0263,19,0.0263,19,0.0263,19,0.0263
552308,11.9,11.9,0,11.9,0,11.9,0,11.9,0,11.9,0,10.5,0.133,10.5,0.133,10.5,0.133,10.5,0.133,10.5,0.133
552317,,,,,,,,,,,,,,,,,,,,,
552318,5.7,5.7,0,5.7,0,5.7,0,5.7,0,5.7,0,5.7,0,5.7,0,5.7,0,5.7,0,5.7,0
552319,5.7,5.7,0,5.7,0,5.7,0,5.7,0,5.7,0,5.7,0,5.7,0,5.7,0,5.7,0,5.7,0
552320,5.7,5.7,0,5.7,0,5.7,0,5.7,0,5.7,0,5.7,0,5.7,0,5.7,0,5.7,0,5.7,0
552322,5.7,5.7,0,5.7,0,5.7,0,5.7,0,5.7,0,5.7,0,5.7,0,5.7,0,5.7,0,5.7,0
552323,,,,,,,,,,,,,,,,,,,,,
552324,,,,,,,,,,,,,,,,,,,,,
552325,,,,,,,,,,,,,,,,,,,,,
552326,,,,,,,,,,,,,,,,,,,,,
552327,,,,,,,,,,,,,,,,,,,,,
552329,22.5,22.5,0,22.5,0,20,0.125,20,0.125,20,0.125,20,0.125,20,0.125,20,0.125,20,0.125,20,0.125
552331,22.5,22.5,0,22.5,0,20.5,0.0976,20.5,0.0976,20.5,0.0976,20.5,0.0976,20.5,0.0976,20.5,0.0976,,,20.5,0.0976
552332,,,,,,,,,,,,,,,,,,,,,
552333,23.5,23.5,0,23.5,0,23.5,0,23.5,0,23.5,0,23.5,0,19.9,0.181,23.5,0,23.5,0,,
552336,,,,,,,,,,,,,,,,,,,,,
552341,,,,,,,,,,,,,,,,,,,,,
552342,,,,,,,,,,,,,,,,,,,,,
552344,,,,,,,,,,,,,,,,,,,,,
552345,48,48,0,48,0,48,0,48,0,48,0,48,0,,,46,0.0435,46.3,0.0367,46.3,0.0367
552346,174,174,0,174,0,174,0,174,0,159,0.0937,165,0.0539,165,0.0539,168,0.0357,168,0.0357,168,0.0357
552347,,,,,,,,,,,,,,,,,,,,,
552351,,,,,,,,,,,,,,,,,,,,,
552354,42.5,42.5,0,42.5,0,42.5,0,42.5,0,42.5,0,42.5,0,42.5,0,42.5,0,38.5,0.104,38.5,0.104
552355,42.5,42.5,0,42.5,0,42.5,0,42.5,0,42.5,0,42.5,0,42.5,0,42.5,0,38.5,0.104,38.5,0.104
552357,42.5,42.5,0,42.5,0,,,,,,,42.5,0,42.5,0,,,,,,
552358,42.5,42.5,0,42.5,0,42.5,0,42.5,0,42.5,0,42.5,0,42.5,0,42.5,0,38.5,0.104,,
552359,38.5,38.5,0,38.5,0,38.5,0,38.5,0,38.5,0,38.5,0,38.5,0,,,,,,
552360,42.5,42.5,0,42.5,0,42.5,0,42.5,0,42.5,0,42.5,0,42.5,0,42.5,0,,,38.5,0.104
552361,,,,,,,,,,,,,,,,,,,,,
552362,42.5,42.5,0,42.5,0,42.5,0,42.5,0,42.5,0,42.5,0,42.5,0,42.5,0,,,,
552363,42.5,42.5,0,42.5,0,42.5,0,42.5,0,42.5,0,42.5,0,42.5,0,,,38.5,0.104,,
552366,,,,,,,,,,,,,,,,,,,,,
552367,11,11,0,11,0,11,0,11,0,11,0,11,0,11,0,11,0,11,0,11,0
552368,11,11,0,11,0,11,0,11,0,11,0,11,0,11,0,11,0,11,0,11,0
552369,11,11,0,11,0,11,0,11,0,11,0,11,0,11,0,11,0,11,0,11,0
552373,,,,,,,,,,,,,,,,,,,,,
552374,48,48,0,48,0,48,0,48,0,48,0,48,0,46,0.0435,46,0.0435,46,0.0435,46,0.0435
552375,48,48,0,48,0,48,0,48,0,48,0,48,0,,,46,0.0435,46,0.0435,46,0.0435
552383,,,,,,,,,,,,,,,,,,,,,
552384,,,,,,,,,,,,,,,,,,,,,
552385,,,,,,,,,,,,,,,,,,,,,
552386,,,,,,,,,,,,,,,,,,,,,
552387,26,26,0,26,0,26,0,26,0,26,0,22,0.182,22,0.182,20.5,0.268,25,0.04,28.5,-0.0877
552388,46.5,46.5,0,46.5,0,46.5,0,46.5,0,46.5,0,,,39.5,0.177,46,0.0109,46,0.0109,58.5,-0.205
552389,,,,,,,,,,,,,,,,,,,,,
552390,13,13,0,13,0,13,0,13,0,13,0,13,0,,,13,0,11.5,0.13,11.5,0.13
552391,13,13,0,13,0,13,0,13,0,13,0,13,0,13,0,13,0,11.5,0.13,11.5,0.13
552392,13,13,0,13,0,13,0,13,0,13,0,13,0,13,0,13,0,11.5,0.13,11.5,0.13
552393,,,,,,,,,,,,,,,,,,,,,
552394,,,,,,,,,,,,,,,,,,,,,
552395,,,,,,,,,,,,,,,,,,,,,
552396,,,,,,,,,,,,,,,,,,,,,
552397,11,11,0,11,0,,,11,0,11,0,11,0,,,11,0,10.5,0.0476,10.5,0.0476
552398,20,20,0,20,0,20,0,20,0,20,0,20,0,20,0,20,0,16,0.25,,
552400,26.5,26.5,0,26.5,0,26.5,0,26.5,0,26.5,0,,,,,26.5,0,26.5,0,23,0.152
552401,,,,,,,,,,,,,,,,,,,,,
552403,,,,,,,,,,,,,,,,,,,,,
552404,,,,,,,,,,,,,,,,,,,,,
552405,125,125,0,125,0,125,0,125,0,125,0,125,0,125,0,140,-0.107,140,-0.107,,
552406,,,,,,,,,,,,,,,,,,,,,
552407,,,,,,,,,,,,,,,,,,,,,
552408,,,,,,,,,,,,,,,,,,,,,
552409,25,25,0,25,0,25,0,25,0,25,0,25,0,25,0,20,0.25,20,0.25,18.5,0.351
552411,15.5,15.5,0,15.5,0,15.5,0,15.5,0,15.5,0,15.5,0,15.5,0,15.5,0,15.5,0,15.5,0
552412,,,,,,,,,,,,,,,,,,,,,
552413,,,,,,,,,,,,,,,,,,,,,
552414,,,,,,,,,,,,,,,,,,,,,
552416,34.9,34.9,0,34.9,0,34.9,0,34.9,0,34.9,0,34.9,0,34.9,0,34.9,0,34.9,0,34.9,0
552417,,,,,,,,,,,,,,,,,,,,,
552418,69.5,69.5,0,69.5,0,69.5,0,69.5,0,69.5,0,69.5,0,69.5,0,69.5,0,69.5,0,69.5,0
552419,87.5,87.5,0,87.5,0,87.5,0,87.5,0,,,87.5,0,,,87.5,0,87.5,0,87.5,0
552420,32.5,32.5,0,32.5,0,32.5,0,32.5,0,32.5,0,32.5,0,32.5,0,32.5,0,32.5,0,32.5,0
552421,,,,,,,,,,,,,,,,,,,,,
552422,20,20,0,20,0,20,0,20,0,,,20,0,,,20,0,20,0,20,0
552423,,,,,,,,,,,,,,,,,,,,,
552424,6.8,6.8,0,6.8,0,6.8,0,6.8,0,6.8,0,6.8,0,6.8,0,6.8,0,6.8,0,6.9,-0.0145
552425,,,,,,,,,,,,,,,,,,,,,
552426,,,,,,,,,,,,,,,,,,,,,
552430,77.5,77.5,0,77.5,0,77.5,0,77.5,0,,,77.5,0,77.5,0,,,,,,
552431,9.5,9.5,0,9.5,0,9.5,0,9.5,0,9.5,0,9.5,0,9.5,0,9.5,0,9.5,0,9.5,0
552432,93,93,0,93,0,93,0,93,0,93,0,93,0,93,0,93,0,93,0,93,0
552433,93,93,0,93,0,93,0,93,0,93,0,93,0,93,0,93,0,93,0,93,0
552434,,,,,,,,,,,,,,,,,,,,,
552435,,,,,,,,,,,,,,,,,,,,,
552436,76,76,0,76,0,76,0,76,0,76,0,76,0,76,0,76,0,76,0,76,0
552438,76,76,0,76,0,76,0,76,0,76,0,76,0,76,0,76,0,76,0,76,0
552439,,,,,,,,,,,,,,,,,,,,,
552440,,,,,,,,,,,,,,,,,,,,,
552441,,,,,,,,,,,,,,,,,,,,,
552442,,,,,,,,,,,,,,,,,,,,,
552443,17,17,0,17,0,17,0,17,0,17,0,17,0,17,0,17,0,17,0,,
552444,,,,,,,,,,,,,,,,,,,,,
552445,,,,,,,,,,,,,,,,,,,,,
552446,12.9,12.9,0,12.9,0,12.9,0,12.9,0,12.9,0,12.9,0,12.9,0,12.9,0,12.9,0,12.9,0
552447,17,17,0,17,0,17,0,17,0,17,0,17,0,17,0,17,0,17,0,17,0
552448,,,,,,,,,,,,,,,,,,,,,
552449,,,,,,,,,,,,,,,,,,,,,
552450,,,,,,,,,,,,,,,,,,,,,
552451,10,10,0,10,0,,,10,0,10,0,10,0,10,0,10,0,10,0,10,0
552452,,,,,,,,,,,,,,,,,,,,,
552453,23.5,23.5,0,23.5,0,23.5,0,23.5,0,,,23.5,0,23.5,0,23.5,0,23.5,0,,
552454,16.5,16.5,0,16.5,0,16.5,0,16.5,0,16.5,0,16.5,0,16.5,0,16.5,0,16.5,0,16.5,0
552455,43.5,,,,,,,43.5,0,43.5,0,43.5,0,,,43.5,0,43.5,0,,
552456,,,,,,,,,,,,,,,,,,,,,
552458,87.5,87.5,0,87.5,0,,,87.5,0,87.5,0,87.5,0,87.5,0,,,87.5,0,85,0.0294
552459,112,112,0,112,0,,,112,0,112,0,112,0,112,0,112,0,112,0,108,0.0417
552460,,,,,,,,,,,,,,,,,,,,,
552461,,,,,,,,,,,,,,,,,,,,,
552462,22.5,22.5,0,22.5,0,22.5,0,22.5,0,22.5,0,22.5,0,22.5,0,22.5,0,,,,
552463,,,,,,,,,,,,,,,,,,,,,
552464,43.5,43.5,0,43.5,0,43.5,0,43.5,0,43.5,0,43.5,0,,,,,,,43.5,0
552465,,,,,,,,,,,,,,,,,,,,,
552466,,,,,,,,,,,,,,,,,,,,,
552467,109,109,0,109,0,,,109,0,109,0,109,0,109,0,109,0,109,0,109,0
552468,,,,,,,,,,,,,,,,,,,,,
552469,,,,,,,,,,,,,,,,,,,,,
552470,,,,,,,,,,,,,,,,,,,,,
552471,185,185,0,185,0,,,185,0,185,0,185,0,185,0,185,0,185,0,185,0
552472,285,285,0,285,0,,,285,0,285,0,285,0,285,0,285,0,285,0,285,0
552473,188,188,0,188,0,,,188,0,188,0,188,0,188,0,188,0,188,0,188,0
552474,11,11,0,11,0,11,0,11,0,11,0,11,0,11,0,11,0,11,0,11,0
552475,11,11,0,11,0,11,0,11,0,11,0,11,0,11,0,11,0,11,0,11,0
552476,11,11,0,11,0,11,0,11,0,11,0,11,0,11,0,11,0,11,0,11,0
552477,15,15,0,15,0,15,0,15,0,15,0,15,0,15,0,15,0,15,0,15,0
552478,7.5,7.5,0,7.5,0,7.5,0,7.5,0,7.5,0,7.5,0,,,7.5,0,7.5,0,7.5,0
552479,8.9,8.9,0,8.9,0,8.9,0,8.9,0,8.9,0,8.9,0,,,8.9,0,8.9,0,,
552480,8.9,8.9,0,8.9,0,8.9,0,8.9,0,8.9,0,8.9,0,,,8.9,0,8.9,0,8.9,0
552481,8.9,8.9,0,8.9,0,8.9,0,8.9,0,8.9,0,8.9,0,,,8.9,0,,,8.9,0
552482,2,2,0,2,0,2,0,2,0,2,0,2,0,,,2,0,2,0,2,0
552483,110,110,0,110,0,110,0,110,0,110,0,110,0,,,,,110,0,110,0
552484,,,,,,,,,,,,,,,,,,,,,
552485,,,,,,,,,,,,,,,,,,,,,
552486,,,,,,,,,,,,,,,,,,,,,
552487,,,,,,,,,,,,,,,,,,,,,
552488,15,15,0,15,0,15,0,15,0,15,0,15,0,15,0,,,,,,
552489,11.5,11.5,0,11.5,0,11.5,0,11.5,0,11.5,0,,,,,8.8,0.307,8.8,0.307,8.8,0.307
552493,,,,,,,,,,,,,,,,,,,,,
552494,,,,,,,,,,,,,,,,,,,,,
552495,6.8,6.8,0,6.8,0,6.8,0,6.8,0,6.8,0,6.8,0,6.8,0,6.8,0,10.4,-0.346,10.4,-0.346
552496,6.8,6.8,0,6.8,0,6.8,0,6.8,0,6.8,0,6.8,0,6.8,0,6.8,0,10.4,-0.346,10.4,-0.346
552497,7.3,7.3,0,7.3,0,7.5,-0.0267,6.5,0.123,6.5,0.123,7.3,0,7.3,0,7.3,0,6.5,0.123,8.3,-0.12
552498,7.3,7.3,0,7.3,0,7.5,-0.0267,6.5,0.123,6.5,0.123,7.3,0,7.3,0,7.3,0,6.5,0.123,8.3,-0.12
552499,7.3,7.3,0,7.3,0,7.3,0,7.3,0,7.3,0,7.3,0,7.3,0,7.3,0,6.5,0.123,8.3,-0.12
552500,,,,,,,,,,,,,,,,,,,,,
552501,6.9,6.9,0,6.9,0,6.9,0,6.9,0,6.9,0,6.9,0,6.9,0,6.9,0,6.9,0,6,0.15
552502,,,,,,,,,,,,,,,,,,,,,
552504,,,,,,,,,,,,,,,,,,,,,
552505,,,,,,,,,,,,,,,,,,,,,
552506,,,,,,,,,,,,,,,,,,,,,
552507,,,,,,,,,,,,,,,,,,,,,
552508,,,,,,,,,,,,,,,,,,,,,
552509,,,,,,,,,,,,,,,,,,,,,
552510,,,,,,,,,,,,,,,,,,,,,
552511,,,,,,,,,,,,,,,,,,,,,
552512,,,,,,,,,,,,,,,,,,,,,
552513,130,130,0,130,0,,,130,0,130,0,130,0,130,0,130,0,125,0.0408,,
552514,,,,,,,,,,,,,,,,,,,,,
552515,,,,,,,,,,,,,,,,,,,,,
552516,,,,,,,,,,,,,,,,,,,,,
552517,,,,,,,,,,,,,,,,,,,,,
552518,,,,,,,,,,,,,,,,,,,,,
552519,18,18,0,18,0,15,0.2,14.9,0.208,14.9,0.208,14.9,0.208,14.9,0.208,14.9,0.208,13.5,0.333,13.5,0.333
552520,14.9,14.9,0,14.9,0,14.9,0,14.9,0,14.9,0,14.9,0,14.9,0,14.9,0,13.5,0.104,13.5,0.104
552521,,,,,,,,,,,,,,,,,,,,,
552522,,,,,,,,,,,,,,,,,,,,,
552523,,,,,,,,,,,,,,,,,,,,,
552525,,,,,,,,,,,,,,,,,,,,,
552527,,,,,,,,,,,,,,,,,,,,,
552528,,,,,,,,,,,,,,,,,,,,,
552532,,,,,,,,,,,,,,,,,,,,,
552533,,,,,,,,,,,,,,,,,,,,,
552534,,,,,,,,,,,,,,,,,,,,,
552535,,,,,,,,,,,,,,,,,,,,,
552536,,,,,,,,,,,,,,,,,,,,,
552537,,,,,,,,,,,,,,,,,,,,,
552538,,,,,,,,,,,,,,,,,,,,,
552543,,,,,,,,,,,,,,,,,,,,,
552544,,,,,,,,,,,,,,,,,,,,,
552547,,,,,,,,,,,,,,,,,,,,,
552548,,,,,,,,,,,,,,,,,,,,,
552549,,,,,,,,,,,,,,,,,,,,,
552551,,,,,,,,,,,,,,,,,,,,,
552552,,,,,,,,,,,,,,,,,,,,,
552553,,,,,,,,,,,,,,,,,,,,,
552554,,,,,,,,,,,,,,,,,,,,,
552555,,,,,,,,,,,,,,,,,,,,,
552561,,,,,,,,,,,,,,,,,,,,,
552562,36.9,36.9,0,36.9,0,36.9,0,36.9,0,36.9,0,36.9,0,36.9,0,36.9,0,36.9,0,36.9,0
552563,,,,,,,,,,,,,,,,,,,,,
552564,,,,,,,,,,,,,,,,,,,,,
552565,,,,,,,,,,,,,,,,,,,,,
552566,,,,,,,,,,,,,,,,,,,,,
552567,,,,,,,,,,,,,,,,,,,,,
552568,,,,,,,,,,,,,,,,,,,,,
552569,,,,,,,,,,,,,,,,,,,,,
552570,,,,,,,,,,,,,,,,,,,,,
552670,160,160,0,160,0,160,0,160,0,160,0,,,,,,,149,0.0732,149,0.0732
552671,12.4,12.4,0,12.4,0,12.4,0,12.4,0,12.4,0,12.4,0,12.4,0,14,-0.114,11.5,0.0783,14,-0.114
552674,12.4,12.4,0,12.4,0,12.4,0,12.4,0,12.4,0,,,12.4,0,14,-0.114,11.5,0.0783,14,-0.114
552675,12,12,0,12,0,12,0,12,0,12,0,,,12,0,14,-0.143,11.5,0.0435,14,-0.143
552676,8.7,8.7,0,8.7,0,8.7,0,8.7,0,8.7,0,8.7,0,8.7,0,8.7,0,8.7,0,8.7,0
552677,,,,,,,,,,,,,,,,,,,,,
552678,,,,,,,,,,,,,,,,,,,,,
552679,,,,,,,,,,,,,,,,,,,,,
552680,,,,,,,,,,,,,,,,,,,,,
552681,,,,,,,,,,,,,,,,,,,,,
552682,,,,,,,,,,,,,,,,,,,,,
552683,,,,,,,,,,,,,,,,,,,,,
552684,,,,,,,,,,,,,,,,,,,,,
552685,,,,,,,,,,,,,,,,,,,,,
552687,45,45,0,45,0,45,0,45,0,45,0,45,0,45,0,45,0,45,0,45,0
552688,95,95,0,95,0,95,0,95,0,95,0,95,0,95,0,,,95,0,,
552689,13.7,13.7,0,13.7,0,13.7,0,13.7,0,13.7,0,13.7,0,13.7,0,13.7,0,13.7,0,13.7,0
552690,15,15,0,15,0,15,0,15,0,15,0,15,0,15,0,15,0,15,0,15,0
552691,25,25,0,25,0,25,0,25,0,25,0,25,0,25,0,27.5,-0.0909,27.5,-0.0909,27.5,-0.0909
552692,25,25,0,25,0,25,0,25,0,25,0,25,0,25,0,25,0,25,0,25,0
552693,12.5,12.5,0,12.5,0,12.5,0,12.5,0,12.5,0,12.5,0,12.5,0,12.5,0,12.5,0,12.5,0
552694,21.5,21.5,0,21.5,0,21.5,0,21.5,0,21.5,0,21.5,0,21.5,0,21.5,0,25,-0.14,25,-0.14
552695,12.5,12.5,0,12.5,0,12.5,0,12.5,0,12.5,0,12.5,0,12.5,0,12.5,0,12.5,0,12.5,0
552696,,,,,,,,,,,,,,,,,,,,,
552698,,,,,,,,,,,,,,,,,,,,,
552699,,,,,,,,,,,,,,,,,,,,,
552700,,,,,,,,,,,,,,,,,,,,,
552701,,,,,,,,,,,,,,,,,,,,,
552702,,,,,,,,,,,,,,,,,,,,,
552703,,,,,,,,,,,,,,,,,,,,,
552704,,,,,,,,,,,,,,,,,,,,,
552705,,,,,,,,,,,,,,,,,,,,,
552706,,,,,,,,,,,,,,,,,,,,,
552707,9,9,0,9,0,9,0,9,0,9,0,9,0,,,9,0,9,0,,
552708,9,9,0,9,0,9,0,9,0,9,0,9,0,,,9,0,9,0,,
552710,4.9,4.9,0,4.9,0,4.9,0,4.9,0,4.9,0,4.9,0,4.9,0,4.9,0,5.5,-0.109,5.5,-0.109
552711,,,,,,,,,,,,,,,,,,,,,
552712,14,14,0,14,0,,,13.5,0.037,13.5,0.037,13.5,0.037,,,13.5,0.037,13.5,0.037,12.5,0.12
552714,8,8,0,8,0,8,0,8,0,8,0,8,0,8,0,7.5,0.0667,7,0.143,6,0.333
552715,8,8,0,8,0,8,0,8,0,8,0,8,0,8,0,7.5,0.0667,7,0.143,6,0.333
552716,,,,,,,,,,,,,,,,,,,,,
552717,,,,,,,,,,,,,,,,,,,,,
552718,,,,,,,,,,,,,,,,,,,,,
552719,,,,,,,,,,,,,,,,,,,,,
552720,28,28,0,28,0,28,0,28,0,28,0,28,0,28,0,31,-0.0968,31,-0.0968,31,-0.0968
552721,110,110,0,110,0,110,0,110,0,110,0,110,0,110,0,115,-0.0443,99.9,0.1,99.9,0.1
552730,3,3,0,3,0,3,0,3,0,3,0,3,0,3,0,4.5,-0.333,4.5,-0.333,4.5,-0.333
552731,3,3,0,3,0,3,0,3,0,3,0,3,0,3,0,4.5,-0.333,4.5,-0.333,4.5,-0.333
552732,3,3,0,3,0,3,0,3,0,3,0,3,0,3,0,4.5,-0.333,4.5,-0.333,4.5,-0.333
552733,3,3,0,3,0,3,0,3,0,3,0,3,0,3,0,4.5,-0.333,4.5,-0.333,4.5,-0.333
552734,3,3,0,3,0,3,0,3,0,,,3,0,3,0,4.5,-0.333,4.5,-0.333,4.5,-0.333
552735,4.9,4.9,0,4.9,0,4,0.225,4,0.225,4,0.225,4,0.225,4,0.225,4,0.225,4,0.225,3,0.633
552736,4,4,0,4,0,2.9,0.379,2.9,0.379,2.9,0.379,2.9,0.379,2.9,0.379,2.9,0.379,2.7,0.481,2.7,0.481
552751,3,3,0,,,,,,,,,,,,,2.5,0.2,2.5,0.2,,
552752,76,76,0,76,0,76,0,76,0,76,0,76,0,,,76,0,,,76,0
552753,17.5,17.5,0,17.5,0,17.5,0,17.5,0,17.5,0,17.5,0,,,17.5,0,17.5,0,17.5,0
552754,36.9,36.9,0,36.9,0,36.9,0,36.9,0,36.9,0,36.9,0,36.9,0,36.9,0,34.9,0.0573,48,-0.231
552755,36.9,36.9,0,36.9,0,36.9,0,36.9,0,,,,,,,36.9,0,34.9,0.0573,48,-0.231
552756,14.3,14.3,0,,,14.3,0,14.3,0,14.3,0,14.3,0,14.3,0,14.3,0,20.5,-0.302,20.5,-0.302
552757,,,,,,,,,,,,,,,,,,,,,
552758,,,,,,,,,,,,,,,,,,,,,
552759,,,,,,,,,,,,,,,,,,,,,
552760,,,,,,,,,,,,,,,,,,,,,
552761,27.5,27.5,0,27.5,0,,,,,,,,,,,25.5,0.0784,25.5,0.0784,25.5,0.0784
552762,,,,,,,,,,,,,,,,,,,,,
552763,,,,,,,,,,,,,,,,,,,,,
552764,31.5,31.5,0,31.5,0,,,,,31.5,0,31.5,0,31.5,0,31.5,0,31.5,0,26.5,0.189
552766,,,,,,,,,,,,,,,,,,,,,
552768,13.8,13.8,0,13.8,0,13.8,0,13.8,0,13.8,0,13.8,0,13.8,0,13.8,0,13.8,0,,
552769,25,25,0,25,0,25,0,25,0,25,0,25,0,25,0,25,0,25,0,25,0
552770,,,,,,,,,,,,,,,,,,,,,
552771,,,,,,,,,,,,,,,,,,,,,
552772,,,,,,,,,,,,,,,,,,,,,
552773,,,,,,,,,,,,,,,,,,,,,
552774,37.5,37.5,0,37.5,0,37.5,0,37.5,0,37.5,0,37.5,0,37.5,0,37.5,0,37.5,0,37.5,0
552775,,,,,,,,,,,,,,,,,,,,,
552776,,,,,,,,,,,,,,,,,,,,,
552777,37,37,0,37,0,37,0,37,0,37,0,37,0,37,0,37,0,37,0,37,0
552778,33.5,33.5,0,33.5,0,33.5,0,33.5,0,33.5,0,33.5,0,33.5,0,33.5,0,33.5,0,33.5,0
552779,33.5,33.5,0,33.5,0,33.5,0,33.5,0,33.5,0,33.5,0,33.5,0,33.5,0,33.5,0,33.5,0
552780,8.5,8.5,0,8.5,0,8.5,0,8.5,0,8.5,0,8.5,0,8.5,0,8.5,0,8.5,0,8.5,0
552781,6.5,6.5,0,6.5,0,6.5,0,6.5,0,6.5,0,6.5,0,6.5,0,,,6.5,0,6.5,0
552782,8.5,8.5,0,8.5,0,8.5,0,8.5,0,8.5,0,8.5,0,,,8.5,0,8.5,0,8.5,0
552783,,,,,,,,,,,,,,,,,,,,,
552784,,,,,,,,,,,,,,,,,,,,,
552785,,,,,,,,,,,,,,,,,,,,,
552786,,,,,,,,,,,,,,,,,,,,,
552787,,,,,,,,,,,,,,,,,,,,,
552788,,,,,,,,,,,,,,,,,,,,,
552789,,,,,,,,,,,,,,,,,,,,,
552791,17.5,17.5,0,17.5,0,17.5,0,17.5,0,17.5,0,17.5,0,17.5,0,14.9,0.174,17.5,0,17.5,0
552793,,,,,,,,,,,,,,,,,,,,,
552794,15.5,15.5,0,15.5,0,15.5,0,15.5,0,15.5,0,15.5,0,15.5,0,15.5,0,15.5,0,15.5,0
552795,26.9,26.9,0,26.9,0,26.9,0,26.9,0,26.9,0,26.9,0,26.9,0,22.5,0.196,,,26.3,0.0228
552796,,,,,,,,,,,,,,,,,,,,,
552797,,,,,,,,,,,,,,,,,,,,,
552798,26.5,26.5,0,26.5,0,26.5,0,26.5,0,26.5,0,26.5,0,26.5,0,22.5,0.178,26.3,0.0076,26.3,0.0076
552799,,,,,,,,,,,,,,,,,,,,,
552800,,,,,,,,,,,,,,,,,,,,,
552801,,,,,,,,,,,,,,,,,,,,,
552802,,,,,,,,,,,,,,,,,,,,,
552803,,,,,,,,,,,,,,,,,,,,,
552804,,,,,,,,,,,,,,,,,,,,,
552805,,,,,,,,,,,,,,,,,,,,,
552806,,,,,,,,,,,,,,,,,,,,,
552807,,,,,,,,,,,,,,,,,,,,,
552808,,,,,,,,,,,,,,,,,,,,,
552809,140,140,0,140,0,,,140,0,140,0,140,0,140,0,,,,,,
552811,,,,,,,,,,,,,,,,,,,,,
552812,,,,,,,,,,,,,,,,,,,,,
552813,,,,,,,,,,,,,,,,,,,,,
552814,5.5,5.5,0,5.5,0,5.5,0,5.5,0,5.5,0,,,5.5,0,6.5,-0.154,6.5,-0.154,6.5,-0.154
552815,,,,,,,,,,,,,,,,,,,,,
552816,,,,,,,,,,,,,,,,,,,,,
552817,,,,,,,,,,,,,,,,,,,,,
552818,162,162,0,162,0,,,162,0,162,0,162,0,162,0,162,0,162,0,162,0
552819,,,,,,,,,,,,,,,,,,,,,
552820,,,,,,,,,,,,,,,,,,,,,
552821,,,,,,,,,,,,,,,,,,,,,
552822,,,,,,,,,,,,,,,,,,,,,
552823,,,,,,,,,,,,,,,,,,,,,
552824,,,,,,,,,,,,,,,,,,,,,
552825,,,,,,,,,,,,,,,,,,,,,
552826,,,,,,,,,,,,,,,,,,,,,
552828,,,,,,,,,,,,,,,,,,,,,
552829,,,,,,,,,,,,,,,,,,,,,
552830,,,,,,,,,,,,,,,,,,,,,
552831,,,,,,,,,,,,,,,,,,,,,
552832,,,,,,,,,,,,,,,,,,,,,
552833,,,,,,,,,,,,,,,,,,,,,
552834,,,,,,,,,,,,,,,,,,,,,
552835,,,,,,,,,,,,,,,,,,,,,
552836,,,,,,,,,,,,,,,,,,,,,
552837,,,,,,,,,,,,,,,,,,,,,
552838,145,145,0,145,0,,,145,0,145,0,145,0,145,0,145,0,145,0,145,0
552846,35,35,0,35,0,35,0,35,0,35,0,35,0,35,0,35,0,32.5,0.0769,32.5,0.0769
552847,40,40,0,40,0,40,0,40,0,40,0,40,0,40,0,40,0,37.5,0.0667,37.5,0.0667
552848,,,,,,,,,,,,,,,,,,,,,
552849,,,,,,,,,,,,,,,,,,,,,
552850,15,15,0,15,0,15,0,15,0,15,0,15,0,,,15,0,15,0,15,0
552851,,,,,,,,,,,,,,,,,,,,,
552852,,,,,,,,,,,,,,,,,,,,,
552853,,,,,,,,,,,,,,,,,,,,,
552854,11,11,0,11,0,11,0,11,0,11,0,11,0,,,11,0,11,0,11,0
552855,,,,,,,,,,,,,,,,,,,,,
552856,,,,,,,,,,,,,,,,,,,,,
552857,16.9,16.9,0,19.8,-0.146,19.8,-0.146,19.8,-0.146,19.8,-0.146,19.8,-0.146,19.8,-0.146,17.9,-0.0559,19.8,-0.146,19.8,-0.146
552858,,,,,,,,,,,,,,,,,,,,,
552859,,,,,,,,,,,,,,,,,,,,,
552860,13.9,13.9,0,13.9,0,13.9,0,13.9,0,13.9,0,,,,,,,9.9,0.404,11.9,0.168
552862,,,,,,,,,,,,,,,,,,,,,
552864,13.9,13.9,0,13.9,0,13.9,0,13.9,0,13.9,0,,,8.9,0.562,11.9,0.168,9.9,0.404,11.9,0.168
552865,13.9,13.9,0,13.9,0,13.9,0,13.9,0,13.9,0,,,8.9,0.562,11.9,0.168,9.9,0.404,11.9,0.168
552866,23,23,0,23,0,23,0,23,0,23,0,,,,,20.5,0.122,20.5,0.122,18.5,0.243
552867,23,23,0,23,0,23,0,23,0,23,0,20.5,0.122,,,20.5,0.122,20.5,0.122,18.5,0.243
552868,23,23,0,23,0,23,0,23,0,23,0,,,,,20.5,0.122,20.5,0.122,18.5,0.243
552869,,,,,,,,,,,,,,,,,,,,,
552870,,,,,,,,,,,,,,,,,,,,,
552871,,,,,,,,,,,,,,,,,,,,,
552872,,,,,,,,,,,,,,,,,,,,,
552873,,,,,,,,,,,,,,,,,,,,,
552874,,,,,,,,,,,,,,,,,,,,,
552875,,,,,,,,,,,,,,,,,,,,,
552876,125,125,0,125,0,125,0,125,0,125,0,,,,,125,0,125,0,140,-0.107
552877,,,,,,,,,,,,,,,,,,,,,
552878,,,,,,,,,,,,,,,,,,,,,
552879,,,,,,,,,,,,,,,,,,,,,
552880,,,,,,,,,,,,,,,,,,,,,
552881,,,,,,,,,,,,,,,,,,,,,
552882,,,,,,,,,,,,,,,,,,,,,
552883,,,,,,,,,,,,,,,,,,,,,
552884,,,,,,,,,,,,,,,,,,,,,
552885,,,,,,,,,,,,,,,,,,,,,
552886,,,,,,,,,,,,,,,,,,,,,
552887,,,,,,,,,,,,,,,,,,,,,
552888,,,,,,,,,,,,,,,,,,,,,
552889,,,,,,,,,,,,,,,,,,,,,
552890,109,109,0,109,0,109,0,109,0,109,0,109,0,109,0,140,-0.221,140,-0.221,,
552891,23.5,23.5,0,,,,,,,23.5,0,23.5,0,23.5,0,,,23.5,0,19.5,0.205
552892,,,,,,,,,,,,,,,,,,,,,
552893,,,,,,,,,,,,,,,,,,,,,
552894,,,,,,,,,,,,,,,,,,,,,
552895,,,,,,,,,,,,,,,,,,,,,
552896,230,230,0,230,0,230,0,230,0,230,0,99,1.32,99,1.32,99,1.32,,,99,1.32
552897,93.5,93.5,0,93.5,0,93.5,0,93.5,0,93.5,0,93.5,0,93.5,0,93.5,0,,,93.5,0
552898,97.5,97.5,0,97.5,0,97.5,0,97.5,0,97.5,0,97.5,0,97.5,0,93.5,0.0428,93.5,0.0428,,
552899,78.5,78.5,0,78.5,0,78.5,0,78.5,0,78.5,0,78.5,0,78.5,0,,,78.5,0,,
552900,62.5,62.5,0,,,,,,,,,62.5,0,62.5,0,62.5,0,62.5,0,62.5,0
552901,,,,,,,,,,,,,,,,,,,,,
552902,112,112,0,112,0,,,112,0,112,0,112,0,112,0,,,,,,
552904,,,,,,,,,,,,,,,,,,,,,
552905,,,,,,,,,,,,,,,,,,,,,
552906,19,19,0,19,0,19,0,19,0,19,0,,,,,,,23,-0.174,25.5,-0.255
552907,,,,,,,,,,,,,,,,,,,,,
552908,132,132,0,148,-0.108,,,115,0.149,115,0.149,125,0.056,115,0.149,120,0.101,132,0,115,0.149
552909,,,,,,,,,,,,,,,,,,,,,
552910,,,,,,,,,,,,,,,,,,,,,
552911,,,,,,,,,,,,,,,,,,,,,
552912,,,,,,,,,,,,,,,,,,,,,
552915,,,,,,,,,,,,,,,,,,,,,
552916,,,,,,,,,,,,,,,,,,,,,
552917,,,,,,,,,,,,,,,,,,,,,
552918,,,,,,,,,,,,,,,,,,,,,
552920,,,,,,,,,,,,,,,,,,,,,
552922,,,,,,,,,,,,,,,,,,,,,
552923,,,,,,,,,,,,,,,,,,,,,
552924,,,,,,,,,,,,,,,,,,,,,
552925,,,,,,,,,,,,,,,,,,,,,
552926,,,,,,,,,,,,,,,,,,,,,
552927,,,,,,,,,,,,,,,,,,,,,
552928,,,,,,,,,,,,,,,,,,,,,
552929,62.5,62.5,0,62.5,0,62.5,0,62.5,0,,,62.5,0,,,62.5,0,,,62.5,0
552931,,,,,,,,,,,,,,,,,,,,,
552934,37.5,37.5,0,37.5,0,37.5,0,37.5,0,37.5,0,37.5,0,37.5,0,37.5,0,,,,
552935,37.5,37.5,0,37.5,0,37.5,0,37.5,0,37.5,0,37.5,0,37.5,0,37.5,0,49,-0.235,,
552936,46.5,46.5,0,46.5,0,46.5,0,,,,,,,46.5,0,46.5,0,62,-0.25,62,-0.25
552937,80,80,0,80,0,80,0,80,0,80,0,80,0,80,0,80,0,80,0,80,0
552938,68,68,0,68,0,68,0,68,0,68,0,68,0,68,0,68,0,,,68,0
552939,9.5,9.5,0,,,,,,,,,,,,,,,8.8,0.0795,8.8,0.0795
552940,49.5,49.5,0,49.5,0,49.5,0,49.5,0,49.5,0,49.5,0,47.8,0.0356,47.8,0.0356,47.8,0.0356,,
552947,89.9,89.9,0,89.9,0,89.9,0,89.9,0,89.9,0,89.9,0,89.9,0,,,,,,
552948,89.9,89.9,0,89.9,0,89.9,0,89.9,0,89.9,0,89.9,0,89.9,0,89.9,0,89.9,0,,
552950,115,115,0,115,0,,,115,0,115,0,115,0,115,0,,,,,,
552951,115,115,0,115,0,,,115,0,115,0,115,0,104,0.106,,,,,,
552952,38,38,0,38,0,38,0,38,0,,,,,,,28.8,0.319,,,28.8,0.319
552953,52,52,0,52,0,,,52,0,52,0,52,0,52,0,52,0,52,0,,
552954,,,,,,,,,,,,,,,,,,,,,
552955,,,,,,,,,,,,,,,,,,,,,
552966,4,4,0,4,0,4,0,4,0,4,0,4,0,4,0,4,0,4,0,4,0
552967,4,4,0,4,0,4,0,4,0,,,,,4,0,4,0,4,0,4,0
552968,,,,,,,,,,,,,,,,,,,,,
552969,,,,,,,,,,,,,,,,,,,,,
552970,23,23,0,23,0,23,0,21,0.0952,21,0.0952,23,0,,,21,0.0952,21,0.0952,21,0.0952
552971,23,23,0,23,0,23,0,21,0.0952,21,0.0952,23,0,,,21,0.0952,21,0.0952,21,0.0952
552972,23,23,0,23,0,23,0,21,0.0952,21,0.0952,23,0,23,0,21,0.0952,21,0.0952,21,0.0952
552974,,,,,,,,,,,,,,,,,,,,,
552975,,,,,,,,,,,,,,,,,,,,,
552977,22.5,22.5,0,22.5,0,22.5,0,22.5,0,22.5,0,22.9,-0.0175,22.9,-0.0175,26.9,-0.164,26.9,-0.164,,
552978,,,,,,,,,,,,,,,,,,,,,
552980,,,,,,,,,,,,,,,,,,,,,
552981,99.5,99.5,0,,,,,,,,,,,,,99.5,0,,,,
552982,,,,,,,,,,,,,,,,,,,,,
552983,,,,,,,,,,,,,,,,,,,,,
552984,,,,,,,,,,,,,,,,,,,,,
552986,,,,,,,,,,,,,,,,,,,,,
552988,,,,,,,,,,,,,,,,,,,,,
552989,,,,,,,,,,,,,,,,,,,,,
552990,,,,,,,,,,,,,,,,,,,,,
552991,,,,,,,,,,,,,,,,,,,,,
552993,,,,,,,,,,,,,,,,,,,,,
552997,,,,,,,,,,,,,,,,,,,,,
552998,38.5,38.5,0,38.5,0,38.5,0,38.5,0,38.5,0,38.5,0,,,38.5,0,35,0.1,35,0.1
552999,,,,,,,,,,,,,,,,,,,,,
553000,,,,,,,,,,,,,,,,,,,,,
553001,94.5,94.5,0,94.5,0,94.5,0,94.5,0,94.5,0,94.5,0,94.5,0,94.5,0,,,,
553002,81.9,81.9,0,81.9,0,81.9,0,,,81.9,0,,,,,81.9,0,,,,
553003,,,,,,,,,,,,,,,,,,,,,
553005,24,24,0,24,0,24,0,24,0,24,0,24,0,,,,,,,,
553006,,,,,,,,,,,,,,,,,,,,,
553007,,,,,,,,,,,,,,,,,,,,,
553008,,,,,,,,,,,,,,,,,,,,,
553009,,,,,,,,,,,,,,,,,,,,,
553010,,,,,,,,,,,,,,,,,,,,,
553011,,,,,,,,,,,,,,,,,,,,,
553012,,,,,,,,,,,,,,,,,,,,,
553013,,,,,,,,,,,,,,,,,,,,,
553014,,,,,,,,,,,,,,,,,,,,,
553015,,,,,,,,,,,,,,,,,,,,,
553016,21,21,0,21,0,21,0,21,0,21,0,21,0,21,0,21,0,29.5,-0.288,,
553017,20,20,0,20,0,20,0,20,0,20,0,20,0,20,0,,,34.5,-0.42,,
553018,,,,,,,,,,,,,,,,,,,,,
553019,39,39,0,39,0,39,0,39,0,39,0,39,0,39,0,39,0,39,0,35,0.114
553022,88.9,88.9,0,88.9,0,88.9,0,88.9,0,75.9,0.171,75.9,0.171,75.9,0.171,89,-0.00112,89,-0.00112,89,-0.00112
553023,,,,,,,,,,,,,,,,,,,,,
553024,,,,,,,,,,,,,,,,,,,,,
553025,,,,,,,,,,,,,,,,,,,,,
553026,23,23,0,23,0,23,0,23,0,,,,,29,-0.207,29,-0.207,29,-0.207,29.9,-0.231
553027,26.5,26.5,0,26.5,0,26.5,0,26.5,0,26.5,0,40.8,-0.35,40.8,-0.35,40.8,-0.35,40.8,-0.35,40.8,-0.35
553028,28.5,28.5,0,28.5,0,28.5,0,26.5,0.0755,26.5,0.0755,42.5,-0.329,42.5,-0.329,42.5,-0.329,,,,
553029,,,,,,,,,,,,,,,,,,,,,
553030,,,,,,,,,,,,,,,,,,,,,
553033,220,220,0,220,0,220,0,220,0,,,220,0,220,0,220,0,220,0,219,0.00457
553034,220,220,0,220,0,220,0,220,0,220,0,220,0,220,0,220,0,220,0,219,0.00457
553035,,,,,,,,,,,,,,,,,,,,,
553036,95,95,0,95,0,95,0,95,0,95,0,95,0,95,0,95,0,95,0,95,0
553037,95,95,0,95,0,95,0,95,0,95,0,95,0,95,0,95,0,95,0,95,0
553038,95,95,0,95,0,95,0,95,0,95,0,95,0,95,0,95,0,95,0,95,0
553039,89.9,89.9,0,89.9,0,89.9,0,89.9,0,89.9,0,89.9,0,89.9,0,89.9,0,89.9,0,89.9,0
553040,,,,,,,,,,,,,,,,,,,,,
553041,,,,,,,,,,,,,,,,,,,,,
553043,47.5,47.5,0,47.5,0,,,47.5,0,47.5,0,47.5,0,47.5,0,47.5,0,38.9,0.221,39.9,0.19
553044,47.5,47.5,0,47.5,0,,,47.5,0,47.5,0,47.5,0,47.5,0,47.5,0,38.9,0.221,39.9,0.19
553045,47.5,47.5,0,47.5,0,,,47.5,0,47.5,0,47.5,0,47.5,0,47.5,0,38.9,0.221,39.9,0.19
553046,35,35,0,35,0,35,0,35,0,,,35,0,,,35,0,,,,
553047,31,31,0,31,0,31,0,31,0,31,0,31,0,31,0,31,0,31,0,31,0
553048,31,31,0,31,0,31,0,31,0,31,0,31,0,31,0,31,0,31,0,31,0
553049,,,,,,,,,,,,,,,,,,,,,
553050,20.5,20.5,0,20.5,0,20.5,0,20.5,0,20.5,0,16.5,0.242,16.5,0.242,15.5,0.323,19.5,0.0513,21.5,-0.0465
553052,,,,,,,,,,,,,,,,,,,,,
553053,4,4,0,4,0,4,0,4,0,4,0,4,0,4,0,4,0,4,0,4,0
553054,4,4,0,4,0,4,0,4,0,4,0,4,0,4,0,4,0,4,0,4,0
553055,4,4,0,4,0,4,0,4,0,4,0,4,0,4,0,4,0,4,0,4,0
553056,4,4,0,4,0,4,0,4,0,4,0,4,0,4,0,4,0,4,0,4,0
553057,9,9,0,9,0,9,0,9,0,9,0,,,9,0,9,0,7.5,0.2,8.5,0.0588
553058,,,,,,,,,,,,,,,,,,,,,
553059,,,,,,,,,,,,,,,,,,,,,
553060,10.5,10.5,0,10.5,0,,,10.5,0,10.5,0,10.5,0,10.5,0,10.5,0,10.5,0,9,0.167
553061,,,,,,,,,,,,,,,,,,,,,
553062,,,,,,,,,,,,,,,,,,,,,
553063,,,,,,,,,,,,,,,,,,,,,
553064,31.9,31.9,0,31.9,0,31.9,0,31.9,0,31.9,0,31.9,0,31.9,0,31.9,0,,,,
553065,,,,,,,,,,,,,,,,,,,,,
553066,17.5,17.5,0,17.5,0,17.5,0,17.5,0,17.5,0,17.5,0,17.5,0,17.5,0,18.7,-0.0642,18.7,-0.0642
553068,,,,,,,,,,,,,,,,,,,,,
553069,,,,,,,,,,,,,,,,,,,,,
553070,,,,,,,,,,,,,,,,,,,,,
553071,,,,,,,,,,,,,,,,,,,,,
553072,41.5,41.5,0,41.5,0,41.5,0,41.5,0,27.5,0.509,28.9,0.436,28.9,0.436,43.5,-0.046,43.5,-0.046,43.5,-0.046
553073,,,,,,,,,,,,,,,,,,,,,
553074,18.5,18.5,0,18.5,0,18.5,0,18.5,0,18,0.0278,,,18,0.0278,18,0.0278,18,0.0278,18,0.0278
553075,,,,,,,,,,,,,,,,,,,,,
553076,22.5,22.5,0,22.5,0,22.5,0,22.5,0,22.5,0,22.5,0,22.5,0,22.5,0,25.5,-0.118,25.5,-0.118
553077,47.5,47.5,0,47.5,0,47.5,0,47.5,0,47.5,0,40.5,0.173,40.5,0.173,37,0.284,46.5,0.0215,,
553078,,,,,,,,,,,,,,,,,,,,,
553079,,,,,,,,,,,,,,,,,,,,,
553080,,,,,,,,,,,,,,,,,,,,,
553081,,,,,,,,,,,,,,,,,,,,,
553082,,,,,,,,,,,,,,,,,,,,,
553083,,,,,,,,,,,,,,,,,,,,,
553084,,,,,,,,,,,,,,,,,,,,,
553085,,,,,,,,,,,,,,,,,,,,,
553086,,,,,,,,,,,,,,,,,,,,,
553087,50.5,50.5,0,50.5,0,50.5,0,50.5,0,50.5,0,,,54,-0.0648,58.5,-0.137,58.5,-0.137,58.5,-0.137
553088,56.9,56.9,0,56.9,0,56.9,0,56.9,0,56.9,0,58,-0.019,58,-0.019,60,-0.0517,58.5,-0.0274,58.5,-0.0274
553089,,,,,,,,,,,,,,,,,,,,,
553090,31,31,0,31,0,,,31,0,31,0,31,0,31,0,,,,,,
553091,65,65,0,65,0,,,65,0,65,0,65,0,65,0,65,0,65,0,65,0
553092,,,,,,,,,,,,,,,,,,,,,
553093,104,104,0,104,0,,,104,0,104,0,104,0,104,0,,,89,0.167,,
553094,,,,,,,,,,,,,,,,,,,,,
553095,,,,,,,,,,,,,,,,,,,,,
553096,,,,,,,,,,,,,,,,,,,,,
553097,,,,,,,,,,,,,,,,,,,,,
553098,105,105,0,105,0,,,,,,,,,,,79.9,0.313,97.5,0.0759,97.5,0.0759
553099,19.5,19.5,0,20.9,-0.067,20.9,-0.067,20.9,-0.067,17.5,0.114,19.9,-0.0201,,,19.9,-0.0201,19.5,0,,
553100,165,165,0,165,0,165,0,165,0,165,0,165,0,180,-0.0833,180,-0.0833,189,-0.127,189,-0.127
553102,,,,,,,,,,,,,,,,,,,,,
553103,,,,,,,,,,,,,,,,,,,,,
553104,,,,,,,,,,,,,,,,,,,,,
553105,,,,,,,,,,,,,,,,,,,,,
553106,,,,,,,,,,,,,,,,,,,,,
553107,,,,,,,,,,,,,,,,,,,,,
553108,,,,,,,,,,,,,,,,,,,,,
553111,,,,,,,,,,,,,,,,,,,,,
553112,,,,,,,,,,,,,,,,,,,,,
553113,,,,,,,,,,,,,,,,,,,,,
553114,,,,,,,,,,,,,,,,,,,,,
553115,,,,,,,,,,,,,,,,,,,,,
553116,,,,,,,,,,,,,,,,,,,,,
553118,13.5,13.5,0,13.5,0,13.5,0,13.5,0,21.9,-0.384,21.9,-0.384,21.9,-0.384,21.9,-0.384,21.9,-0.384,21.9,-0.384
553119,17.8,17.8,0,17.8,0,17.8,0,17.8,0,,,17.8,0,17.8,0,20.5,-0.132,20.5,-0.132,20.5,-0.132
553120,17.8,17.8,0,17.8,0,,,,,,,17.8,0,17.8,0,20.5,-0.132,20.5,-0.132,20.5,-0.132
553121,17.8,17.8,0,17.8,0,,,,,,,17.8,0,17.8,0,20.5,-0.132,20.5,-0.132,20.5,-0.132
553122,13.5,13.5,0,13.5,0,13.5,0,13.5,0,13.5,0,16.5,-0.182,16.5,-0.182,16.5,-0.182,13.5,0,16.5,-0.182
553123,13.5,13.5,0,13.5,0,13.5,0,13.5,0,13.5,0,16.5,-0.182,,,16.5,-0.182,13.5,0,16.5,-0.182
553124,30,30,0,30,0,30,0,30,0,30,0,30,0,30,0,30,0,30,0,30,0
553125,,,,,,,,,,,,,,,,,,,,,
553126,,,,,,,,,,,,,,,,,,,,,
553127,,,,,,,,,,,,,,,,,,,,,
553128,,,,,,,,,,,,,,,,,,,,,
553130,,,,,,,,,,,,,,,,,,,,,
553131,,,,,,,,,,,,,,,,,,,,,
553133,,,,,,,,,,,,,,,,,,,,,
553134,,,,,,,,,,,,,,,,,,,,,
553135,,,,,,,,,,,,,,,,,,,,,
553136,,,,,,,,,,,,,,,,,,,,,
553137,174,174,0,174,0,174,0,174,0,159,0.0937,165,0.0539,165,0.0539,170,0.0229,170,0.0229,,
553138,,,,,,,,,,,,,,,,,,,,,
553139,30,30,0,30,0,30,0,30,0,25,0.2,25,0.2,25,0.2,25,0.2,25,0.2,30.5,-0.0164
553140,110,110,0,120,-0.0833,,,105,0.0486,105,0.0486,115,-0.0435,105,0.0486,120,-0.0833,108,0.0185,99.9,0.101
553144,,,,,,,,,,,,,,,,,,,,,
553145,,,,,,,,,,,,,,,,,,,,,
553146,16.5,16.5,0,16.5,0,16.5,0,16.5,0,16.5,0,16.5,0,16.5,0,16.5,0,17.5,-0.0571,17.5,-0.0571
553147,17.5,17.5,0,17.5,0,17.5,0,17.5,0,17.5,0,17.5,0,17.5,0,17.5,0,18.7,-0.0642,18.7,-0.0642
553148,14,14,0,14,0,14,0,14,0,14,0,14,0,14,0,14,0,15,-0.0667,15,-0.0667
553149,12.5,12.5,0,12.5,0,12.5,0,12.5,0,12.5,0,12.5,0,12.5,0,12.5,0,12.5,0,12.5,0
553150,11,11,0,11,0,11,0,11,0,11,0,,,,,11,0,11,0,11,0
553151,55,55,0,55,0,55,0,55,0,55,0,55,0,55,0,,,,,59,-0.0678
553152,37.5,37.5,0,37.5,0,37.5,0,37.5,0,37.5,0,37.5,0,37.5,0,37.5,0,,,38.7,-0.031
553153,50,50,0,50,0,50,0,50,0,50,0,50,0,,,50,0,55,-0.0909,55,-0.0909
553154,,,,,,,,,,,,,,,,,,,,,
553156,,,,,,,,,,,,,,,,,,,,,
553158,,,,,,,,,,,,,,,,,,,,,
553160,,,,,,,,,,,,,,,,,,,,,
553164,13.5,13.5,0,13.5,0,13.5,0,13.5,0,13.5,0,16.5,-0.182,,,16.5,-0.182,13.5,0,16.5,-0.182
553167,3.5,3.5,0,3.5,0,3.5,0,3.5,0,3.5,0,3.5,0,,,3.5,0,3.5,0,3.5,0
553170,11.5,11.5,0,11.5,0,11.5,0,11.5,0,11.5,0,11.5,0,11.5,0,11.5,0,11.5,0,11.5,0
553171,,,,,,,,,,,,,,,,,,,,,
553172,140,140,0,140,0,,,140,0,140,0,140,0,140,0,125,0.121,,,109,0.284
553173,,,,,,,,,,,,,,,,,,,,,
553174,225,225,0,225,0,,,225,0,225,0,225,0,225,0,225,0,225,0,199,0.131
553175,18.5,18.5,0,22,-0.159,22,-0.159,22,-0.159,22,-0.159,22,-0.159,22,-0.159,22,-0.159,17.9,0.0335,14.9,0.242
553176,,,,,,,,,,,,,,,,,,,,,
553177,14.5,14.5,0,13,0.115,13,0.115,13,0.115,10,0.45,11.5,0.261,11.5,0.261,12.9,0.124,17,-0.147,13.9,0.0432
553178,13,13,0,12,0.0833,12,0.0833,12,0.0833,10,0.3,11.5,0.13,11.5,0.13,13,0,13,0,11.9,0.0924
553179,13,13,0,12,0.0833,12,0.0833,12,0.0833,10,0.3,11.5,0.13,11.5,0.13,13.5,-0.037,13,0,13.9,-0.0647
553180,10,,,,,,,,,10,0,10,0,,,10,0,,,9,0.111
553181,12.5,12.5,0,12.5,0,12.5,0,12.5,0,12.5,0,12.5,0,12.5,0,12.5,0,12.5,0,,
553182,12.5,12.5,0,12.5,0,12.5,0,12.5,0,12.5,0,12.5,0,12.5,0,12.5,0,12.5,0,12.5,0
553183,12.5,12.5,0,12.5,0,12.5,0,12.5,0,12.5,0,12.5,0,12.5,0,12.5,0,,,,
553184,22,22,0,22,0,22,0,22,0,22,0,22,0,22,0,,,,,,
553185,25,25,0,25,0,25,0,25,0,25,0,25,0,25,0,25,0,,,25,0
553186,32,32,0,32,0,32,0,32,0,,,32,0,,,32,0,32,0,32,0
553187,37.5,37.5,0,37.5,0,37.5,0,37.5,0,37.5,0,37.5,0,37.5,0,37.5,0,37.5,0,37.5,0
553188,37.5,37.5,0,37.5,0,37.5,0,37.5,0,37.5,0,37.5,0,37.5,0,37.5,0,37.5,0,37.5,0
553189,37.5,37.5,0,37.5,0,37.5,0,37.5,0,37.5,0,37.5,0,37.5,0,37.5,0,37.5,0,,
553190,,,,,,,,,,,,,,,,,,,,,
553191,,,,,,,,,,,,,,,,,,,,,
553192,22,22,0,22,0,22,0,22,0,22,0,22,0,22,0,,,22,0,,
553194,25,25,0,25,0,25,0,25,0,25,0,25,0,25,0,,,,,,
553195,25,25,0,25,0,25,0,25,0,25,0,25,0,25,0,25,0,25,0,,
553196,25,25,0,25,0,25,0,25,0,25,0,25,0,25,0,25,0,25,0,,
553197,32,32,0,32,0,32,0,32,0,32,0,,,,,32,0,32,0,,
553198,32,32,0,32,0,32,0,32,0,32,0,,,32,0,32,0,,,,
553199,37.5,37.5,0,37.5,0,37.5,0,37.5,0,,,,,37.5,0,37.5,0,37.5,0,37.5,0
553200,37.5,37.5,0,37.5,0,37.5,0,37.5,0,37.5,0,37.5,0,37.5,0,37.5,0,37.5,0,37.5,0
553201,27.5,27.5,0,27.5,0,27.5,0,27.5,0,27.5,0,27.5,0,27.5,0,27.5,0,27.5,0,27.5,0
553202,27.5,27.5,0,27.5,0,27.5,0,27.5,0,27.5,0,27.5,0,27.5,0,27.5,0,27.5,0,27.5,0
553203,27.5,27.5,0,27.5,0,27.5,0,27.5,0,27.5,0,27.5,0,27.5,0,27.5,0,27.5,0,27.5,0
553204,27.5,27.5,0,27.5,0,27.5,0,27.5,0,27.5,0,27.5,0,27.5,0,27.5,0,27.5,0,27.5,0
553205,27.5,27.5,0,27.5,0,27.5,0,27.5,0,27.5,0,27.5,0,27.5,0,27.5,0,27.5,0,27.5,0
553206,27.5,27.5,0,27.5,0,27.5,0,27.5,0,27.5,0,27.5,0,27.5,0,27.5,0,27.5,0,27.5,0
553209,10,10,0,,,10,0,10,0,10,0,10,0,10,0,9,0.111,9,0.111,,
553210,25,25,0,25,0,25,0,25,0,25,0,25,0,,,25,0,22.5,0.111,,
553211,31,31,0,31,0,31,0,31,0,31,0,31,0,,,31,0,,,29,0.069
553212,35,35,0,35,0,35,0,35,0,35,0,35,0,,,35,0,32.5,0.0769,32.5,0.0769
553213,,,,,,,,,,,,,,,,,,,,,
553214,7.5,7.5,0,7.5,0,7.5,0,7.5,0,7.5,0,7.5,0,7.5,0,7.5,0,7.5,0,7.5,0
553215,7.5,7.5,0,7.5,0,7.5,0,7.5,0,7.5,0,7.5,0,7.5,0,7.5,0,7.5,0,7.5,0
553216,29.5,29.5,0,29.5,0,29.5,0,,,,,29.5,0,,,,,23.8,0.239,23.8,0.239
553217,29.5,29.5,0,29.5,0,29.5,0,29.5,0,29.5,0,29.5,0,29.5,0,29.5,0,23.8,0.239,23.8,0.239
553218,12,12,0,12,0,12,0,11.8,0.0169,11.8,0.0169,11.8,0.0169,11.8,0.0169,11.8,0.0169,10,0.2,10,0.2
553219,19.5,19.5,0,19.5,0,19.5,0,16.9,0.154,16.9,0.154,16.9,0.154,16.9,0.154,16.9,0.154,16,0.219,16,0.219
553220,,,,,,,,,,,,,,,,,,,,,
553221,,,,,,,,,,,,,,,,,,,,,
553222,16.5,16.5,0,16.5,0,16.5,0,16.5,0,16.5,0,16.5,0,16.5,0,16.5,0,,,,
553223,16.5,16.5,0,16.5,0,16.5,0,16.5,0,16.5,0,16.5,0,16.5,0,16.5,0,16.5,0,16.5,0
553224,,,,,,,,,,,,,,,,,,,,,
553225,10.5,10.5,0,10.5,0,10.5,0,10.5,0,10.5,0,8.8,0.193,8.8,0.193,8,0.312,,,11.5,-0.087
553226,24,24,0,24,0,24,0,24,0,24,0,25.5,-0.0588,25.5,-0.0588,28.5,-0.158,28.5,-0.158,28.5,-0.158
553227,39.5,39.5,0,48,-0.177,48,-0.177,48,-0.177,46,-0.141,42.9,-0.0793,42.9,-0.0793,39.9,-0.01,45.9,-0.139,45.9,-0.139
553228,,,,,,,,,,,,,,,,,,,,,
553229,,,,,,,,,,,,,,,,,,,,,
553230,15.5,15.5,0,15.5,0,15.5,0,15.5,0,15.5,0,15.5,0,15.5,0,15.5,0,15.5,0,15.5,0
553231,18.9,18.9,0,18.9,0,18.9,0,18.9,0,18.9,0,18.9,0,18.9,0,18.9,0,18.9,0,18.9,0
553232,15.5,15.5,0,15.5,0,15.5,0,15.5,0,15.5,0,15.5,0,15.5,0,15.5,0,,,,
553233,15.5,15.5,0,15.5,0,15.5,0,15.5,0,15.5,0,15.5,0,15.5,0,15.5,0,15.5,0,15.5,0
553235,49.9,49.9,0,49.9,0,49.9,0,49.9,0,49.9,0,52,-0.0404,,,53.5,-0.0673,53.5,-0.0673,53.5,-0.0673
553236,2.9,2.9,0,2.9,0,2.9,0,2.9,0,2.9,0,3,-0.0333,3,-0.0333,3,-0.0333,3,-0.0333,3,-0.0333
553237,293,293,0,293,0,,,293,0,293,0,293,0,293,0,,,,,,
553238,17.8,17.8,0,17.8,0,17.8,0,17.8,0,,,17.8,0,,,23,-0.226,23,-0.226,23,-0.226
553239,,,,,,,,,,,,,,,,,,,,,
553240,,,,,,,,,,,,,,,,,,,,,
553241,22,22,0,22,0,22,0,20.5,0.0732,20.5,0.0732,19,0.158,17.5,0.257,28.5,-0.228,26,-0.154,32,-0.312
553242,51.9,51.9,0,57.5,-0.0974,,,57.5,-0.0974,57.5,-0.0974,57.5,-0.0974,57.5,-0.0974,57.5,-0.0974,,,46.9,0.107
553243,138,138,0,138,0,,,138,0,138,0,138,0,,,138,0,135,0.0185,,
553244,,,,,,,,,,,,,,,,,,,,,
553245,114,114,0,114,0,,,114,0,114,0,114,0,114,0,101,0.129,101,0.129,101,0.129
553246,81,81,0,81,0,81,0,81,0,81,0,81,0,81,0,,,51,0.588,,
553247,43.5,43.5,0,43.5,0,43.5,0,43.5,0,43.5,0,43.5,0,43.5,0,43.5,0,,,,
553248,43.5,43.5,0,43.5,0,43.5,0,43.5,0,43.5,0,43.5,0,43.5,0,43.5,0,43.5,0,43.5,0
553249,56,56,0,56,0,56,0,56,0,56,0,56,0,56,0,56,0,36,0.556,36,0.556
553250,36.9,36.9,0,36.9,0,36.9,0,36.9,0,36.9,0,36.9,0,36.9,0,36.9,0,25,0.476,25,0.476
553251,38,38,0,38,0,38,0,38,0,38,0,38,0,38,0,38,0,32.5,0.169,32.5,0.169
553252,2.5,2.5,0,2.5,0,2.5,0,2.5,0,2.5,0,2.5,0,,,,,,,2.5,0
553253,,,,,,,,,,,,,,,,,,,,,
553254,,,,,,,,,,,,,,,,,,,,,
553255,,,,,,,,,,,,,,,,,,,,,
553256,,,,,,,,,,,,,,,,,,,,,
553257,,,,,,,,,,,,,,,,,,,,,
553258,,,,,,,,,,,,,,,,,,,,,
553259,,,,,,,,,,,,,,,,,,,,,
553260,,,,,,,,,,,,,,,,,,,,,
553261,,,,,,,,,,,,,,,,,,,,,
553262,195,195,0,195,0,,,195,0,195,0,195,0,195,0,,,,,,
553268,,,,,,,,,,,,,,,,,,,,,
553270,9,9,0,9,0,9,0,9,0,9,0,,,9,0,9,0,9,0,,
553277,30,30,0,30,0,30,0,30,0,30,0,34,-0.118,34,-0.118,34,-0.118,30.5,-0.0164,34,-0.118
553278,,,,,,,,,,,,,,,,,,,,,
553282,26.5,26.5,0,26.5,0,26.5,0,26.5,0,26.5,0,26.5,0,26.5,0,26.5,0,26.5,0,,
553283,27.5,27.5,0,27.5,0,27.5,0,27.5,0,27.5,0,27.5,0,27.5,0,27.5,0,,,24.5,0.122
553284,27.5,27.5,0,27.5,0,27.5,0,27.5,0,27.5,0,27.5,0,27.5,0,27.5,0,27.5,0,24.5,0.122
553294,12.5,12.5,0,12.5,0,12.5,0,12.5,0,12.5,0,12.5,0,,,12.5,0,12.5,0,12.5,0
553295,,,,,,,,,,,,,,,,,,,,,
553296,2.9,2.9,0,2.9,0,2.9,0,2.9,0,2.9,0,2.9,0,2.9,0,3.2,-0.0938,3.2,-0.0938,3.2,-0.0938
553297,9.5,9.5,0,9.5,0,9.5,0,9.5,0,9.5,0,9.5,0,9.5,0,12.5,-0.24,12.5,-0.24,12.5,-0.24
553298,30,30,0,30,0,30,0,30,0,30,0,30,0,30,0,,,,,,
553299,30,30,0,30,0,30,0,30,0,30,0,30,0,,,,,,,,
553301,43.5,43.5,0,43.5,0,43.5,0,43.5,0,43.5,0,43.5,0,43.5,0,49.9,-0.128,,,,
553303,28.5,28.5,0,28.5,0,28.5,0,28.5,0,28.5,0,28.5,0,28.5,0,28.5,0,,,25.5,0.118
553304,25,25,0,25,0,25,0,25,0,25,0,25,0,25,0,25,0,25,0,21.9,0.142
553305,25,25,0,25,0,25,0,25,0,25,0,25,0,25,0,25,0,,,,
553306,25,25,0,25,0,25,0,25,0,25,0,25,0,25,0,25,0,,,,
553307,25,25,0,25,0,25,0,25,0,25,0,25,0,25,0,25,0,25,0,,
553308,25,25,0,25,0,25,0,25,0,25,0,25,0,25,0,25,0,25,0,,
553309,20.5,20.5,0,20.5,0,20.5,0,20.5,0,20.5,0,,,20.5,0,20.5,0,20.5,0,,
553310,7.5,7.5,0,7.5,0,7.5,0,7.5,0,7.5,0,7.5,0,7.5,0,,,,,,
553311,33.5,33.5,0,33.5,0,33.5,0,33.5,0,33.5,0,,,,,,,,,,
553313,10.9,10.9,0,10.9,0,10.9,0,10.9,0,,,,,,,10.9,0,,,,
553314,37.5,37.5,0,37.5,0,37.5,0,37.5,0,37.5,0,26,0.442,26,0.442,26,0.442,,,24,0.562
553315,37.5,37.5,0,37.5,0,37.5,0,37.5,0,37.5,0,32.5,0.154,32.5,0.154,32.5,0.154,,,26.5,0.415
553316,37.5,37.5,0,37.5,0,37.5,0,37.5,0,37.5,0,32.5,0.154,32.5,0.154,32.5,0.154,26.5,0.415,26.5,0.415
553317,55,55,0,55,0,55,0,55,0,55,0,45,0.222,45,0.222,45,0.222,37.5,0.467,,
553318,55,55,0,55,0,55,0,55,0,55,0,45,0.222,45,0.222,45,0.222,,,,
553319,489,489,0,489,0,,,489,0,489,0,489,0,489,0,489,0,,,,
553320,,,,,,,,,,,,,,,,,,,,,
553326,62,62,0,62,0,62,0,62,0,62,0,62,0,62,0,62,0,62,0,62,0
553327,75,75,0,75,0,75,0,75,0,75,0,75,0,75,0,75,0,75,0,,
553328,17.5,17.5,0,17.5,0,17.5,0,17.5,0,17.5,0,17.5,0,17.5,0,17.5,0,16,0.0938,,
553329,17.5,17.5,0,17.5,0,17.5,0,17.5,0,17.5,0,17.5,0,,,17.5,0,16,0.0938,,
553330,17.5,17.5,0,17.5,0,17.5,0,17.5,0,17.5,0,17.5,0,,,17.5,0,16,0.0938,,
553331,17.5,17.5,0,17.5,0,17.5,0,17.5,0,17.5,0,17.5,0,,,17.5,0,16,0.0938,,
553332,17.5,17.5,0,17.5,0,17.5,0,17.5,0,17.5,0,17.5,0,,,17.5,0,,,,
553333,,,,,,,,,,,,,,,,,,,,,
553335,355,355,0,355,0,355,0,386,-0.0806,386,-0.0806,386,-0.0806,386,-0.0806,386,-0.0806,419,-0.153,436,-0.186
553336,89,89,0,89,0,89,0,89,0,89,0,89,0,89,0,,,,,89,0
553337,,,,,,,,,,,,,,,,,,,,,
553338,,,,,,,,,,,,,,,,,,,,,
553339,,,,,,,,,,,,,,,,,,,,,
553340,95,95,0,95,0,95,0,95,0,95,0,95,0,95,0,,,95,0,,
553341,,,,,,,,,,,,,,,,,,,,,
553342,186,186,0,186,0,,,,,,,,,,,,,,,,
553343,186,186,0,186,0,,,186,0,186,0,186,0,186,0,195,-0.0462,195,-0.0462,,
553344,186,186,0,186,0,,,186,0,186,0,186,0,186,0,195,-0.0462,195,-0.0462,,
553345,,,,,,,,,,,,,,,,,,,,,
553348,,,,,,,,,,,,,,,,,,,,,
553349,99.9,99.9,0,135,-0.259,,,,,,,110,-0.091,,,,,,,,
553351,,,,,,,,,,,,,,,,,,,,,
553352,,,,,,,,,,,,,,,,,,,,,
553353,125,125,0,125,0,125,0,,,,,,,125,0,140,-0.107,140,-0.107,,
553354,,,,,,,,,,,,,,,,,,,,,
553356,,,,,,,,,,,,,,,,,,,,,
553357,114,114,0,114,0,,,114,0,114,0,99,0.146,99,0.146,99,0.146,99,0.146,99,0.146
553358,101,101,0,101,0,,,101,0,101,0,88.5,0.141,88.5,0.141,88.5,0.141,88.5,0.141,88.5,0.141
553360,,,,,,,,,,,,,,,,,,,,,
553361,,,,,,,,,,,,,,,,,,,,,
553362,122,122,0,122,0,,,122,0,122,0,122,0,122,0,122,0,122,0,,
553364,,,,,,,,,,,,,,,,,,,,,
553365,,,,,,,,,,,,,,,,,,,,,
553366,21.9,21.9,0,21.9,0,21.9,0,21.9,0,21.9,0,21.9,0,21.9,0,21.9,0,20.5,0.0683,20.5,0.0683
553367,21.9,21.9,0,21.9,0,21.9,0,21.9,0,21.9,0,21.9,0,21.9,0,,,,,,
553368,21.9,21.9,0,21.9,0,21.9,0,21.9,0,21.9,0,21.9,0,21.9,0,21.9,0,,,20.5,0.0683
553370,,,,,,,,,,,,,,,,,,,,,
553373,14.3,14.3,0,14.3,0,14.3,0,14.3,0,14.3,0,14.3,0,14.3,0,14.3,0,12,0.192,12,0.192
553374,14.3,14.3,0,14.3,0,14.3,0,14.3,0,14.3,0,14.3,0,14.3,0,14.3,0,12,0.192,12,0.192
553375,14.3,14.3,0,14.3,0,14.3,0,14.3,0,14.3,0,14.3,0,,,14.3,0,12,0.192,,
553376,,,,,,,,,,,,,,,,,,,,,
553377,6.5,6.5,0,6.5,0,6.5,0,6.5,0,6.5,0,6.5,0,6.5,0,5,0.3,5,0.3,3.8,0.711
553378,6.5,6.5,0,6.5,0,6.5,0,6.5,0,6.5,0,6.5,0,6.5,0,5,0.3,5,0.3,3.8,0.711
553379,6.5,6.5,0,6.5,0,6.5,0,6.5,0,6.5,0,6.5,0,6.5,0,5,0.3,5,0.3,3.8,0.711
553380,,,,,,,,,,,,,,,,,,,,,
553381,16.9,16.9,0,16.9,0,16.9,0,16.9,0,16.9,0,16.9,0,16.9,0,16.9,0,16.9,0,16.9,0
553382,16.9,16.9,0,16.9,0,16.9,0,16.9,0,16.9,0,16.9,0,16.9,0,16.9,0,16.9,0,16.9,0
553383,,,,,,,,,,,,,,,,,,,,,
553384,32.5,32.5,0,32.5,0,32.5,0,32.5,0,,,32.5,0,,,,,,,,
553385,39.5,39.5,0,39.5,0,39.5,0,39.5,0,,,39.5,0,39.5,0,,,39.5,0,36,0.0972
553386,,,,,,,,,,,,,,,,,,,,,
553387,,,,,,,,,,,,,,,,,,,,,
553388,,,,,,,,,,,,,,,,,,,,,
553389,8.2,8.2,0,8.2,0,8.2,0,8.2,0,8.2,0,8.2,0,8.2,0,8.2,0,8.2,0,8.2,0
553390,17.5,17.5,0,17.5,0,17.5,0,17.5,0,17.5,0,17.5,0,17.5,0,17.5,0,13.9,0.259,17.5,0
553391,18.5,18.5,0,18.5,0,18.5,0,18.5,0,18.5,0,18.5,0,18.5,0,18.5,0,17.5,0.0571,17.5,0.0571
553392,,,,,,,,,,,,,,,,,,,,,
553393,,,,,,,,,,,,,,,,,,,,,
553394,14.9,14.9,0,14.9,0,14.9,0,14.9,0,14.9,0,14.9,0,14.9,0,37.9,-0.607,37.9,-0.607,37.9,-0.607
553395,,,,,,,,,,,,,,,,,,,,,
553396,,,,,,,,,,,,,,,,,,,,,
553397,,,,,,,,,,,,,,,,,,,,,
553398,31.9,31.9,0,31.9,0,31.9,0,31.9,0,31.9,0,31.9,0,31.9,0,31.9,0,31.9,0,37.9,-0.158
553399,,,,,,,,,,,,,,,,,,,,,
553400,,,,,,,,,,,,,,,,,,,,,
553401,,,,,,,,,,,,,,,,,,,,,
553403,,,,,,,,,,,,,,,,,,,,,
553409,29.9,29.9,0,29.9,0,29.9,0,29.9,0,74.5,-0.599,74.5,-0.599,74.5,-0.599,,,74.5,-0.599,,
553410,84.9,84.9,0,84.9,0,84.9,0,84.9,0,84.9,0,84.9,0,84.9,0,84.9,0,,,,
553411,379,379,0,379,0,379,0,379,0,379,0,379,0,379,0,,,379,0,,
553413,33.9,33.9,0,33.9,0,33.9,0,33.9,0,33.9,0,33.9,0,33.9,0,33.9,0,33.9,0,33.9,0
553414,71.9,71.9,0,71.9,0,71.9,0,71.9,0,71.9,0,71.9,0,71.9,0,71.9,0,,,71.9,0
553415,,,,,,,,,,,,,,,,,,,,,
553416,,,,,,,,,,,,,,,,,,,,,
553419,,,,,,,,,,,,,,,,,,,,,
553420,,,,,,,,,,,,,,,,,,,,,
553421,,,,,,,,,,,,,,,,,,,,,
553422,,,,,,,,,,,,,,,,,,,,,
553423,,,,,,,,,,,,,,,,,,,,,
553424,28,28,0,28,0,28,0,28,0,28,0,28,0,28,0,28,0,,,26,0.0769
553425,26,26,0,26,0,,,,,26,0,26,0,26,0,26,0,24,0.0833,24,0.0833
553426,,,,,,,,,,,,,,,,,,,,,
553427,18,18,0,18,0,18,0,18,0,18,0,18,0,18,0,18,0,15,0.2,15,0.2
553429,30,30,0,30,0,30,0,30,0,30,0,30,0,30,0,30,0,,,,
553430,15,15,0,15,0,,,15,0,15,0,,,15,0,15,0,15,0,15,0
553431,15,15,0,15,0,15,0,15,0,15,0,,,15,0,15,0,15,0,15,0
553432,31.5,31.5,0,31.5,0,,,31.5,0,31.5,0,31.5,0,31.5,0,,,,,,
553433,,,,,,,,,,,,,,,,,,,,,
553434,2,2,0,2,0,2,0,2,0,2,0,2,0,2,0,2,0,2,0,,
553435,2,2,0,2,0,2,0,,,2,0,2,0,2,0,2,0,2,0,,
553436,30,30,0,30,0,30,0,30,0,30,0,30,0,30,0,30,0,30,0,,
553437,20.5,20.5,0,20.5,0,20.5,0,20.5,0,20.5,0,20.5,0,20.5,0,20.5,0,20.5,0,,
553438,20.5,20.5,0,20.5,0,20.5,0,20.5,0,20.5,0,20.5,0,20.5,0,20.5,0,20.5,0,19.5,0.0513
553439,20.5,20.5,0,20.5,0,20.5,0,20.5,0,20.5,0,20.5,0,20.5,0,20.5,0,,,19.5,0.0513
553440,20.5,20.5,0,20.5,0,20.5,0,20.5,0,20.5,0,20.5,0,20.5,0,20.5,0,20.5,0,,
553441,21.5,21.5,0,21.5,0,21.5,0,21.5,0,21.5,0,21.5,0,21.5,0,,,21.5,0,19.5,0.103
553444,7.5,7.5,0,7.5,0,7.5,0,7.5,0,7.5,0,,,7.5,0,8.5,-0.118,8.5,-0.118,8.5,-0.118
553445,7.5,7.5,0,7.5,0,7.5,0,7.5,0,7.5,0,7.5,0,7.5,0,8.5,-0.118,8.5,-0.118,8.5,-0.118
553446,40,40,0,40,0,40,0,40,0,40,0,,,,,40,0,40,0,,
553447,210,210,0,210,0,,,210,0,210,0,210,0,210,0,189,0.111,,,,
553448,31,31,0,31,0,31,0,31,0,31,0,31,0,31,0,31,0,31,0,,
553449,38.5,38.5,0,38.5,0,38.5,0,38.5,0,38.5,0,38.5,0,38.5,0,,,38.5,0,,
553450,52,52,0,52,0,52,0,52,0,52,0,,,,,52,0,52,0,,
553452,83,83,0,83,0,,,83,0,83,0,83,0,83,0,83,0,83,0,,
553453,50,50,0,50,0,,,50,0,50,0,50,0,50,0,,,,,,
553454,21,21,0,,,,,21,0,21,0,21,0,21,0,19.9,0.0553,18.9,0.111,,
553455,,,,,,,,,,,,,,,,,,,,,
553456,,,,,,,,,,,,,,,,,,,,,
553457,,,,,,,,,,,,,,,,,,,,,
553458,,,,,,,,,,,,,,,,,,,,,
553459,,,,,,,,,,,,,,,,,,,,,
553460,,,,,,,,,,,,,,,,,,,,,
553461,,,,,,,,,,,,,,,,,,,,,
553462,,,,,,,,,,,,,,,,,,,,,
553463,38.5,38.5,0,38.5,0,38.5,0,38.5,0,38.5,0,38.5,0,38.5,0,38.5,0,38.5,0,,
553464,24.9,24.9,0,24.9,0,24.9,0,24.9,0,24.9,0,24.9,0,24.9,0,24.9,0,24.9,0,,
553465,6.9,6.9,0,6.9,0,6.9,0,6.9,0,6.9,0,6.9,0,6.9,0,6.9,0,6.9,0,,
553466,95,95,0,95,0,95,0,95,0,95,0,95,0,105,-0.0952,105,-0.0952,115,-0.174,,
553467,95,95,0,95,0,95,0,95,0,95,0,95,0,105,-0.0952,105,-0.0952,115,-0.174,,
553468,95,95,0,95,0,95,0,95,0,95,0,95,0,105,-0.0952,105,-0.0952,115,-0.174,,
553469,112,112,0,112,0,112,0,,,,,109,0.0321,109,0.0321,109,0.0321,89.9,0.251,,
553470,61.9,61.9,0,61.9,0,61.9,0,,,,,61.9,0,61.9,0,61.9,0,54.9,0.128,,
553471,26.9,26.9,0,26.9,0,26.9,0,26.9,0,26.9,0,26.9,0,26.9,0,26.9,0,21.5,0.251,,
553472,,,,,,,,,,,,,,,,,,,,,
553473,,,,,,,,,,,,,,,,,,,,,
553474,,,,,,,,,,,,,,,,,,,,,
553475,,,,,,,,,,,,,,,,,,,,,
553476,,,,,,,,,,,,,,,,,,,,,
553477,,,,,,,,,,,,,,,,,,,,,
553478,,,,,,,,,,,,,,,,,,,,,
553480,5.5,5.5,0,5.5,0,5.5,0,5.5,0,,,,,,,5.9,-0.0678,5.9,-0.0678,,
553481,,,,,,,,,,,,,,,,,,,,,
553482,,,,,,,,,,,,,,,,,,,,,
553483,14,14,0,14,0,14,0,14,0,14,0,14,0,14,0,14,0,14,0,,
553585,,,,,,,,,,,,,,,,,,,,,
553588,,,,,,,,,,,,,,,,,,,,,
553589,,,,,,,,,,,,,,,,,,,,,
553590,22.5,22.5,0,22.5,0,,,19.5,0.154,19.5,0.154,,,,,18,0.25,18,0.25,,
553591,22.5,22.5,0,22.5,0,,,19.5,0.154,19.5,0.154,,,19.5,0.154,,,,,,
553592,,,,,,,,,,,,,,,,,,,,,
553593,,,,,,,,,,,,,,,,,,,,,
553594,4.8,4.8,0,4.8,0,4.8,0,4.8,0,,,3.5,0.371,3.5,0.371,,,3.5,0.371,,
553595,14.5,14.5,0,14.5,0,14.5,0,,,,,,,12.5,0.16,12.5,0.16,9.9,0.465,,
553596,14.5,14.5,0,14.5,0,14.5,0,,,,,12.5,0.16,12.5,0.16,12.5,0.16,9.9,0.465,,
553597,18.9,18.9,0,18.9,0,18.9,0,,,18.9,0,18.9,0,18.9,0,18.9,0,18.9,0,,
553598,18.9,18.9,0,18.9,0,18.9,0,18.9,0,18.9,0,18.9,0,,,18.9,0,18.9,0,,
553599,28.9,28.9,0,28.9,0,28.9,0,28.9,0,28.9,0,28.9,0,28.9,0,28.9,0,28.9,0,,
553600,17.5,17.5,0,17.5,0,17.5,0,17.5,0,17.5,0,17.5,0,17.5,0,17.5,0,17.5,0,,
553601,17.5,17.5,0,17.5,0,17.5,0,17.5,0,17.5,0,17.5,0,17.5,0,17.5,0,17.5,0,,
553602,17.5,17.5,0,17.5,0,17.5,0,,,,,,,17.5,0,17.5,0,17.5,0,,
553603,12,12,0,12,0,12,0,12,0,12,0,,,12,0,11.5,0.0435,11,0.0909,,
553604,13,13,0,13,0,13,0,13,0,13,0,13,0,13,0,13,0,12.5,0.04,,
553605,14,14,0,14,0,14,0,11.9,0.176,11.9,0.176,,,,,14,0,,,,
553606,,,,,,,,,,,,,,,,,,,,,
553607,43.5,43.5,0,43.5,0,43.5,0,39.5,0.101,39.5,0.101,39.5,0.101,39.5,0.101,34.5,0.261,34.5,0.261,,
553608,29.9,29.9,0,29.9,0,29.9,0,29.9,0,29.9,0,29.9,0,29.9,0,34,-0.121,34,-0.121,,
553609,,,,,,,,,,,,,,,,,,,,,
553610,7.5,7.5,0,7.5,0,7.5,0,7.5,0,7.5,0,7.5,0,7.5,0,8.5,-0.118,8.5,-0.118,,
553618,7,7,0,7,0,7,0,7,0,7,0,7,0,7,0,,,7,0,,
553620,,,,,,,,,,,,,,,,,,,,,
553621,9,9,0,9,0,9,0,9,0,,,9,0,9,0,8.5,0.0588,,,,
553622,5,5,0,5,0,5,0,5,0,5,0,5,0,5,0,4.5,0.111,4.5,0.111,,
553623,20,20,0,20,0,20,0,20,0,20,0,20,0,20,0,20,0,20,0,,
553624,,,,,,,,,,,,,,,,,,,,,
553625,25,25,0,25,0,25,0,25,0,25,0,25,0,25,0,,,21.9,0.142,,
553626,20,20,0,20,0,20,0,20,0,20,0,20,0,20,0,20,0,20,0,,
553628,23.5,23.5,0,23.5,0,23.5,0,23.5,0,23.5,0,,,,,20.5,0.146,20.5,0.146,,
553629,32.5,32.5,0,32.5,0,32.5,0,32.5,0,32.5,0,32.5,0,32.5,0,32.5,0,32.5,0,,
553630,43.5,43.5,0,43.5,0,43.5,0,43.5,0,43.5,0,43.5,0,43.5,0,43.5,0,,,,
553631,47.5,47.5,0,47.5,0,47.5,0,47.5,0,47.5,0,47.5,0,47.5,0,47.5,0,47.5,0,,
553632,105,105,0,124,-0.154,,,,,,,,,,,,,,,,
553633,30,30,0,30,0,,,30,0,30,0,30,0,30,0,30,0,30,0,,
553634,,,,,,,,,,,,,,,,,,,,,
553635,105,125,-0.161,125,-0.161,125,-0.161,125,-0.161,125,-0.161,125,-0.161,125,-0.161,125,-0.161,125,-0.161,,
553636,31.8,31.8,0,31.8,0,31.8,0,31.8,0,31.8,0,31.8,0,31.8,0,31.8,0,31.8,0,,
553637,31.8,31.8,0,31.8,0,31.8,0,31.8,0,31.8,0,31.8,0,31.8,0,31.8,0,31.8,0,,
553638,,,,,,,,,,,,,,,,,,,,,
553639,22,22,0,22,0,22,0,22,0,,,22,0,22,0,,,22,0,,
553640,,,,,,,,,,,,,,,,,,,,,
553641,160,160,0,160,0,160,0,,,,,160,0,,,160,0,165,-0.0303,,
553642,160,160,0,160,0,160,0,160,0,160,0,,,,,160,0,,,,
553643,160,160,0,160,0,160,0,160,0,160,0,160,0,160,0,160,0,165,-0.0303,,
553644,160,160,0,160,0,160,0,160,0,160,0,160,0,160,0,160,0,165,-0.0303,,
553645,7.5,7.5,0,7.5,0,7.5,0,7.5,0,7.5,0,7.5,0,,,8.5,-0.118,8.5,-0.118,,
553646,,,,,,,,,,,,,,,,,,,,,
553647,,,,,,,,,,,,,,,,,,,,,
553648,,,,,,,,,,,,,,,,,,,,,
553649,6,6,0,6,0,6,0,6,0,6,0,6,0,6,0,6,0,5.5,0.0909,,
553650,6,6,0,6,0,6,0,6,0,6,0,6,0,6,0,6,0,5.5,0.0909,,
553651,6,6,0,6,0,6,0,6,0,6,0,6,0,6,0,6,0,5.5,0.0909,,
553652,6,6,0,6,0,6,0,6,0,6,0,6,0,6,0,6,0,5.5,0.0909,,
553654,,,,,,,,,,,,,,,,,,,,,
553655,33.8,33.8,0,33.8,0,33.8,0,33.8,0,33.8,0,33.8,0,33.8,0,33.8,0,,,,
553656,28.5,28.5,0,28.5,0,28.5,0,28.5,0,28.5,0,28.5,0,28.5,0,28.5,0,28.5,0,,
553657,4.9,4.9,0,4.9,0,3.9,0.256,4,0.225,4,0.225,4,0.225,4,0.225,4,0.225,4,0.225,,
553658,4.5,4.5,0,4.5,0,3.9,0.154,4,0.125,4,0.125,4,0.125,4,0.125,4,0.125,4,0.125,,
553659,20,20,0,20,0,18.5,0.0811,18.5,0.0811,18.5,0.0811,18.5,0.0811,18.5,0.0811,18.5,0.0811,17.5,0.143,,
553660,9,9,0,9,0,9,0,9,0,9,0,9,0,9,0,9,0,,,,
553661,10,10,0,10,0,10,0,10,0,10,0,10,0,10,0,10,0,,,,
553662,13.5,13.5,0,13.5,0,13.5,0,13.5,0,13.5,0,13.5,0,13.5,0,13.5,0,,,,
553663,38.5,38.5,0,38.5,0,38.5,0,38.5,0,38.5,0,38.5,0,38.5,0,,,,,,
553664,40.5,40.5,0,40.5,0,40.5,0,40.5,0,40.5,0,40.5,0,40.5,0,40.5,0,,,,
553665,36,105,-0.657,36,0,36,0,36,0,36,0,36,0,36,0,36,0,,,,
553666,13,,,,,,,,,,,,,,,,,,,,
553669,13.5,,,,,,,,,,,,,,,,,,,,
553670,18,,,,,,,,,,,,,,,,,,,,
553671,11,,,,,,,,,,,,,,,,,,,,
553672,7.8,,,,,,,,,,,,,,,,,,,,
553673,24,,,,,,,,,,,,,,,,,,,,
553675,10,,,,,,,,,,,,,,,,,,,,
553677,28.5,,,,,,,,,,,,,,,,,,,,
553678,,,,,,,,,,,,,,,,,,,,,
553679,,,,,,,,,,,,,,,,,,,,,
553680,,,,,,,,,,,,,,,,,,,,,
553681,205,205,0,205,0,,,205,0,205,0,205,0,205,0,199,0.0302,199,0.0302,,
553682,205,205,0,205,0,,,205,0,205,0,205,0,205,0,199,0.0302,199,0.0302,,
553683,200,200,0,200,0,,,200,0,200,0,200,0,200,0,188,0.0667,188,0.0667,,
553684,,,,,,,,,,,,,,,,,,,,,
553686,,,,,,,,,,,,,,,,,,,,,
553687,16.9,16.9,0,16.9,0,16.9,0,16.9,0,,,16.9,0,,,16.9,0,,,,
553688,,,,,,,,,,,,,,,,,,,,,
553689,20,20,0,20,0,,,20,0,20,0,20,0,20,0,20,0,,,,
553690,38.9,38.9,0,38.9,0,,,38.9,0,38.9,0,38.9,0,38.9,0,38.9,0,,,,
553691,122,122,0,122,0,,,122,0,122,0,,,,,,,122,0,,
553692,109,109,0,109,0,,,109,0,109,0,109,0,109,0,,,109,0,,
553693,,,,,,,,,,,,,,,,,,,,,
553694,23,23,0,23,0,23,0,23,0,23,0,21.5,0.0698,21.5,0.0698,,,,,,
553695,23,23,0,23,0,23,0,23,0,23,0,21.5,0.0698,21.5,0.0698,,,,,,
553696,23,23,0,23,0,23,0,23,0,23,0,21.5,0.0698,21.5,0.0698,21.5,0.0698,,,,
553697,23,23,0,23,0,23,0,23,0,,,,,,,21.5,0.0698,,,,
553698,35,35,0,35,0,35,0,35,0,35,0,28.5,0.228,28.5,0.228,,,,,,
553699,35,35,0,35,0,35,0,35,0,35,0,28.5,0.228,28.5,0.228,28.5,0.228,,,,
553700,35,35,0,35,0,35,0,35,0,35,0,28.5,0.228,28.5,0.228,28.5,0.228,,,,
553701,5,5,0,5,0,5,0,5,0,5,0,,,,,,,,,,
553702,5,5,0,5,0,5,0,5,0,5,0,,,,,,,,,,
553703,4.5,4.5,0,5,-0.1,5,-0.1,4,0.125,4,0.125,4,0.125,4,0.125,4,0.125,,,,
553705,,,,,,,,,,,,,,,,,,,,,
553707,,,,,,,,,,,,,,,,,,,,,
553710,344,344,0,344,0,344,0,344,0,344,0,344,0,344,0,344,0,,,,
553711,64.9,64.9,0,64.9,0,64.9,0,64.9,0,,,,,,,69.9,-0.0715,,,,
553712,36.9,36.9,0,36.9,0,36.9,0,36.9,0,36.9,0,36.9,0,36.9,0,36.9,0,,,,
553714,19.9,19.9,0,19.9,0,19.9,0,19.9,0,,,,,,,,,,,,
553715,,,,,,,,,,,,,,,,,,,,,
553719,160,160,0,160,0,160,0,160,0,160,0,160,0,160,0,160,0,,,,
553726,,,,,,,,,,,,,,,,,,,,,
553728,31.9,31.9,0,31.9,0,31.9,0,31.9,0,31.9,0,31.9,0,31.9,0,31.9,0,,,,
553731,,,,,,,,,,,,,,,,,,,,,
553732,118,118,0,118,0,,,118,0,118,0,118,0,118,0,118,0,,,,
553733,235,235,0,235,0,,,235,0,235,0,235,0,235,0,235,0,,,,
553734,375,375,0,375,0,,,375,0,375,0,375,0,375,0,375,0,,,,
553737,,,,,,,,,,,,,,,,,,,,,
553739,135,135,0,135,0,,,135,0,135,0,135,0,135,0,135,0,,,,
553740,41,41,0,41,0,,,,,,,,,,,,,,,,
553741,,,,,,,,,,,,,,,,,,,,,
553742,,,,,,,,,,,,,,,,,,,,,
553743,240,240,0,240,0,240,0,240,0,240,0,,,,,199,0.206,,,,
553744,7.9,7.9,0,7.9,0,9.9,-0.202,6.9,0.145,8.9,-0.112,9.9,-0.202,9.9,-0.202,9.9,-0.202,,,,
553745,13.9,13.9,0,13.9,0,,,13.9,0,13.9,0,13.9,0,13.9,0,14.5,-0.0414,,,,
553746,56,56,0,56,0,,,56,0,56,0,56,0,56,0,56,0,,,,
553748,11.9,11.9,0,11.9,0,11.9,0,11.9,0,11.9,0,,,11.9,0,11.9,0,,,,
553749,11.9,11.9,0,11.9,0,11.9,0,11.9,0,11.9,0,11.9,0,11.9,0,,,,,,
553750,11.9,11.9,0,11.9,0,11.9,0,11.9,0,11.9,0,11.9,0,,,11.9,0,,,,
553751,,,,,,,,,,,,,,,,,,,,,
553752,,,,,,,,,,,,,,,,,,,,,
553753,,,,,,,,,,,,,,,,,,,,,
553754,16.5,16.5,0,16.5,0,16.5,0,16.5,0,,,,,,,15.5,0.0645,,,,
553755,28.5,28.5,0,28.5,0,28.5,0,28.5,0,,,,,,,27,0.0556,,,,
553756,36,36,0,36,0,36,0,36,0,36,0,36,0,36,0,,,,,,
553757,210,210,0,210,0,210,0,210,0,,,210,0,210,0,210,0,,,,
553758,210,210,0,210,0,210,0,210,0,210,0,,,210,0,,,,,,
553759,,,,,,,,,,,,,,,,,,,,,
553760,16.5,16.5,0,16.5,0,16.5,0,16.5,0,16.5,0,16.5,0,16.5,0,16.5,0,,,,
553761,8,8,0,8,0,8,0,8,0,,,8,0,8,0,8,0,,,,
553762,8,8,0,8,0,8,0,8,0,8,0,8,0,8,0,8,0,,,,
553763,8,8,0,8,0,8,0,8,0,8,0,8,0,8,0,8,0,,,,
553764,17.5,17.5,0,17.5,0,17.5,0,17.5,0,17.5,0,17.5,0,16.9,0.0355,16.9,0.0355,,,,
553767,12.5,12.5,0,12.5,0,12.5,0,12.5,0,,,12.5,0,12.5,0,12,0.0417,,,,
553768,12.5,12.5,0,12.5,0,12.5,0,12.5,0,12.5,0,12.5,0,12.5,0,12,0.0417,,,,
553769,,,,,,,,,,,,,,,,,,,,,
553770,6.5,6.5,0,6.5,0,6.5,0,6.5,0,,,,,6.5,0,6.5,0,,,,
553771,,,,,,,,,,,,,,,,,,,,,
553772,,,,,,,,,,,,,,,,,,,,,
553773,10.5,10.5,0,10.5,0,,,10.5,0,10.5,0,10.5,0,10.5,0,10.5,0,,,,
553774,,,,,,,,,,,,,,,,,,,,,
553777,21,21,0,21,0,21,0,21,0,21,0,21,0,21,0,21,0,,,,
553778,37.5,37.5,0,37.5,0,37.5,0,37.5,0,37.5,0,37.5,0,37.5,0,37.5,0,,,,
553780,43.5,43.5,0,43.5,0,43.5,0,43.5,0,43.5,0,43.5,0,43.5,0,43.5,0,,,,
553781,,,,,,,,,,,,,,,,,,,,,
553782,28.5,28.5,0,28.5,0,28.5,0,28.5,0,28.5,0,23.5,0.213,23.5,0.213,23.5,0.213,,,,
553783,27.5,27.5,0,27.5,0,27.5,0,27.5,0,27.5,0,23,0.196,23,0.196,23,0.196,,,,
553784,63.5,63.5,0,63.5,0,63.5,0,63.5,0,63.5,0,50,0.27,50,0.27,50,0.27,,,,
553785,27,27,0,27,0,27,0,,,,,,,22.5,0.2,22.5,0.2,,,,
553786,62.5,62.5,0,62.5,0,62.5,0,62.5,0,62.5,0,55.5,0.126,55.5,0.126,55.5,0.126,,,,
553787,68.5,68.5,0,68.5,0,68.5,0,68.5,0,68.5,0,54,0.269,54,0.269,54,0.269,,,,
553788,116,116,0,116,0,,,116,0,116,0,116,0,116,0,,,,,,
553790,115,115,0,115,0,,,115,0,115,0,115,0,115,0,115,0,,,,
553791,115,115,0,115,0,,,115,0,115,0,115,0,115,0,115,0,,,,
553792,115,115,0,115,0,,,115,0,115,0,115,0,115,0,115,0,,,,
553793,115,115,0,115,0,,,115,0,115,0,115,0,115,0,115,0,,,,
553794,6.5,6.5,0,6.5,0,6.5,0,6.5,0,6.5,0,6.5,0,6.5,0,6.5,0,,,,
553795,6.5,6.5,0,6.5,0,6.5,0,,,6.5,0,6.5,0,6.5,0,6.5,0,,,,
553796,,,,,,,,,,,,,,,,,,,,,
553797,6.5,6.5,0,6.5,0,6.5,0,6.5,0,6.5,0,6.5,0,6.5,0,6.5,0,,,,
553798,16.9,16.9,0,16.9,0,16.9,0,16.9,0,16.9,0,16,0.0562,16,0.0562,16,0.0562,,,,
553799,16.9,16.9,0,16.9,0,16.9,0,16.9,0,16.9,0,16,0.0562,16,0.0562,,,,,,
553800,16.9,16.9,0,16.9,0,16.9,0,16.9,0,16.9,0,16,0.0562,16,0.0562,,,,,,
553801,,,,,,,,,,,,,,,,,,,,,
553803,23,23,0,23,0,23,0,23,0,23,0,23,0,23,0,23,0,,,,
553804,6.9,6.9,0,6.9,0,6.9,0,6.9,0,6.9,0,6.9,0,6.9,0,6.9,0,,,,
553805,6.9,6.9,0,6.9,0,6.9,0,6.9,0,6.9,0,6.9,0,6.9,0,6.9,0,,,,
553806,6,6,0,6,0,6,0,6,0,6,0,6,0,6,0,,,,,,
553807,31.5,31.5,0,31.5,0,,,31.5,0,31.5,0,31.5,0,31.5,0,31.5,0,,,,
553808,21.9,21.9,0,27.5,-0.204,27.5,-0.204,27.5,-0.204,27.5,-0.204,23.5,-0.0681,23.5,-0.0681,21.5,0.0186,,,,
553809,,,,,,,,,,,,,,,,,,,,,
553811,19.5,19.5,0,19.5,0,19.5,0,19.5,0,19.5,0,19.5,0,19.5,0,,,,,,
553812,19.5,19.5,0,19.5,0,19.5,0,19.5,0,19.5,0,19.5,0,19.5,0,,,,,,
553813,4.5,4.5,0,5,-0.1,5,-0.1,4,0.125,,,,,,,,,,,,
553814,,,,,,,,,,,,,,,,,,,,,
553815,300,300,0,300,0,,,300,0,300,0,300,0,300,0,,,,,,
553819,199,199,0,199,0,,,199,0,199,0,199,0,199,0,,,,,,
553820,179,179,0,179,0,,,179,0,179,0,179,0,179,0,,,,,,
553822,149,149,0,149,0,,,149,0,149,0,149,0,149,0,,,,,,
553824,,,,,,,,,,,,,,,,,,,,,
553827,,,,,,,,,,,,,,,,,,,,,
553831,,,,,,,,,,,,,,,,,,,,,
553832,,,,,,,,,,,,,,,,,,,,,
553835,250,250,0,250,0,,,250,0,250,0,250,0,250,0,,,,,,
553839,93.9,93.9,0,93.9,0,,,93.9,0,93.9,0,93.9,0,93.9,0,,,,,,
553840,59.9,59.9,0,59.9,0,,,59.9,0,59.9,0,59.9,0,59.9,0,,,,,,
553845,26.5,26.5,0,26.5,0,26.5,0,26.5,0,26.5,0,,,26.5,0,,,,,,
553846,27.5,27.5,0,27.5,0,27.5,0,27.5,0,27.5,0,,,27.5,0,,,,,,
553847,24.9,24.9,0,24.9,0,24.9,0,24.9,0,24.9,0,24.9,0,24.9,0,,,,,,
553848,28,28,0,28,0,28,0,28,0,,,,,,,,,,,,
553849,16.5,16.5,0,16.5,0,16.5,0,16.5,0,16.5,0,,,,,,,,,,
553851,43.5,43.5,0,43.5,0,43.5,0,43.5,0,43.5,0,,,,,,,,,,
553852,43.5,43.5,0,43.5,0,43.5,0,43.5,0,43.5,0,,,,,,,,,,
553853,15.5,15.5,0,15.5,0,15.5,0,15.5,0,15.5,0,15.5,0,15.5,0,,,,,,
553854,20,20,0,20,0,,,20,0,20,0,20,0,20,0,20,0,,,,
553855,27.5,27.5,0,27.5,0,27.5,0,27.5,0,27.5,0,,,27.5,0,,,,,,
553856,27.5,27.5,0,27.5,0,27.5,0,27.5,0,27.5,0,27.5,0,27.5,0,,,,,,
553857,22.5,22.5,0,22.5,0,22.5,0,22.5,0,22.5,0,22.5,0,22.5,0,,,,,,
553858,,,,,,,,,,,,,,,,,,,,,
553861,10,10,0,10,0,10,0,10,0,10,0,10,0,10,0,,,,,,
553862,7,7,0,7,0,7,0,7,0,7,0,7,0,7,0,,,,,,
553863,8,8,0,8,0,8,0,7,0.143,7,0.143,8,0,8,0,,,,,,
553865,,,,,,,,,,,,,,,,,,,,,
553866,11.4,11.4,0,11.4,0,11.4,0,11.4,0,11.4,0,11.4,0,,,,,,,,
553867,7,7,0,7,0,7,0,7,0,7,0,7,0,,,,,,,,
553868,,,,,,,,,,,,,,,,,,,,,
553869,2.7,2.7,0,2.7,0,2.7,0,2.7,0,2.7,0,2.7,0,2.7,0,,,,,,
553870,4.5,4.5,0,4.5,0,4.5,0,4.5,0,4.5,0,4.5,0,4.5,0,,,,,,
553871,4.5,4.5,0,4.5,0,4.5,0,4.5,0,4.5,0,4.5,0,4.5,0,,,,,,
553872,2.7,2.7,0,2.7,0,2.7,0,2.7,0,2.7,0,2.7,0,2.7,0,,,,,,
553873,8,8,0,8,0,,,8,0,,,8,0,8,0,,,,,,
553874,,,,,,,,,,,,,,,,,,,,,
553875,27,27,0,27,0,27,0,,,,,,,,,,,,,,
553876,11.5,11.5,0,11.5,0,11.5,0,11.5,0,11.5,0,11.5,0,,,,,,,,
553880,7.5,7.5,0,7.5,0,7.5,0,6.9,0.087,6.9,0.087,6.9,0.087,,,,,,,,
553881,17.5,17.5,0,17.5,0,17.5,0,15,0.167,15,0.167,15,0.167,,,,,,,,
553882,13,13,0,13,0,,,13,0,13,0,13,0,13,0,,,,,,
553884,10,10,0,10,0,10,0,10,0,10,0,10,0,8,0.25,,,,,,
553886,15,15,0,,,,,,,,,,,,,,,,,,
553887,7.8,7.8,0,7.8,0,7.8,0,7.8,0,7.8,0,7.8,0,7.8,0,,,,,,
553888,7,7,0,7,0,7,0,7,0,7,0,7,0,7,0,,,,,,
553889,,,,,,,,,,,,,,,,,,,,,
553891,130,130,0,130,0,,,130,0,130,0,130,0,130,0,,,,,,
553892,130,130,0,130,0,,,130,0,130,0,130,0,130,0,,,,,,
553893,21.5,21.5,0,21.5,0,21.5,0,21.5,0,21.5,0,,,,,,,,,,
553894,10,10,0,10,0,10,0,10,0,10,0,,,,,,,,,,
553895,45.5,45.5,0,45.5,0,45.5,0,45.5,0,45.5,0,,,,,,,,,,
553896,55,55,0,55,0,55,0,55,0,55,0,,,,,,,,,,
553897,52.5,52.5,0,52.5,0,52.5,0,52.5,0,52.5,0,,,,,,,,,,
553898,45.5,45.5,0,45.5,0,45.5,0,45.5,0,45.5,0,,,,,,,,,,
553899,10,10,0,10,0,10,0,10,0,10,0,,,,,,,,,,
553900,11.5,11.5,0,11.5,0,11.5,0,11.5,0,11.5,0,,,,,,,,,,
553901,11.5,11.5,0,11.5,0,11.5,0,11.5,0,11.5,0,,,,,,,,,,
553908,160,,,,,160,0,160,0,160,0,160,0,160,0,,,,,,
553963,65,65,0,65,0,,,65,0,65,0,65,0,65,0,,,,,,
554000,128,128,0,128,0,,,128,0,128,0,128,0,,,,,,,,
554001,222,222,0,222,0,,,222,0,222,0,222,0,,,,,,,,
554002,399,399,0,399,0,,,399,0,399,0,,,,,,,,,,
554003,10.5,10.5,0,10.5,0,10.5,0,10.5,0,10.5,0,10.5,0,10.5,0,,,,,,
554004,6.9,6.9,0,6.9,0,6.9,0,6.9,0,,,,,6.9,0,,,,,,
554006,62.5,62.5,0,62.5,0,,,,,62.5,0,62.5,0,,,,,,,,
554007,112,112,0,112,0,,,112,0,112,0,,,,,,,,,,
554008,28.9,28.9,0,28.9,0,28.9,0,28.9,0,28.9,0,28.9,0,28.9,0,,,,,,
554009,28.9,28.9,0,28.9,0,28.9,0,28.9,0,28.9,0,,,28.9,0,,,,,,
554011,175,175,0,175,0,,,175,0,175,0,175,0,,,,,,,,
554012,140,140,0,140,0,,,140,0,140,0,140,0,,,,,,,,
554014,22.5,22.5,0,22.5,0,22.5,0,22.5,0,22.5,0,22.5,0,22.5,0,,,,,,
554019,39.9,39.9,0,39.9,0,39.9,0,44.9,-0.111,,,,,,,,,,,,
554021,13.9,13.9,0,13.9,0,13.9,0,13.9,0,13.9,0,13.9,0,,,,,,,,
554026,27.5,27.5,0,27.5,0,27.5,0,27.5,0,27.5,0,27.5,0,,,,,,,,
554027,27.5,27.5,0,27.5,0,27.5,0,27.5,0,27.5,0,27.5,0,,,,,,,,
554028,,,,,,,,,,,,,,,,,,,,,
554034,18,18,0,18,0,18,0,17.5,0.0286,17.5,0.0286,17.5,0.0286,,,,,,,,
554035,18,18,0,18,0,18,0,17.5,0.0286,17.5,0.0286,,,,,,,,,,
554038,13.5,13.5,0,13.5,0,13.5,0,,,,,,,,,,,,,,
554039,17,17,0,,,,,,,,,,,,,,,,,,
554040,19,19,0,19,0,19,0,19,0,,,,,,,,,,,,
554044,,,,,,,,,,,,,,,,,,,,,
554045,37.5,,,,,,,,,,,,,,,,,,,,
554049,,,,,,,,,,,,,,,,,,,,,
554050,,,,,,,,,,,,,,,,,,,,,
554051,12.5,12.5,0,12.5,0,12.5,0,12.5,0,12.5,0,12.5,0,,,,,,,,
554054,13,13,0,13,0,13,0,13,0,,,10.5,0.238,,,,,,,,
554055,13,13,0,13,0,13,0,13,0,,,10.5,0.238,,,,,,,,
554056,13,13,0,13,0,13,0,13,0,13,0,10.5,0.238,,,,,,,,
554057,,,,,,,,,,,,,,,,,,,,,
554058,17.5,17.5,0,17.5,0,17.5,0,17.5,0,17.5,0,17.5,0,,,,,,,,
554059,23.9,23.9,0,23.9,0,23.9,0,23.9,0,23.9,0,23.9,0,,,,,,,,
554060,,,,,,,,,,,,,,,,,,,,,
554061,72.5,72.5,0,72.5,0,72.5,0,,,72.5,0,72.5,0,,,,,,,,
554063,,,,,,,,,,,,,,,,,,,,,
554064,,,,,,,,,,,,,,,,,,,,,
554065,,,,,,,,,,,,,,,,,,,,,
554067,,,,,,,,,,,,,,,,,,,,,
554068,75,75,0,75,0,75,0,75,0,75,0,75,0,,,,,,,,
554070,,,,,,,,,,,,,,,,,,,,,
554071,12.5,12.5,0,12.5,0,12.5,0,12.5,0,,,,,,,,,,,,
554072,22.9,22.9,0,27,-0.152,27,-0.152,21.9,0.0457,21.9,0.0457,,,,,,,,,,
554073,42,42,0,42,0,,,42,0,42,0,,,,,,,,,,
554080,12.5,12.5,0,12.5,0,12.5,0,12.5,0,,,,,,,,,,,,
554081,38.5,38.5,0,38.5,0,38.5,0,29.9,0.288,,,,,,,,,,,,
554082,20,20,0,22,-0.0909,22,-0.0909,18.9,0.0582,18.9,0.0582,,,,,,,,,,
554083,25,25,0,25,0,25,0,,,,,,,,,,,,,,
554084,19.5,19.5,0,19.5,0,19.5,0,16.9,0.154,16.9,0.154,,,,,,,,,,
554087,6,6,0,6,0,6,0,6,0,,,,,,,,,,,,
554089,78,78,0,78,0,,,,,,,,,,,,,,,,
554090,5.6,5.6,0,5.6,0,5.6,0,5.6,0,,,,,,,,,,,,
554091,5.6,5.6,0,5.6,0,5.6,0,5.6,0,,,,,,,,,,,,
554092,5.6,5.6,0,5.6,0,5.6,0,5.6,0,,,,,,,,,,,,
554093,41.5,41.5,0,,,,,,,,,,,,,,,,,,
554095,99,99,0,99,0,99,0,99,0,,,,,,,,,,,,
554096,155,155,0,155,0,,,155,0,,,,,,,,,,,,
554097,185,185,0,185,0,,,,,,,,,,,,,,,,
554099,23.9,23.9,0,23.9,0,23.9,0,23.9,0,,,,,,,,,,,,
554100,21.9,21.9,0,21.9,0,21.9,0,,,,,,,,,,,,,,
554102,8.5,8.5,0,8.5,0,8.5,0,8.5,0,,,,,,,,,,,,
554103,84,84,0,84,0,84,0,84,0,,,,,,,,,,,,
554104,26.9,26.9,0,26.9,0,26.9,0,,,,,,,,,,,,,,
554108,114,114,0,114,0,,,114,0,,,,,,,,,,,,
554109,114,114,0,114,0,,,114,0,,,,,,,,,,,,
554110,114,114,0,114,0,,,114,0,,,,,,,,,,,,
554111,114,114,0,114,0,,,114,0,,,,,,,,,,,,
554112,39.9,39.9,0,39.9,0,39.9,0,39.9,0,,,,,,,,,,,,
554113,39.9,39.9,0,39.9,0,39.9,0,39.9,0,,,,,,,,,,,,
554114,39.9,39.9,0,39.9,0,39.9,0,,,,,,,,,,,,,,
554115,14,14,0,14,0,14,0,,,,,,,,,,,,,,
554116,6.8,6.8,0,6.8,0,6.8,0,,,,,,,,,,,,,,
554117,94,94,0,,,,,,,,,,,,,,,,,,
554123,9,9,0,9,0,,,,,,,,,,,,,,,,
554124,9,9,0,9,0,9,0,,,,,,,,,,,,,,
554125,9,9,0,9,0,9,0,,,,,,,,,,,,,,
554126,5,5,0,5,0,5,0,,,,,,,,,,,,,,
554133,1.5,1.5,0,1.5,0,,,,,,,,,,,,,,,,
554134,1.5,,,,,,,,,,,,,,,,,,,,
554138,110,110,0,110,0,,,,,,,,,,,,,,,,
554159,11.5,,,,,,,,,,,,,,,,,,,,
554466,123,123,0,123,0,123,0,123,0,123,0,123,0,,,136,-0.0956,136,-0.0956,136,-0.0956
554468,101,101,0,101,0,101,0,101,0,101,0,101,0,101,0,108,-0.0648,108,-0.0648,108,-0.0648
554469,101,101,0,101,0,101,0,101,0,101,0,101,0,101,0,108,-0.0648,108,-0.0648,108,-0.0648
554470,101,,,101,0,101,0,101,0,101,0,101,0,101,0,108,-0.0648,108,-0.0648,108,-0.0648
555666,60,60,0,60,0,60,0,60,0,60,0,45.9,0.307,45.9,0.307,45.9,0.307,45.9,0.307,45.9,0.307
555667,,,,,,,,,,,,,,,,,,,,,
557720,20.5,20.5,0,22,-0.0682,22,-0.0682,22,-0.0682,22,-0.0682,20.5,0,,,20.5,0,24,-0.146,24,-0.146
557721,20.5,20.5,0,22,-0.0682,22,-0.0682,22,-0.0682,22,-0.0682,20.5,0,17,0.206,20.5,0,24,-0.146,24,-0.146
558960,19,19,0,19,0,19,0,19,0,19,0,19,0,19,0,,,,,,
558985,,,,,,,,,,,,,,,,,,,,,
558988,,,,,,,,,,,,,,,,,,,,,
559646,,,,,,,,,,,,,,,,,,,,,
559648,80,80,0,80,0,80,0,80,0,80,0,80,0,80,0,80,0,80,0,80,0
559700,,,,,,,,,,,,,,,,,,,,,
559740,,,,,,,,,,,,,,,,,,,,,
559742,,,,,,,,,,,,,,,,,,,,,
559743,18,18,0,18,0,18,0,18,0,18,0,18,0,,,18,0,,,,
559753,19,19,0,19,0,19,0,19,0,19,0,19,0,19,0,19,0,,,,
559873,47,47,0,47,0,47,0,47,0,47,0,43.2,0.088,43.2,0.088,43.2,0.088,53.9,-0.128,61,-0.23
559875,,,,,,,,,,,,,,,,,,,,,
560180,124,124,0,124,0,,,124,0,124,0,124,0,124,0,124,0,124,0,124,0
560207,,,,,,,,,,,,,,,,,,,,,
560230,134,134,0,134,0,134,0,,,134,0,134,0,134,0,134,0,134,0,134,0
560340,56,56,0,56,0,56,0,56,0,56,0,56,0,,,56,0,56,0,56,0
560359,50.3,50.3,0,50.3,0,50.3,0,50.3,0,50.3,0,50.3,0,,,50.3,0,50.3,0,46.6,0.0794
560373,13.7,13.7,0,13.7,0,13.7,0,13.7,0,,,13.7,0,13.7,0,,,,,,
560442,22,22,0,22,0,22,0,25,-0.12,25,-0.12,25,-0.12,25,-0.12,,,,,,
560444,18,18,0,18,0,18,0,18,0,18,0,18,0,18,0,,,,,,
560446,80,80,0,80,0,80,0,65,0.231,65,0.231,,,,,,,,,,
560486,185,185,0,185,0,185,0,,,,,,,,,,,,,,
560489,,,,,,,,,,,,,,,,,,,,,
560497,50,50,0,50,0,35,0.429,50,0,,,56,-0.107,56,-0.107,,,,,,
560510,,,,,,,,,,,,,,,,,,,,,
560596,55.7,55.7,0,55.7,0,55.7,0,55.7,0,55.7,0,55.7,0,,,55.7,0,55.7,0,50.7,0.0986
560677,,,,,,,,,,,,,,,,,,,,,
560928,79,79,0,79,0,79,0,,,79,0,79,0,,,,,58.8,0.344,,
560944,,,,,,,,,,,,,,,,,,,,,
561029,,,,,,,,,,,,,,,,,,,,,
561030,13.5,13.5,0,13.5,0,13.5,0,13.5,0,13.5,0,13.5,0,13.5,0,13.5,0,14.5,-0.069,16,-0.156
561207,,,,,,,,,,,,,,,,,,,,,
561282,,,,,,,,,,,,,,,,,,,,,
561363,,,,,,,,,,,,,,,,,,,,,
561380,90,90,0,90,0,90,0,90,0,90,0,90,0,,,,,,,,
561460,95,95,0,95,0,95,0,95,0,95,0,95,0,,,95,0,95,0,,
561622,64.5,64.5,0,64.5,0,64.5,0,64.5,0,64.5,0,64.5,0,,,64.5,0,64.5,0,64.5,0
561789,64.5,64.5,0,64.5,0,64.5,0,64.5,0,64.5,0,64.5,0,64.5,0,64.5,0,64.5,0,64.5,0
561878,20,20,0,20,0,20,0,20,0,20,0,,,,,19.9,0.00503,19.9,0.00503,19.9,0.00503
561916,5.5,5.5,0,5.5,0,5.5,0,5.5,0,5.5,0,5.5,0,5.5,0,5.5,0,5.5,0,5.5,0
561975,,,,,,,,,,,,,,,,,,,,,
562223,43.5,43.5,0,43.5,0,43.5,0,33.5,0.299,33.5,0.299,33.5,0.299,33.5,0.299,33.5,0.299,33.5,0.299,33.5,0.299
562224,43.5,43.5,0,43.5,0,43.5,0,33.5,0.299,33.5,0.299,33.5,0.299,33.5,0.299,33.5,0.299,33.5,0.299,33.5,0.299
562225,43.5,43.5,0,43.5,0,43.5,0,33.5,0.299,33.5,0.299,33.5,0.299,33.5,0.299,33.5,0.299,33.5,0.299,33.5,0.299
562572,36.9,36.9,0,36.9,0,36.9,0,36.9,0,36.9,0,36.9,0,,,36.9,0,36.9,0,36.9,0
562653,41.9,41.9,0,41.9,0,41.9,0,41.9,0,41.9,0,41.9,0,,,42.9,-0.0233,,,,
563315,,,,,,,,,,,,,,,,,,,,,
563722,,,,,,,,,,,,,,,,,,,,,
563838,52,52,0,52,0,52,0,52,0,52,0,52,0,,,52,0,52,0,52,0
564346,6.8,6.8,0,6.8,0,6.8,0,6.9,-0.0145,6.9,-0.0145,6.9,-0.0145,,,6.9,-0.0145,6.9,-0.0145,7.5,-0.0933
564347,14.9,14.9,0,14.9,0,14.9,0,14.9,0,14.9,0,16.9,-0.118,16.9,-0.118,13.9,0.0719,16.9,-0.118,16.9,-0.118
564524,,,,,,,,,,,,,,,,,,,,,
564605,,,,,,,,,,,,,,,,,,,,,
564680,,,,,,,,,,,,,,,,,,,,,
565245,26,26,0,26,0,26,0,26,0,26,0,26,0,,,39,-0.333,39,-0.333,29.9,-0.13
565385,62,62,0,,,62,0,62,0,62,0,62,0,62,0,62,0,62,0,62,0
565415,140,140,0,140,0,140,0,140,0,140,0,140,0,140,0,160,-0.124,160,-0.124,,
565490,74,74,0,74,0,74,0,74,0,74,0,74,0,74,0,84,-0.119,84,-0.119,84,-0.119
565571,10.9,10.9,0,10.9,0,10.9,0,10.9,0,10.9,0,11.5,-0.0522,11.5,-0.0522,11.5,-0.0522,10.5,0.0381,11.5,-0.0522
565573,7,7,0,7,0,7,0,6.5,0.0769,6.5,0.0769,7,0,7,0,7,0,7,0,7,0
565575,7,7,0,7,0,7,0,7,0,7,0,7,0,7,0,7,0,7,0,7,0
565677,,,,,,,,,,,,,,,,,,,,,
565849,36.9,36.9,0,45,-0.18,45,-0.18,35.9,0.0279,35.9,0.0279,45,-0.18,45,-0.18,36.9,0,44.9,-0.178,34.9,0.0573
565970,,,,,,,,,,,,,,,,,,,,,
566020,,,,,,,,,,,,,,,,,,,,,
566136,6,6,0,6,0,6,0,6,0,6,0,6,0,6,0,6,0,6,0,6,0
566187,,,,,,,,,,,,,,,,,,,,,
566373,19.5,19.5,0,19.5,0,19.5,0,19.5,0,19.5,0,15.9,0.226,,,19,0.0263,19,0.0263,18,0.0833
566454,11,11,0,11,0,11,0,11,0,11,0,11,0,11,0,11,0,10,0.1,10,0.1
566624,,,,,,,,,,,,,,,,,,,,,
566900,9.8,9.8,0,9.8,0,9.8,0,9.8,0,9.8,0,9.8,0,9.8,0,9.8,0,9.8,0,9.8,0
566977,11.7,11.7,0,11.7,0,11.7,0,11.7,0,11.7,0,11.7,0,11.7,0,11.7,0,11.7,0,11.7,0
566985,9.8,9.8,0,9.8,0,9.8,0,9.8,0,9.8,0,9.8,0,9.8,0,9.8,0,9.8,0,9.8,0
567060,9.8,9.8,0,9.8,0,9.8,0,9.8,0,9.8,0,9.8,0,9.8,0,9.8,0,9.8,0,9.8,0
567108,,,,,,,,,,,,,,,,,,,,,
567540,,,,,,,,,,,,,,,,,,,,,
568245,10.5,10.5,0,10.5,0,10.5,0,10.5,0,10.5,0,10.5,0,10.5,0,10.5,0,10.5,0,10.5,0
568248,13,13,0,13,0,13,0,13,0,13,0,13,0,13,0,13,0,13,0,13,0
568250,,,,,,,,,,,,,,,,,,,,,
568254,15,15,0,15,0,15,0,15,0,15,0,15,0,15,0,15,0,15,0,15,0
568256,15.5,15.5,0,15.5,0,15.5,0,15.5,0,15.5,0,15.5,0,15.5,0,15.5,0,15.5,0,15.5,0
568259,13.8,13.8,0,13.8,0,13.8,0,13.8,0,13.8,0,13.8,0,13.8,0,13.8,0,13.8,0,13.8,0
568263,10,10,0,10,0,10,0,10,0,10,0,10,0,10,0,10,0,10,0,10,0
568264,10.5,10.5,0,10.5,0,10.5,0,10.5,0,10.5,0,10.5,0,10.5,0,10.5,0,10.5,0,10.5,0
568265,,,,,,,,,,,,,,,,,,,,,
568267,20,20,0,20,0,20,0,20,0,20,0,20,0,20,0,20,0,20,0,20,0
568269,10,10,0,10,0,10,0,10,0,10,0,10,0,10,0,10,0,10,0,10,0
568273,10,10,0,10,0,10,0,10,0,10,0,10,0,10,0,10,0,10,0,10,0
568274,12.5,12.5,0,12.5,0,12.5,0,12.5,0,12.5,0,12.5,0,12.5,0,12.5,0,12.5,0,12.5,0
568276,11.2,11.2,0,11.2,0,11.2,0,,,11.2,0,11.2,0,11.2,0,11.2,0,11.2,0,11.2,0
568510,,,,,,,,,,,,,,,,,,,,,
568562,5,5,0,5,0,5,0,5,0,5,0,5,0,5,0,5,0,5,0,5,0
568563,,,,,,,,,,,,,,,,,,,,,
568591,44.5,44.5,0,44.5,0,44.5,0,44.5,0,44.5,0,44.5,0,44.5,0,44.5,0,36.9,0.206,44.5,0
568651,,,,,,,,,,,,,,,,,,,,,
568783,23.9,23.9,0,29.9,-0.201,29.9,-0.201,29.9,-0.201,29.9,-0.201,29.9,-0.201,28.9,-0.173,24.9,-0.0402,,,,
568970,,,,,,,,,,,,,,,,,,,,,
569011,5.5,5.5,0,5.5,0,5.5,0,5.5,0,5.5,0,5.5,0,5.5,0,5.5,0,5,0.1,5,0.1
569186,24.9,24.9,0,24.9,0,24.9,0,24.9,0,29.5,-0.156,29.5,-0.156,29.5,-0.156,29.5,-0.156,24.9,0,,
569607,,,,,,,,,,,,,,,,,,,,,
569798,26.5,26.5,0,26.5,0,26.5,0,26.5,0,21.5,0.233,21.5,0.233,21.5,0.233,22.5,0.178,25.5,0.0392,25.5,0.0392
570044,17,17,0,17,0,,,17,0,,,17,0,,,17,0,18,-0.0556,18,-0.0556
570125,29,29,0,29,0,,,29,0,29,0,29,0,,,29,0,29,0,29,0
570214,,,,,,,,,,,,,,,,,,,,,
570281,69.5,69.5,0,69.5,0,69.5,0,69.5,0,69.5,0,69.5,0,69.5,0,84.9,-0.181,84.9,-0.181,,
570290,,,,,,,,,,,,,,,,,,,,,
570291,15,15,0,15,0,15,0,15,0,15,0,15,0,15,0,15,0,15,0,15,0
570370,11,11,0,11,0,11,0,9.5,0.158,9.5,0.158,11,0,11,0,13.7,-0.197,11.9,-0.0756,13.7,-0.197
570559,22,22,0,22,0,22,0,22,0,16,0.375,16,0.375,16,0.375,18,0.222,21,0.0476,24,-0.0833
570745,3,3,0,3,0,3,0,3,0,3,0,3,0,3,0,3,0,2.5,0.2,2.5,0.2
570826,2.5,2.5,0,2.5,0,2.5,0,2.5,0,2.5,0,2.5,0,2.5,0,2.5,0,2.5,0,2.5,0
570982,11,11,0,11,0,11,0,11,0,11,0,11,0,11,0,11,0,11,0,11,0
571200,20,20,0,20,0,20,0,20,0,20,0,20,0,20,0,20,0,20,0,20,0
571270,36,36,0,36,0,36,0,36,0,36,0,36,0,36,0,36,0,,,,
571334,24,24,0,24,0,24,0,24,0,24,0,24,0,24,0,21,0.143,21,0.143,21,0.143
571415,11,11,0,11,0,11,0,11,0,11,0,11,0,11,0,11,0,11,0,11,0
572080,81.8,81.8,0,81.8,0,81.8,0,81.8,0,81.8,0,75.9,0.0777,75.9,0.0777,92.1,-0.112,92.1,-0.112,108,-0.245
573540,,,,,,,,,,,,,,,,,,,,,
574255,,,,,,,,,,,,,,,,,,,,,
574783,9,9,0,9,0,9,0,9,0,9,0,9,0,9,0,9.1,-0.011,9.1,-0.011,10,-0.1
575020,,,,,,,,,,,,,,,,,,,,,
575089,59.4,59.4,0,59.4,0,59.4,0,59.4,0,59.4,0,59.4,0,59.4,0,59.4,0,59.4,0,64.5,-0.0791
575100,32.9,32.9,0,32.9,0,32.9,0,32.9,0,32.9,0,32.9,0,32.9,0,32.9,0,53,-0.379,53,-0.379
575348,,,,,,,,,,,,,,,,,,,,,
575500,55,55,0,55,0,55,0,55,0,50,0.1,50,0.1,50,0.1,54,0.0185,58,-0.0517,58,-0.0517
575666,,,,,,,,,,,,,,,,,,,,,
575690,3.4,3.4,0,3.4,0,3.4,0,3.4,0,3.4,0,3.4,0,3.4,0,3.4,0,3.4,0,3.4,0
575704,40,40,0,40,0,40,0,40,0,40,0,40,0,40,0,40,0,44,-0.0909,44,-0.0909
575771,6.8,6.8,0,6.8,0,6.8,0,6.8,0,6.8,0,6.8,0,6.8,0,6.8,0,6.8,0,6.8,0
576069,13,13,0,13,0,13,0,13,0,13,0,13,0,13,0,13,0,14,-0.0714,14,-0.0714
576085,,,,,,,,,,,,,,,,,,,,,
576166,75,75,0,75,0,75,0,75,0,75,0,75,0,75,0,75,0,75,0,75,0
576557,16,16,0,16,0,16,0,16,0,16,0,16,0,16,0,14.5,0.103,14.5,0.103,13.5,0.185
578487,,,,,,,,,,,,,,,,,,,,,
578568,230,230,0,230,0,230,0,230,0,230,0,230,0,230,0,230,0,230,0,230,0
579190,75,75,0,75,0,75,0,75,0,75,0,75,0,75,0,75,0,75,0,75,0
579351,75,75,0,75,0,75,0,75,0,75,0,75,0,75,0,75,0,75,0,75,0
579599,75,75,0,75,0,75,0,75,0,75,0,75,0,75,0,75,0,75,0,75,0
579779,,,,,,,,,,,,,,,,,,,,,
579831,75,75,0,75,0,75,0,75,0,75,0,75,0,75,0,75,0,75,0,75,0
580016,20,20,0,20,0,20,0,20,0,20,0,20,0,20,0,20,0,20,0,,
580155,75,75,0,75,0,75,0,75,0,75,0,75,0,75,0,75,0,75,0,75,0
580236,75,75,0,75,0,,,75,0,75,0,75,0,75,0,75,0,75,0,75,0
580392,75,75,0,75,0,,,,,75,0,75,0,75,0,75,0,75,0,75,0
580554,,,,,,,,,,,,,,,,,,,,,
580716,75,75,0,75,0,75,0,75,0,75,0,75,0,75,0,75,0,75,0,75,0
580909,,,,,,,,,,,,,,,,,,,,,
581060,,,,,,,,,,,,,,,,,,,,,
581061,183,183,0,183,0,183,0,183,0,183,0,172,0.0651,172,0.0651,186,-0.014,186,-0.014,186,-0.014
581071,42,41.3,0.0169,41.3,0.0169,41.3,0.0169,41.3,0.0169,41.3,0.0169,30.6,0.373,30.6,0.373,30.6,0.373,43.4,-0.0323,43,-0.0233
581072,76.1,74.8,0.0174,74.8,0.0174,74.8,0.0174,74.8,0.0174,74.8,0.0174,70.1,0.0856,70.1,0.0856,75.2,0.012,75.2,0.012,75.2,0.012
581075,49,49,0,49,0,49,0,49,0,49,0,44.3,0.106,44.3,0.106,44.3,0.106,55.3,-0.114,62.9,-0.221
581202,33.5,33.5,0,33.5,0,33.5,0,33.5,0,33.5,0,35.5,-0.0563,35.5,-0.0563,35.5,-0.0563,35.5,-0.0563,35.5,-0.0563
581306,33.5,33.5,0,33.5,0,33.5,0,33.5,0,33.5,0,26.5,0.264,26.5,0.264,36.8,-0.0897,36.8,-0.0897,36.8,-0.0897
581366,38.7,38.7,0,38.7,0,38.7,0,38.7,0,38.7,0,30,0.29,30,0.29,38.6,0.00259,38.6,0.00259,38.6,0.00259
581371,12.1,12.1,0,12.1,0,12.1,0,12.1,0,12.1,0,11.7,0.0342,11.7,0.0342,12.3,-0.0163,15.1,-0.199,12,0.00833
581386,23.2,23.2,0,23.2,0,23.2,0,23.2,0,23.2,0,22.3,0.0404,22.3,0.0404,25.4,-0.0866,31.8,-0.27,26,-0.108
581445,,,,,,,,,,,,,,,,,,,,,
581740,,,,,,,,,,,,,,,,,,,,,
581780,,,,,,,,,,,,,,,,,,,,,
581798,35.5,35.5,0,35.5,0,35.5,0,35.5,0,35.5,0,35.5,0,35.5,0,35.5,0,35.5,0,35.5,0
581879,47.9,47.9,0,47.9,0,47.9,0,47.9,0,47.9,0,47.9,0,47.9,0,47.9,0,47.9,0,47.9,0
581941,,,,,,,,,,,,,,,,,,,,,
582018,65.6,65.6,0,65.6,0,65.6,0,65.6,0,65.6,0,55.3,0.186,55.3,0.186,71.8,-0.0864,71.8,-0.0864,71.8,-0.0864
582182,15,15,0,15,0,15,0,15,0,15,0,14,0.0714,14,0.0714,13.1,0.145,13.1,0.145,17,-0.118
582905,,,,,,,,,,,,,,,,,,,,,
582980,,,,,,,,,,,,,,,,,,,,,
583464,,,,,,,,,,,,,,,,,,,,,
583685,40,40,0,40,0,40,0,40,0,40,0,40,0,40,0,40,0,40,0,40,0
583723,15.5,15.5,0,15.5,0,15.5,0,15.5,0,15.5,0,15.5,0,15.5,0,15.5,0,15.5,0,15.5,0
584045,24.2,24.2,0,26.9,-0.1,26.9,-0.1,26.9,-0.1,26.9,-0.1,26.9,-0.1,26.9,-0.1,26.9,-0.1,26.9,-0.1,21.9,0.105
584630,37.5,37.5,0,37.5,0,37.5,0,37.5,0,37.5,0,37.5,0,37.5,0,37.5,0,37.5,0,37.5,0
584711,,,,,,,,,,,,,,,,,,,,,
584797,37.5,37.5,0,37.5,0,37.5,0,37.5,0,37.5,0,37.5,0,37.5,0,37.5,0,37.5,0,37.5,0
584886,,,,,,,,,,,,,,,,,,,,,
584959,25,25,0,25,0,25,0,25,0,25,0,25,0,,,25,0,25,0,25,0
585955,50.4,50.4,0,50.4,0,50.4,0,50.4,0,50.4,0,50.4,0,50.4,0,50.4,0,50.4,0,50.4,0
586030,,,,,,,,,,,,,,,,,,,,,
586110,95.2,95.2,0,95.2,0,95.2,0,95.2,0,95.2,0,95.2,0,95.2,0,95.2,0,95.2,0,95.2,0
586145,,,,,,,,,,,,,,,,,,,,,
586595,12.9,12.9,0,12.9,0,12.9,0,12.9,0,,,,,,,,,,,,
586684,11.5,11.5,0,11.5,0,11.5,0,11.5,0,11.5,0,11,0.0455,11,0.0455,10,0.15,10,0.15,10,0.15
586897,,,,,,,,,,,,,,,,,,,,,
587052,,,,,,,,,,,,,,,,,,,,,
587095,,,,,,,,,,,,,,,,,,,,,
587265,,,,,,,,,,,,,,,,,,,,,
587648,39,39,0,39,0,39,0,39,0,39,0,39,0,39,0,46.5,-0.161,46.5,-0.161,46.5,-0.161
588130,11.5,11.5,0,11.5,0,11.5,0,11.5,0,11.5,0,11.5,0,11.5,0,11.5,0,11.5,0,11.5,0
588547,13,13,0,13,0,13,0,13,0,13,0,13,0,13,0,13,0,13,0,13,0
588610,4,4,0,4,0,4,0,4,0,4,0,4,0,4,0,4,0,4,0,4,0
588776,6.5,6.5,0,6.5,0,6.5,0,6.5,0,6.5,0,,,,,6.5,0,6.5,0,6.5,0
589012,23.5,23.5,0,23.5,0,23.5,0,23.5,0,23.5,0,20,0.175,20,0.175,18.5,0.27,22.9,0.0262,26,-0.0962
589578,,,,,,,,,,,,,,,,,,,,,
589659,15.5,15.5,0,15.5,0,15.5,0,15.5,0,15.5,0,15.5,0,15.5,0,,,13.5,0.148,,
589748,,,,,,,,,,,,,,,,,,,,,
589756,13.5,13.5,0,13.5,0,13.5,0,13.5,0,13.5,0,11.5,0.174,11.5,0.174,10.5,0.286,13,0.0385,15,-0.1
589829,,,,,,,,,,,,,,,,,,,,,
589985,158,158,0,158,0,,,158,0,158,0,158,0,158,0,158,0,158,0,158,0
590000,147,147,0,147,0,147,0,147,0,147,0,147,0,164,-0.103,164,-0.103,164,-0.103,187,-0.212
590011,13.3,13.3,0,13.3,0,13.3,0,13.3,0,13.3,0,13.3,0,13.3,0,13.3,0,17,-0.218,17,-0.218
590012,,,,,,,,,,,,,,,,,,,,,
590013,97,97,0,97,0,97,0,97,0,97,0,115,-0.155,,,115,-0.155,133,-0.271,133,-0.271
590043,13.8,13.8,0,13.8,0,13.8,0,13.8,0,11.5,0.2,11.5,0.2,11.5,0.2,12.9,0.0698,12.9,0.0698,,
590058,17,17,0,17,0,17,0,,,17,0,,,13.5,0.259,,,16.5,0.0303,17.7,-0.0395
590063,14.5,,,,,,,,,11.5,0.261,11.5,0.261,11.5,0.261,,,13.5,0.0741,,
590078,24.5,24.5,0,23,0.0652,23,0.0652,,,18.9,0.296,18.9,0.296,18.9,0.296,24.9,-0.0161,24.9,-0.0161,24.9,-0.0161
590083,28.5,,,,,,,,,,,,,24,0.188,29.4,-0.0306,29.4,-0.0306,29.4,-0.0306
590098,25.9,,,,,,,,,,,,,22.5,0.151,26.6,-0.0263,26.6,-0.0263,26.6,-0.0263
590127,38.5,38.5,0,38.5,0,38.5,0,38.5,0,33,0.167,33,0.167,33,0.167,37.8,0.0185,37.8,0.0185,37.8,0.0185
590150,179,179,0,179,0,,,179,0,179,0,179,0,179,0,179,0,179,0,179,0
590231,264,264,0,264,0,,,264,0,264,0,264,0,264,0,264,0,264,0,264,0
590236,38,38,0,38,0,38,0,38,0,38,0,38,0,38,0,53,-0.283,53,-0.283,53,-0.283
590241,19.5,19.5,0,19.5,0,19.5,0,19.5,0,19.5,0,19.5,0,19.5,0,30,-0.35,,,30,-0.35
590296,11.7,11.7,0,11.7,0,11.7,0,11.7,0,11.7,0,,,,,11.7,0,11.7,0,11.7,0
590325,21,21,0,21,0,21,0,21,0,21,0,21,0,21,0,21,0,21,0,18,0.167
590380,,,,,,,,,,,,,,,,,,,,,
590538,,,,,,,,,,,,,,,,,,,,,
590543,5.6,5.6,0,5.6,0,5.6,0,5.6,0,5.6,0,5.6,0,,,5.6,0,5.6,0,5.6,0
590558,,,,,,,,,,,,,,,,,,,,,
590687,58.9,58.9,0,66.9,-0.12,66.9,-0.12,66.9,-0.12,66.9,-0.12,66.9,-0.12,,,70,-0.159,70,-0.159,61.3,-0.0392
590845,,,,,,,,,,,,,,,,,,,,,
590851,44.5,44.5,0,44.5,0,,,44.5,0,44.5,0,44.5,0,44.5,0,44.5,0,35.9,0.24,35,0.271
590853,,,,,,,,,,,,,,,,,,,,,
590854,,,,,,,,,,,,,,,,,,,,,
590856,,,,,,,,,,,,,,,,,,,,,
590913,61,61,0,61,0,61,0,61,0,61,0,61,0,61,0,61,0,61,0,61,0
590920,61,,,,,61,0,61,0,61,0,,,61,0,61,0,61,0,61,0
590921,61,61,0,61,0,61,0,61,0,61,0,61,0,,,61,0,61,0,61,0
590922,61,61,0,61,0,61,0,61,0,61,0,61,0,61,0,61,0,61,0,61,0
590961,,,,,,,,,,,,,,,,,,,,,
590966,,,,,,,,,,,,,,,,,,,,,
590992,12.5,12.5,0,12.5,0,12.5,0,12.5,0,12.5,0,12.5,0,12.5,0,19.5,-0.359,17,-0.265,19,-0.342
591114,,,,,,,,,,,,,,,,,,,,,
591157,7.4,7.4,0,7.4,0,7.5,-0.0133,6.5,0.138,6.5,0.138,,,,,,,,,,
591190,29.9,29.9,0,29.9,0,29.9,0,29.9,0,29.9,0,29.9,0,29.9,0,29.9,0,,,,
591238,7.4,7.4,0,7.4,0,7.5,-0.0133,6.5,0.138,6.5,0.138,,,,,,,,,8.7,-0.149
591319,7.4,7.4,0,7.4,0,7.5,-0.0133,7.5,-0.0133,,,,,,,,,,,,
591450,,,,,,,,,,,,,,,,,,,,,
591475,,,,,,,,,,,,,,,,,,,,,
591578,12.5,12.5,0,12.5,0,12.5,0,10.9,0.147,10.9,0.147,12.5,0,12.5,0,10.9,0.147,,,12.5,0
591991,15.9,15.9,0,15.9,0,15.9,0,15.9,0,15.9,0,15.9,0,15.9,0,15.9,0,15.9,0,15.9,0
592138,30.3,30.3,0,30.3,0,30.3,0,30.3,0,30.3,0,30.3,0,33.6,-0.0982,33.6,-0.0982,33.6,-0.0982,36.1,-0.161
592141,13.4,13.4,0,13.4,0,13.4,0,13.4,0,13.4,0,13.4,0,14.9,-0.101,14.9,-0.101,14.9,-0.101,16,-0.162
592552,,,,,,,,,,,,,,,,,,,,,
593002,16,16,0,,,,,11,0.455,11,0.455,11,0.455,11,0.455,11,0.455,11,0.455,,
593347,31.5,31.5,0,31.5,0,31.5,0,31.5,0,31.5,0,28.5,0.105,28.5,0.105,29.3,0.0751,29.3,0.0751,29.3,0.0751
593348,151,151,0,151,0,151,0,140,0.0814,140,0.0814,135,0.118,135,0.118,208,-0.273,208,-0.273,208,-0.273
593537,70.5,70.5,0,70.5,0,70.5,0,70.5,0,70.5,0,70.5,0,70.5,0,70.5,0,70.5,0,70.5,0
593538,50.6,50.6,0,50.6,0,,,,,50.6,0,50.6,0,50.6,0,50.6,0,50.6,0,50.6,0
593539,52.4,52.4,0,52.4,0,52.4,0,52.4,0,52.4,0,52.4,0,52.4,0,52.4,0,52.4,0,50.6,0.0356
593762,,,,,,,,,,,,,,,,,,,,,
593765,72,72,0,72,0,72,0,72,0,72,0,72,0,72,0,,,,,,
595871,18.9,18.9,0,18.9,0,18.9,0,18.9,0,,,,,18.9,0,18.9,0,,,,
597007,69.9,69.9,0,69.9,0,,,69.9,0,69.9,0,69.9,0,69.9,0,69.9,0,59.9,0.167,88,-0.206
597082,125,125,0,125,0,,,125,0,125,0,125,0,125,0,110,0.137,158,-0.209,158,-0.209
597163,125,125,0,125,0,,,125,0,125,0,125,0,125,0,158,-0.209,158,-0.209,158,-0.209
597970,,,,,,,,,,,,,,,,,,,,,
598825,,,,,,,,,,,,,,,,,,,,,
598844,,,,,,,,,,,,,,,,,,,,,
599409,19.9,19.9,0,19.9,0,19.9,0,19.9,0,19.9,0,9.9,1.01,9.9,1.01,6.9,1.88,19.9,0,9.9,1.01
599412,,,,,,,,,,,,,,,,,,,,,
600040,10,10,0,10,0,10,0,10,0,10,0,10,0,10,0,10,0,10,0,10,0
600106,60.5,60.5,0,60.5,0,60.5,0,60.5,0,60.5,0,60.5,0,60.5,0,60.5,0,60.5,0,65.8,-0.0805
600108,,,,,,,,,,,,,,,,,,,,,
600118,,,,,,,,,,,,,,,,,,,,,
600119,,,,,,,,,,,,,,,,,,,,,
600123,,,,,,,,,,,,,,,,,,,,,
600132,,,,,,,,,,,,,,,,,,,,,
600133,27.5,27.5,0,27.5,0,27.5,0,27.5,0,27.5,0,27.5,0,,,27.5,0,27.5,0,22.5,0.222
600134,,,,,,,,,,,,,,,,,,,,,
600138,6,6,0,6,0,6,0,6,0,6,0,6,0,,,6,0,6,0,5,0.2
600143,,,,,,,,,,,,,,,,,,,,,
600147,,,,,,,,,,,,,,,,,,,,,
600153,5,5,0,5,0,5,0,5,0,5,0,5,0,5,0,5,0,5,0,5,0
600158,13,13,0,13,0,13,0,13,0,13,0,13,0,,,13,0,13,0,,
600163,4.5,4.5,0,4.5,0,4.5,0,4.5,0,4.5,0,4.5,0,4.5,0,4.5,0,4.5,0,4.5,0
600168,8.8,8.8,0,8.8,0,8.8,0,8.8,0,8.8,0,8.8,0,8.8,0,8.8,0,8.8,0,8.8,0
600172,160,160,0,160,0,160,0,160,0,160,0,130,0.231,130,0.231,,,,,120,0.334
600173,5,5,0,5,0,5,0,5,0,5,0,5,0,5,0,5,0,5,0,5,0
600177,57.9,57.9,0,57.9,0,57.9,0,57.9,0,57.9,0,,,,,,,,,,
600178,,,,,,,,,,,,,,,,,,,,,
600180,12.5,12.5,0,12.5,0,12.5,0,12.5,0,12.5,0,,,,,12.5,0,12.5,0,12.5,0
600183,,,,,,,,,,,,,,,,,,,,,
600186,84.9,84.9,0,84.9,0,84.9,0,84.9,0,84.9,0,,,,,,,,,,
600188,,,,,,,,,,,,,,,,,,,,,
600189,,,,,,,,,,,,,,,,,,,,,
600193,,,,,,,,,,,,,,,,,,,,,
600194,,,,,,,,,,,,,,,,,,,,,
600198,,,,,,,,,,,,,,,,,,,,,
600205,,,,,,,,,,,,,,,,,,,,,
600212,20,20,0,20,0,20,0,20,0,,,20,0,,,20,0,20,0,20,0
600215,5,5,0,5,0,5,0,5,0,5,0,5,0,,,5,0,5,0,5,0
600217,,,,,,,,,,,,,,,,,,,,,
600218,10,10,0,10,0,10,0,10,0,10,0,10,0,10,0,10,0,10,0,10,0
600222,5,5,0,5,0,5,0,5,0,5,0,5,0,5,0,5,0,5,0,5,0
600223,,,,,,,,,,,,,,,,,,,,,
600225,5.5,5.5,0,5.5,0,5.5,0,5.5,0,5.5,0,5.5,0,,,5.5,0,5.5,0,5.5,0
600232,10,10,0,10,0,10,0,10,0,10,0,10,0,,,10,0,10,0,10,0
600235,4.7,4.7,0,4.7,0,4.7,0,4.7,0,4.7,0,4.7,0,,,4.7,0,4.7,0,4.7,0
600242,5,5,0,5,0,5,0,5,0,5,0,5,0,,,5,0,5,0,5,0
600252,5,5,0,5,0,5,0,5,0,5,0,5,0,,,5,0,5,0,5,0
600255,,,,,,,,,,,,,,,,,,,,,
600256,,,,,,,,,,,,,,,,,,,,,
600262,4.7,4.7,0,4.7,0,4.7,0,4.7,0,4.7,0,4.7,0,4.7,0,4.7,0,4.7,0,4.7,0
600265,10,10,0,10,0,10,0,10,0,10,0,10,0,,,10,0,,,10,0
600279,20,20,0,20,0,20,0,20,0,,,20,0,20,0,20,0,20,0,20,0
600300,27.5,27.5,0,27.5,0,27.5,0,27.5,0,27.5,0,27.5,0,,,27.5,0,27.5,0,22.5,0.222
600302,6,6,0,6,0,6,0,6,0,6,0,6,0,,,6,0,6,0,5,0.2
600304,,,,,,,,,,,,,,,,,,,,,
600305,6.9,6.9,0,6.9,0,6.9,0,,,6.9,0,6.9,0,6.9,0,6.9,0,,,,
600306,20,20,0,20,0,20,0,20,0,20,0,20,0,,,20,0,20,0,20,0
600307,5,,,,,5,0,,,5,0,,,,,5,0,5,0,5,0
600310,15.5,15.5,0,15.5,0,15.5,0,15.5,0,15.5,0,15.5,0,15.5,0,15.5,0,15.5,0,15.5,0
600312,,,,,,,,,,,,,,,,,,,,,
600315,13.8,13.8,0,13.8,0,13.8,0,,,13.8,0,13.8,0,,,13.8,0,13.8,0,13.8,0
600316,18.8,18.8,0,18.8,0,18.8,0,18.8,0,18.8,0,18.8,0,,,18.8,0,18.8,0,18.8,0
600317,14,14,0,14,0,14,0,14,0,14,0,14,0,,,14,0,14,0,14,0
600320,11,11,0,11,0,11,0,11,0,11,0,11,0,11,0,11,0,11,0,11,0
600322,,,,,,,,,,,,,,,,,,,,,
600324,25,25,0,25,0,25,0,25,0,25,0,25,0,25,0,25,0,25,0,25,0
600325,9.5,9.5,0,9.5,0,9.5,0,9.5,0,9.5,0,9.5,0,9.5,0,9.5,0,9.5,0,9.5,0
600328,5,5,0,5,0,5,0,5,0,5,0,5,0,,,5,0,5,0,5,0
600330,12.5,12.5,0,12.5,0,12.5,0,12.5,0,12.5,0,12.5,0,12.5,0,12.5,0,12.5,0,12.5,0
600331,4.5,4.5,0,4.5,0,4.5,0,4.5,0,4.5,0,4.5,0,4.5,0,4.5,0,4.5,0,4.5,0
600332,11.8,11.8,0,11.8,0,11.8,0,11.8,0,11.8,0,11.8,0,11.8,0,11.8,0,11.8,0,11.8,0
600334,10,10,0,10,0,10,0,10,0,10,0,10,0,,,10,0,10,0,10,0
600336,21,21,0,21,0,21,0,21,0,21,0,21,0,21,0,21,0,21,0,21,0
600337,9.5,,,9.5,0,9.5,0,9.5,0,9.5,0,9.5,0,9.5,0,9.5,0,9.5,0,9.5,0
600338,,,,,,,,,,,,,,,,,,,,,
600340,5.2,5.2,0,5.2,0,5.2,0,5.2,0,5.2,0,5.2,0,5.2,0,5.2,0,5.2,0,,
600345,7.2,7.2,0,7.2,0,7.2,0,7.2,0,7.2,0,7.2,0,,,7.2,0,7.2,0,7.2,0
600346,27.5,27.5,0,27.5,0,27.5,0,27.5,0,27.5,0,27.5,0,27.5,0,27.5,0,27.5,0,,
600348,,,,,,,,,,,,,,,,,,,,,
600354,,,,,,,,,,,,,,,,,,,,,
600358,16.5,16.5,0,16.5,0,16.5,0,16.5,0,16.5,0,16.5,0,,,16.5,0,16.5,0,16.5,0
600360,11.5,11.5,0,11.5,0,11.5,0,11.5,0,11.5,0,11.5,0,11.5,0,11.5,0,11.5,0,11.5,0
600362,11.9,11.9,0,11.9,0,11.9,0,11.9,0,11.9,0,11.9,0,,,11.9,0,11.9,0,11.9,0
600491,,,,,,,,,,,,,,,,,,,,,
600495,92.5,92.5,0,92.5,0,92.5,0,92.5,0,92.5,0,94.9,-0.0253,94.9,-0.0253,153,-0.395,153,-0.395,153,-0.395
600502,,,,,,,,,,,,,,,,,,,,,
600513,,,,,,,,,,,,,,,,,,,,,
600605,,,,,,,,,,,,,,,,,,,,,
600616,,,,,,,,,,,,,,,,,,,,,
600622,,,,,,,,,,,,,,,,,,,,,
600623,,,,,,,,,,,,,,,,,,,,,
600645,445,445,0,445,0,,,445,0,445,0,445,0,445,0,509,-0.126,509,-0.126,509,-0.126
600650,,,,,,,,,,,,,,,,,,,,,
600651,144,144,0,144,0,,,144,0,144,0,144,0,144,0,115,0.249,182,-0.214,182,-0.214
600655,199,199,0,199,0,,,199,0,199,0,199,0,199,0,249,-0.201,205,-0.0293,249,-0.201
600661,195,195,0,195,0,,,195,0,195,0,195,0,195,0,229,-0.148,190,0.0269,230,-0.152
600792,100,100,0,100,0,100,0,100,0,100,0,100,0,100,0,96,0.0417,96,0.0417,96,0.0417
601015,,,,,,,,,,,,,,,,,,,,,
601023,64.9,64.9,0,64.9,0,64.9,0,64.9,0,64.9,0,64.9,0,64.9,0,64.9,0,64.9,0,64.9,0
601028,45.9,45.9,0,45.9,0,45.9,0,45.9,0,45.9,0,45.9,0,45.9,0,45.9,0,,,,
601038,45.9,45.9,0,45.9,0,45.9,0,45.9,0,,,,,,,,,,,45.9,0
601048,41.9,41.9,0,41.9,0,41.9,0,41.9,0,41.9,0,41.9,0,41.9,0,41.9,0,41.9,0,,
601053,41.9,41.9,0,41.9,0,41.9,0,41.9,0,41.9,0,41.9,0,41.9,0,41.9,0,41.9,0,41.9,0
601058,41.9,41.9,0,41.9,0,41.9,0,41.9,0,41.9,0,41.9,0,41.9,0,41.9,0,41.9,0,41.9,0
601068,41.9,41.9,0,41.9,0,41.9,0,41.9,0,41.9,0,41.9,0,41.9,0,41.9,0,41.9,0,41.9,0
601073,41.9,41.9,0,41.9,0,41.9,0,41.9,0,41.9,0,41.9,0,41.9,0,41.9,0,41.9,0,41.9,0
601185,56.5,56.5,0,56.5,0,56.5,0,52.5,0.0762,52.5,0.0762,47.5,0.189,53.5,0.0561,53.5,0.0561,39.9,0.416,88.2,-0.359
601187,26.5,26.5,0,26.5,0,26.5,0,26.5,0,26.5,0,26.5,0,26.5,0,,,,,,
601515,93,93,0,93,0,93,0,93,0,93,0,,,75.9,0.225,80.8,0.151,80.8,0.151,80.8,0.151
601582,48,48,0,48,0,48,0,48,0,48,0,48,0,51.5,-0.068,51.5,-0.068,51.5,-0.068,51.5,-0.068
601583,65.5,65.5,0,65.5,0,65.5,0,65.5,0,,,,,,,67.5,-0.0296,67.5,-0.0296,67.5,-0.0296
601871,165,165,0,165,0,165,0,165,0,165,0,165,0,165,0,177,-0.0678,177,-0.0678,207,-0.203
602018,13.5,13.5,0,13.5,0,13.5,0,13.5,0,13.5,0,11.5,0.174,11.5,0.174,10.5,0.286,10.9,0.239,15,-0.1
602020,,,,,,,,,,,,,,,,,,,,,
602060,26,26,0,26,0,26,0,,,26,0,26,0,26,0,26,0,26,0,26,0
602070,11.5,11.5,0,11.5,0,11.5,0,11.5,0,11.5,0,,,,,,,,,,
602116,13,13,0,13,0,13,0,13,0,13,0,13,0,,,13,0,13,0,13,0
602272,8.9,8.9,0,8.9,0,8.9,0,8.9,0,8.9,0,,,8.9,0,8.9,0,8.9,0,8.9,0
602336,,,,,,,,,,,,,,,,,,,,,
602338,46,46,0,46,0,46,0,46,0,46,0,46,0,,,,,,,,
602526,18.5,18.5,0,18.5,0,18.5,0,18.5,0,18.5,0,18.9,-0.0212,18.9,-0.0212,19.5,-0.0513,18.5,0,18.5,0
602558,11,11,0,11,0,11,0,11,0,11,0,11,0,,,10,0.1,10,0.1,10,0.1
602871,13.9,13.9,0,13.9,0,15.5,-0.103,15.5,-0.103,15.5,-0.103,15.5,-0.103,15.5,-0.103,16.5,-0.158,14.5,-0.0414,14.5,-0.0414
602872,13.9,13.9,0,13.9,0,15.5,-0.103,15.5,-0.103,,,15.5,-0.103,15.5,-0.103,16.5,-0.158,14.5,-0.0414,14.5,-0.0414
602873,13.9,13.9,0,13.9,0,15.5,-0.103,15.5,-0.103,15.5,-0.103,15.5,-0.103,15.5,-0.103,16.5,-0.158,14.5,-0.0414,14.5,-0.0414
603052,,,,,,,,,,,,,,,,,,,,,
603130,,,,,,,,,,,,,,,,,,,,,
603233,24,24,0,24,0,24,0,24,0,24,0,24,0,,,,,,,,
603292,47.2,47.2,0,47.2,0,,,,,,,,,,,,,47.2,0,,
603937,15,15,0,15,0,15,0,15,0,15,0,15,0,15,0,15,0,15,0,15,0
604004,31.9,31.9,0,31.9,0,31.9,0,34,-0.0618,34,-0.0618,34,-0.0618,34,-0.0618,34,-0.0618,41.9,-0.239,41.9,-0.239
604009,34,34,0,34,0,34,0,34,0,34,0,34,0,34,0,34,0,41.9,-0.189,41.9,-0.189
604011,15,15,0,15,0,15,0,15,0,15,0,14,0.0714,14,0.0714,14,0.0714,14,0.0714,14,0.0714
604070,26.9,26.9,0,26.9,0,26.9,0,26.9,0,26.9,0,26.9,0,26.9,0,26.9,0,26.9,0,21.9,0.228
604097,15,15,0,15,0,15,0,15,0,15,0,,,15,0,15,0,15,0,15,0
604105,,,,,,,,,,,,,,,,,,,,,
604106,,,,,,,,,,,,,,,,,,,,,
604107,,,,,,,,,,,,,,,,,,,,,
604117,27,27,0,27,0,27,0,27,0,27,0,27,0,27,0,22.9,0.179,,,,
604118,,,,,,,,,,,,,,,,,,,,,
604151,26.9,26.9,0,26.9,0,26.9,0,26.9,0,26.9,0,26.9,0,26.9,0,26.9,0,26.9,0,26.9,0
604154,,,,,,,,,,,,,,,,,,,,,
604212,24.5,24.5,0,24.5,0,24.5,0,22.5,0.0889,,,,,,,45,-0.456,45,-0.456,45,-0.456
604215,,,,,,,,,,,,,,,,,,,,,
604232,26.9,26.9,0,26.9,0,26.9,0,26.9,0,26.9,0,26.9,0,26.9,0,26.9,0,26.9,0,26.9,0
604259,16,16,0,16,0,16,0,16,0,16,0,16,0,16,0,16,0,16,0,16,0
604313,26.9,26.9,0,26.9,0,26.9,0,26.9,0,26.9,0,26.9,0,26.9,0,26.9,0,26.9,0,26.9,0
604518,8,8,0,8,0,8,0,8,0,8,0,8,0,8,0,8,0,8,0,8,0
604710,5,5,0,5,0,5,0,5,0,5,0,5,0,5,0,5,0,5,0,5,0
604869,,,,,,,,,,,,,,,,,,,,,
604870,,,,,,,,,,,,,,,,,,,,,
604871,,,,,,,,,,,,,,,,,,,,,
604897,9,9,0,9,0,9,0,9,0,9,0,9,0,,,,,,,,
605151,12.5,12.5,0,12.5,0,12.5,0,12.5,0,12.5,0,,,12.5,0,12.5,0,12.5,0,12.5,0
605152,7.5,7.5,0,7.5,0,7.5,0,7.5,0,7.5,0,7.5,0,7.5,0,7.5,0,7.5,0,7.5,0
605514,13.5,13.5,0,13.5,0,13.5,0,13.5,0,13.5,0,13.5,0,13.5,0,12.9,0.0465,12.5,0.08,12.5,0.08
605522,16.3,16.3,0,16.3,0,16.3,0,16.3,0,16.3,0,16.3,0,16.3,0,15.4,0.0584,15,0.0867,15,0.0867
605523,17.5,17.5,0,17.5,0,17.5,0,17.5,0,,,17.5,0,17.5,0,16.8,0.0417,16.3,0.0736,16.3,0.0736
605549,41.3,41.3,0,41.3,0,41.3,0,41.3,0,41.3,0,41.3,0,41.3,0,39.4,0.0482,39.4,0.0482,46.3,-0.108
605557,40.9,40.9,0,40.9,0,40.9,0,40.9,0,40.9,0,40.9,0,40.9,0,39,0.0487,37.5,0.0907,37.5,0.0907
605581,32.9,32.9,0,32.9,0,32.9,0,32.9,0,32.9,0,32.9,0,32.9,0,31.3,0.0511,30,0.0967,30,0.0967
605603,65.6,65.6,0,65.6,0,65.6,0,65.6,0,65.6,0,65.6,0,,,56.9,0.153,55,0.193,55,0.193
605621,80,80,0,72.5,0.103,72.5,0.103,72.5,0.103,72.5,0.103,72.5,0.103,72.5,0.103,72.5,0.103,70,0.143,,
605671,,,,,,,,,,,,,,,,,,,,,
605697,63.9,63.9,0,63.9,0,63.9,0,63.9,0,,,63.9,0,63.9,0,60.9,0.0493,,,,
606051,,,,,,,,,,,,,,,,,,,,,
606052,18,18,0,18,0,18,0,18,0,18,0,18,0,18,0,,,,,,
606055,,,,,,,,,,,,,,,,,,,,,
606155,12.5,12.5,0,12.5,0,12.5,0,12.5,0,12.5,0,12.5,0,12.5,0,12.5,0,12.5,0,12.5,0
606195,,,,,,,,,,,,,,,,,,,,,
606199,,,,,,,,,,,,,,,,,,,,,
606314,185,185,0,185,0,185,0,185,0,185,0,169,0.0947,169,0.0947,171,0.0793,171,0.0793,171,0.0793
606315,46.5,46.5,0,46.5,0,46.5,0,46.5,0,,,,,49,-0.051,49,-0.051,49,-0.051,49,-0.051
606332,64.5,64.5,0,64.5,0,64.5,0,64.5,0,64.5,0,64.5,0,64.5,0,49.9,0.293,49.9,0.293,49,0.316
606715,,,,,,,,,,,,,,,,,,,,,
606740,,,,,,,,,,,,,,,,,,,,,
606839,30.5,30.5,0,30.5,0,30.5,0,30.5,0,30.5,0,30.5,0,30.5,0,27.3,0.117,27.3,0.117,24.5,0.245
606953,8,8,0,8,0,8,0,8,0,8,0,8,0,8,0,,,,,,
606973,38,38,0,38,0,38,0,38,0,38,0,38,0,38,0,,,,,,
607141,24.5,24.5,0,24.5,0,24.5,0,24.5,0,24.5,0,24.5,0,24.5,0,24.5,0,24.5,0,24.5,0
607147,,,,,,,,,,,,,,,,,,,,,
607187,,,,,,,,,,,,,,,,,,,,,
607195,79.9,79.9,0,79.9,0,79.9,0,79.9,0,79.9,0,79.9,0,79.9,0,69.9,0.143,79.9,0,74.9,0.0668
607197,,,,,,,,,,,,,,,,,,,,,
607747,,,,,,,,,,,,,,,,,,,,,
607754,,,,,,,,,,,,,,,,,,,,,
607762,,,,,,,,,,,,,,,,,,,,,
607851,60,60,0,60,0,,,60,0,60,0,60,0,57.5,0.0435,57.5,0.0435,54,0.111,52,0.154
607932,485,485,0,485,0,,,485,0,485,0,485,0,485,0,485,0,485,0,,
609048,4.5,4.5,0,4.5,0,4.5,0,4.5,0,4.5,0,4.5,0,4.5,0,4.5,0,4.5,0,4.5,0
609056,4.5,4.5,0,4.5,0,4.5,0,4.5,0,4.5,0,4.5,0,4.5,0,4.5,0,4.5,0,4.5,0
609080,,,,,,,,,,,,,,,,,,,,,
609099,8.8,8.8,0,8.8,0,8.8,0,8.8,0,8.8,0,8.8,0,8.8,0,8.8,0,8.8,0,8.8,0
609137,7.5,7.5,0,7.5,0,7.5,0,7.5,0,7.5,0,7.5,0,7.5,0,7.5,0,7.5,0,7.5,0
609153,5,5,0,5,0,5,0,5,0,5,0,5,0,5,0,5,0,5,0,5,0
609188,,,,,,,,,,,,,,,,,,,,,
609196,4.5,4.5,0,4.5,0,4.5,0,4.5,0,4.5,0,4.5,0,4.5,0,4.5,0,4.5,0,4.5,0
609226,6.5,6.5,0,6.5,0,6.5,0,6.5,0,6.5,0,6.5,0,6.5,0,6.5,0,6.5,0,6.5,0
609242,8.8,8.8,0,8.8,0,8.8,0,8.8,0,8.8,0,8.8,0,8.8,0,8.8,0,8.8,0,8.8,0
609581,11,11,0,11,0,11,0,11,0,11,0,11,0,11,0,,,,,,
609699,25,25,0,25,0,25,0,25,0,25,0,25,0,25,0,,,,,,
609702,25,25,0,25,0,25,0,25,0,25,0,25,0,25,0,,,,,,
609781,28.5,28.5,0,,,,,,,28.5,0,28.5,0,28.5,0,28.5,0,28.5,0,28.5,0
609871,108,108,0,108,0,108,0,108,0,,,108,0,108,0,108,0,108,0,106,0.0236
609901,,,,,,,,,,,,,,,,,,,,,
609991,16,16,0,16,0,16,0,16,0,16,0,16,0,,,,,,,,
610115,37.5,37.5,0,37.5,0,37.5,0,37.5,0,37.5,0,37.5,0,37.5,0,37.5,0,37.5,0,37.5,0
610265,210,210,0,210,0,210,0,210,0,210,0,210,0,210,0,210,0,210,0,210,0
610271,,,,,,,,,,,,,,,,,,,,,
610283,28.5,28.5,0,28.5,0,28.5,0,28.5,0,28.5,0,28.5,0,28.5,0,28.5,0,28.5,0,28.5,0
610293,34.9,34.9,0,34.9,0,34.9,0,34.9,0,34.9,0,34.9,0,34.9,0,38.9,-0.103,43.9,-0.205,43.9,-0.205
610294,,,,,,,,,,,,,,,,,,,,,
610305,45.5,45.5,0,,,,,45.5,0,45.5,0,45.5,0,45.5,0,45.5,0,45.5,0,45.5,0
610312,,,,,,,,,,,,,,,,,,,,,
610315,,,,,,,,,,,,,,,,,,,,,
610348,41,41,0,41,0,41,0,41,0,41,0,41,0,41,0,41,0,41,0,41,0
610359,17.5,17.5,0,17.5,0,17.5,0,17.5,0,17.5,0,17.5,0,17.5,0,19,-0.0789,15.5,0.129,15.5,0.129
610369,18.5,18.5,0,18.5,0,18.5,0,18.5,0,18.5,0,18.5,0,18.5,0,20.5,-0.0976,17,0.0882,17,0.0882
610384,19.5,19.5,0,19.5,0,19.5,0,19.5,0,19.5,0,16.5,0.182,16.5,0.182,15,0.3,24.4,-0.201,21.4,-0.0888
610389,19.5,19.5,0,19.5,0,19.5,0,19.5,0,,,,,16.5,0.182,15,0.3,18.9,0.0317,21.4,-0.0888
610429,12.5,12.5,0,12.5,0,12,0.0417,12,0.0417,12,0.0417,12,0.0417,,,12,0.0417,11.5,0.087,11.5,0.087
610539,8.4,8.4,0,8.4,0,8.4,0,8.4,0,8.4,0,8.4,0,8.4,0,8.4,0,8,0.05,8,0.05
610638,29.5,29.5,0,29.5,0,29.5,0,29.5,0,29.5,0,29.5,0,29.5,0,29.5,0,29.5,0,29.5,0
610648,58.5,58.5,0,58.5,0,58.5,0,58.5,0,58.5,0,58.5,0,58.5,0,58.5,0,58.5,0,58.5,0
610658,,,,,,,,,,,,,,,,,,,,,
610733,,,,,,,,,,,,,,,,,,,,,
610748,,,,,,,,,,,,,,,,,,,,,
610754,120,120,0,120,0,120,0,120,0,120,0,120,0,120,0,120,0,120,0,120,0
610764,73,73,0,73,0,73,0,73,0,73,0,73,0,73,0,73,0,73,0,73,0
610984,55,55,0,55,0,55,0,55,0,55,0,55,0,55,0,55,0,55,0,55,0
611073,,,,,,,,,,,,,,,,,,,,,
611074,,,,,,,,,,,,,,,,,,,,,
611075,,,,,,,,,,,,,,,,,,,,,
611751,14.4,14.4,0,14.4,0,14.4,0,14.4,0,14.4,0,14.4,0,,,14.4,0,14.4,0,,
611794,15.6,15.6,0,15.6,0,15.6,0,15.6,0,15.6,0,15.6,0,15.6,0,15.6,0,15.6,0,15.6,0
611808,15.6,15.6,0,15.6,0,15.6,0,15.6,0,15.6,0,15.6,0,,,15.6,0,15.6,0,15.6,0
613320,,,,,,,,,,,,,,,,,,,,,
613436,,,,,,,,,,,,,,,,,,,,,
614858,5.5,5.5,0,5.5,0,5.5,0,5.5,0,5.5,0,5.5,0,5.5,0,5.5,0,5.5,0,5.5,0
615360,,,,,,,,,,,,,,,,,,,,,
615361,,,,,,,,,,,,,,,,,,,,,
615362,,,,,,,,,,,,,,,,,,,,,
615575,,,,,,,,,,,,,,,,,,,,,
615578,,,,,,,,,,,,,,,,,,,,,
615582,,,,,,,,,,,,,,,,,,,,,
615583,,,,,,,,,,,,,,,,,,,,,
615586,,,,,,,,,,,,,,,,,,,,,
615593,15,15,0,15,0,15,0,15,0,15,0,15,0,15,0,15,0,15,0,15,0
615594,10.9,10.9,0,10.9,0,10.9,0,10.9,0,10.9,0,10.9,0,,,,,,,,
615600,25.5,25.5,0,25.5,0,25.5,0,25.5,0,25.5,0,25.5,0,31.5,-0.19,31.5,-0.19,31.5,-0.19,31.5,-0.19
615609,,,,,,,,,,,,,,,,,,,,,
615619,16,16,0,16,0,16,0,16,0,16,0,15,0.0667,15,0.0667,15,0.0667,15,0.0667,,
615620,16,16,0,16,0,16,0,16,0,16,0,15,0.0667,12.5,0.28,15,0.0667,15,0.0667,19.5,-0.179
615624,16,16,0,16,0,16,0,16,0,16,0,15,0.0667,15,0.0667,15,0.0667,15,0.0667,,
615625,16,16,0,16,0,16,0,16,0,16,0,15,0.0667,15,0.0667,15,0.0667,15,0.0667,,
615626,16,16,0,16,0,16,0,16,0,16,0,15,0.0667,12.5,0.28,15,0.0667,15,0.0667,19.5,-0.179
615630,,,,,,,,,,,,,,,,,,,,,
615633,,,,,,,,,,,,,,,,,,,,,
615634,,,,,,,,,,,,,,,,,,,,,
615669,27,27,0,27,0,27,0,27,0,27,0,27,0,27,0,27,0,27,0,27,0
615670,12.5,12.5,0,12.5,0,12.5,0,12.5,0,12.5,0,12.5,0,12.5,0,,,,,,
615671,,,,,,,,,,,,,,,,,,,,,
615672,,,,,,,,,,,,,,,,,,,,,
615674,,,,,,,,,,,,,,,,,,,,,
615676,,,,,,,,,,,,,,,,,,,,,
615691,8,8,0,8,0,8,0,6.4,0.25,6.4,0.25,8,0,7,0.143,8,0,8.5,-0.0588,11,-0.273
615699,,,,,,,,,,,,,,,,,,,,,
615701,53,53,0,53,0,53,0,53,0,53,0,53,0,53,0,53,0,53,0,53,0
615715,60.5,60.5,0,60.5,0,60.5,0,60.5,0,60.5,0,60.5,0,60.5,0,60.5,0,60.5,0,65.8,-0.0805
615716,60.5,60.5,0,60.5,0,60.5,0,60.5,0,60.5,0,60.5,0,60.5,0,60.5,0,60.5,0,65.8,-0.0805
615719,,,,,,,,,,,,,,,,,,,,,
615786,50,50,0,50,0,50,0,50,0,50,0,50,0,50,0,49,0.0204,49,0.0204,49,0.0204
615792,15.6,15.6,0,15.6,0,15.6,0,15.6,0,15.6,0,15.6,0,15.6,0,15.6,0,15.6,0,,
615800,25.9,25.9,0,25.9,0,25.9,0,24.9,0.0402,24.9,0.0402,24.9,0.0402,24.9,0.0402,24.9,0.0402,27.9,-0.0717,33,-0.215
615801,38.9,38.9,0,38.9,0,38.9,0,35.9,0.0836,35.9,0.0836,35.9,0.0836,34.9,0.115,36.9,0.0542,36.9,0.0542,46.9,-0.171
615904,26,26,0,26,0,26,0,22,0.182,26,0,23.6,0.102,23.6,0.102,19.6,0.327,22.4,0.161,34,-0.235
615905,26,26,0,26,0,26,0,22,0.182,26,0,23.6,0.102,23.6,0.102,23.6,0.102,34,-0.235,34,-0.235
615907,26,26,0,26,0,26,0,26,0,26,0,23.6,0.102,23.6,0.102,23.6,0.102,34,-0.235,34,-0.235
615923,,,,,,,,,,,,,,,,,,,,,
615929,89.9,89.9,0,89.9,0,89.9,0,72.5,0.24,72.5,0.24,72.5,0.24,72.5,0.24,99,-0.0919,85,0.0576,99,-0.0919
615943,,,,,,,,,,,,,,,,,,,,,
615980,2.5,2.5,0,2.5,0,2.5,0,2.5,0,,,,,2,0.25,2.5,0,2.5,0,3,-0.167
616101,21.3,21.3,0,21.3,0,21.3,0,21.3,0,21.3,0,16.6,0.283,16.6,0.283,21.4,-0.00467,21.4,-0.00467,21.4,-0.00467
616123,,,,,,,,,,,,,,,,,,,,,
616137,,,,,,,,,,,,,,,,,,,,,
616138,,,,,,,,,,,,,,,,,,,,,
616298,7,7,0,7,0,7,0,7,0,7,0,7,0,7,0,7,0,8,-0.125,8,-0.125
616305,28.6,28.6,0,28.6,0,28.6,0,28.6,0,28.6,0,28.6,0,28.6,0,28.6,0,28.6,0,28.6,0
616346,48,48,0,48,0,48,0,48,0,45,0.0667,45,0.0667,45,0.0667,59,-0.186,59,-0.186,59,-0.186
616351,38.9,38.9,0,38.9,0,38.9,0,35.9,0.0836,35.9,0.0836,35.9,0.0836,,,36.9,0.0542,36.9,0.0542,46.9,-0.171
616370,80,80,0,80,0,80,0,80,0,80,0,80,0,80,0,80,0,80,0,80,0
616371,80,80,0,80,0,80,0,80,0,80,0,80,0,80,0,80,0,80,0,80,0
616420,38.1,38.1,0,38.1,0,38.1,0,38.1,0,38.1,0,38.1,0,,,,,,,,
616421,38.1,38.1,0,38.1,0,38.1,0,38.1,0,38.1,0,38.1,0,,,,,,,,
616422,34.8,34.8,0,34.8,0,34.8,0,34.8,0,34.8,0,34.8,0,,,,,,,,
616423,34.8,34.8,0,34.8,0,34.8,0,34.8,0,34.8,0,34.8,0,,,,,,,,
616429,47.9,47.9,0,47.9,0,47.9,0,47.9,0,47.9,0,47.9,0,47.9,0,,,47.9,0,47.9,0
616432,47.9,47.9,0,47.9,0,47.9,0,47.9,0,47.9,0,47.9,0,47.9,0,47.9,0,47.9,0,47.9,0
616433,29.9,29.9,0,36.9,-0.19,36.9,-0.19,36.9,-0.19,36.9,-0.19,36.9,-0.19,27.7,0.0794,36.9,-0.19,29.6,0.0101,42,-0.288
616434,49.8,49.8,0,49.8,0,49.8,0,49.8,0,49.8,0,39.8,0.251,49.8,0,39.8,0.251,56,-0.111,69.9,-0.288
616438,,,,,,,,,,,,,,,,,,,,,
616440,23.9,23.9,0,23.9,0,23.9,0,23,0.0391,23,0.0391,23,0.0391,20.9,0.144,20.9,0.144,25.9,-0.0772,30.9,-0.227
616451,35,35,0,35,0,35,0,35,0,35,0,35,0,35,0,35,0,35,0,35,0
616452,29.5,29.5,0,29.5,0,29.5,0,29.5,0,29.5,0,29.5,0,29.5,0,29.5,0,29.5,0,29.5,0
616458,,,,,,,,,,,,,,,,,,,,,
616459,86.9,86.9,0,86.9,0,86.9,0,70,0.241,70,0.241,86.9,0,86.9,0,86.9,0,96,-0.0948,127,-0.317
616490,,,,,,,,,,,,,,,,,,,,,
616510,20.5,20.5,0,20.5,0,20.5,0,20.5,0,20.5,0,20.5,0,20.5,0,,,,,,
616511,20.5,20.5,0,20.5,0,20.5,0,20.5,0,20.5,0,20.5,0,20.5,0,20.5,0,20.5,0,20.5,0
616512,20.5,20.5,0,20.5,0,20.5,0,20.5,0,20.5,0,20.5,0,20.5,0,20.5,0,20.5,0,20.5,0
616513,20.5,20.5,0,20.5,0,20.5,0,20.5,0,20.5,0,20.5,0,20.5,0,20.5,0,20.5,0,20.5,0
616525,20.6,20.6,0,20.6,0,20.6,0,,,,,,,,,,,,,,
616563,44.9,44.9,0,44.9,0,44.9,0,44.9,0,44.9,0,29.9,0.502,17.9,1.51,47,-0.0447,47,-0.0447,44.9,0
616564,,,,,,,,,,,,,,,,,,,,,
616569,,,,,,,,,,,,,,,,,,,,,
616746,,,,,,,,,,,,,,,,,,,,,
616748,31.9,31.9,0,31.9,0,31.9,0,29.9,0.0669,29.9,0.0669,29.9,0.0669,28.9,0.104,31.9,0,35.9,-0.111,45.5,-0.299
616749,31.9,31.9,0,31.9,0,31.9,0,29.9,0.0669,29.9,0.0669,29.9,0.0669,28.9,0.104,31.9,0,35.9,-0.111,45.5,-0.299
616750,,,,,,,,,,,,,,,,,,,,,
616751,38.9,38.9,0,38.9,0,38.9,0,35.9,0.0836,35.9,0.0836,35.9,0.0836,34.9,0.115,36.9,0.0542,36.9,0.0542,46.9,-0.171
616752,25.9,,,,,25.9,0,24.9,0.0402,24.9,0.0402,24.9,0.0402,24.9,0.0402,24.9,0.0402,27.9,-0.0717,33,-0.215
616753,25.9,25.9,0,25.9,0,25.9,0,24.9,0.0402,24.9,0.0402,24.9,0.0402,24.9,0.0402,24.9,0.0402,27.9,-0.0717,33,-0.215
616805,12.4,12.4,0,12.4,0,12.4,0,12.4,0,12.4,0,12.4,0,12.4,0,12.4,0,12.4,0,12,0.0333
616807,13.8,13.8,0,13.8,0,13.8,0,13.8,0,13.8,0,13.8,0,13.8,0,13.8,0,,,,
616808,13.8,13.8,0,13.8,0,13.8,0,13.8,0,13.8,0,13.8,0,13.8,0,13.8,0,,,,
616809,,,,,,,,,,,,,,,,,,,,,
616880,16.3,16.3,0,16.3,0,16.3,0,16.3,0,16.3,0,16.3,0,16.3,0,16.3,0,16.3,0,,
616891,,,,,,,,,,,,,,,,,,,,,
616953,13,13,0,13,0,13,0,13,0,13,0,13,0,13,0,13,0,13,0,13,0
616961,,,,,,,,,,,,,,,,,,,,,
616993,41.9,41.9,0,41.9,0,41.9,0,41.9,0,41.9,0,41.9,0,41.9,0,41.9,0,41.9,0,,
617030,23.9,23.9,0,23.9,0,23.9,0,23,0.0391,23,0.0391,23,0.0391,,,20.9,0.144,25.9,-0.0772,30.9,-0.227
617031,33.9,33.9,0,33.9,0,33.9,0,30.9,0.0971,30.9,0.0971,30.9,0.0971,,,32.9,0.0304,32.9,0.0304,41.5,-0.183
617036,,,,,,,,,,,,,,,,,,,,,
617042,65.9,65.9,0,65.9,0,65.9,0,65.9,0,65.9,0,65.9,0,56,0.177,65.9,0,65.9,0,,
617043,,,,,,,,,,,,,,,,,,,,,
617044,65.9,65.9,0,65.9,0,65.9,0,65.9,0,65.9,0,65.9,0,,,65.9,0,65.9,0,,
617045,,,,,,,,,,,,,,,,,,,,,
617050,35,35,0,35,0,35,0,35,0,35,0,35,0,35,0,35,0,35,0,35,0
617051,66,66,0,66,0,66,0,66,0,66,0,66,0,66,0,66,0,66,0,66,0
617052,,,,,,,,,,,,,,,,,,,,,
617053,18.9,18.9,0,18.9,0,18.9,0,18.9,0,18.9,0,13.5,0.4,16.9,0.118,17,0.112,17,0.112,,
617059,60,60,0,60,0,60,0,60,0,60,0,60,0,60,0,60,0,60,0,60,0
617072,,,,,,,,,,,,,,,,,,,,,
617073,,,,,,,,,,,,,,,,,,,,,
617096,38,38,0,38,0,38,0,38,0,,,,,,,,,,,,
617100,35,35,0,35,0,35,0,35,0,35,0,,,,,,,,,,
617112,34,34,0,34,0,34,0,34,0,34,0,46.9,-0.275,46.9,-0.275,,,,,,
617117,43.7,43.7,0,43.7,0,43.7,0,43.7,0,43.7,0,,,,,,,,,,
617126,12,12,0,12,0,12,0,12,0,12,0,,,,,,,,,,
617131,,,,,,,,,,,,,,,,,,,,,
617138,26.9,26.9,0,26.9,0,26.9,0,26.9,0,26.9,0,26.9,0,26.9,0,,,,,,
617147,24.6,24.6,0,24.6,0,24.6,0,24.6,0,24.6,0,,,,,,,,,,
617149,,,,,,,,,,,,,,,,,,,,,
617165,44.9,44.9,0,44.9,0,44.9,0,44.9,0,44.9,0,20.9,1.15,23.9,0.879,47,-0.0447,47,-0.0447,44.9,0
617166,76.8,76.8,0,76.8,0,76.8,0,76.8,0,76.8,0,76.8,0,76.8,0,75,0.024,75,0.024,75,0.024
617167,70,70,0,70,0,70,0,70,0,70,0,63,0.111,63,0.111,63,0.111,65,0.0769,65,0.0769
617278,47,47,0,47,0,47,0,47,0,47,0,47,0,47,0,47,0,58,-0.19,49.9,-0.0581
617279,,,,,,,,,,,,,,,,,,,,,
617280,47,47,0,47,0,47,0,47,0,47,0,47,0,47,0,47,0,58,-0.19,58,-0.19
617317,19.9,19.9,0,19.9,0,19.9,0,19.9,0,19.9,0,,,,,18.9,0.0529,,,21.9,-0.0913
617319,15.9,15.9,0,15.9,0,15.9,0,15.9,0,9.9,0.606,9.9,0.606,13.5,0.178,13.9,0.144,,,,
617375,,,,,,,,,,,,,,,,,,,,,
617390,,,,,,,,,,,,,,,,,,,,,
617404,,,,,,,,,,,,,,,,,,,,,
617408,39,39,0,39,0,39,0,39,0,99.9,-0.61,,,,,,,,,,
617423,,,,,,,,,,,,,,,,,,,,,
617424,,,,,,,,,,,,,,,,,,,,,
617425,,,,,,,,,,,,,,,,,,,,,
617426,,,,,,,,,,,,,,,,,,,,,
617460,,,,,,,,,,,,,,,,,,,,,
617509,168,168,0,168,0,,,168,0,168,0,168,0,168,0,224,-0.252,224,-0.252,224,-0.252
617515,15.5,15.5,0,15.5,0,15.5,0,15.5,0,15.5,0,,,,,,,,,,
617545,,,,,,,,,,,,,,,,,,,,,
617579,179,179,0,179,0,179,0,179,0,179,0,179,0,179,0,179,0,179,0,179,0
617589,,,,,,,,,,,,,,,,,,,,,
617596,91.9,91.9,0,91.9,0,91.9,0,91.9,0,91.9,0,91.9,0,91.9,0,,,,,,
617649,36.9,36.9,0,36.9,0,36.9,0,36.9,0,36.9,0,36.9,0,36.9,0,36.9,0,,,,
617654,19.5,19.5,0,19.5,0,19.5,0,20,-0.025,20,-0.025,20,-0.025,20,-0.025,18.5,0.0541,18.5,0.0541,18.8,0.0372
617670,10.5,10.5,0,10.5,0,10.5,0,10.5,0,10.5,0,10.5,0,10.5,0,12.5,-0.16,14.4,-0.271,14.4,-0.271
617721,7.5,7.5,0,7.5,0,7.5,0,7.5,0,7.5,0,,,7.5,0,7.5,0,7.5,0,,
617735,,,,,,,,,,,,,,,,,,,,,
617736,,,,,,,,,,,,,,,,,,,,,
617759,18.5,18.5,0,18.5,0,18.5,0,18.5,0,,,,,18.5,0,18.5,0,18.5,0,,
617760,47.9,47.9,0,47.9,0,47.9,0,35.9,0.334,35.9,0.334,47.9,0,47.9,0,48,-0.00208,39.9,0.201,39.9,0.201
617761,47.9,47.9,0,47.9,0,47.9,0,35.9,0.334,35.9,0.334,47.9,0,47.9,0,48,-0.00208,39.9,0.201,39.9,0.201
617762,47.9,47.9,0,47.9,0,47.9,0,35.9,0.334,35.9,0.334,47.9,0,47.9,0,48,-0.00208,39.9,0.201,39.9,0.201
617763,20.5,20.5,0,20.5,0,20.5,0,20.5,0,20.5,0,20.5,0,,,20.5,0,17,0.206,20.5,0
617824,20,20,0,20,0,20,0,20,0,20,0,20,0,20,0,20,0,20,0,,
617828,60.5,60.5,0,60.5,0,60.5,0,60.5,0,60.5,0,60.5,0,60.5,0,,,,,53.5,0.131
617829,37.5,37.5,0,37.5,0,37.5,0,37.5,0,37.5,0,,,37.5,0,31,0.21,,,31,0.21
617831,75,75,0,75,0,75,0,75,0,75,0,75,0,75,0,64,0.172,64,0.172,64,0.172
617833,44.5,44.5,0,44.5,0,44.5,0,44.5,0,44.5,0,44.5,0,44.5,0,,,38.5,0.156,38.5,0.156
617835,,,,,,,,,,,,,,,,,,,,,
617838,25.9,25.9,0,25.9,0,25.9,0,25.9,0,,,,,,,,,,,,
617840,,,,,,,,,,,,,,,,,,,,,
617866,,,,,,,,,,,,,,,,,,,,,
617870,,,,,,,,,,,,,,,,,,,,,
617873,4.5,4.5,0,4.5,0,4.5,0,4.5,0,4.5,0,4.5,0,4.5,0,4.5,0,4.5,0,4.5,0
617881,4.5,4.5,0,4.5,0,4.5,0,4.5,0,4.5,0,4.5,0,4.5,0,4.5,0,4.5,0,4.5,0
617887,12.5,12.5,0,12.5,0,12.5,0,12.5,0,12.5,0,12.5,0,12.5,0,12.5,0,12.5,0,12.5,0
617928,35,35,0,35,0,35,0,35,0,35,0,35,0,35,0,35,0,28.9,0.211,35,0
617994,51,51,0,51,0,,,51,0,51,0,51,0,51,0,42.9,0.189,43.9,0.162,48.5,0.0515
617995,48.5,48.5,0,48.5,0,48.5,0,48.5,0,48.5,0,,,48.5,0,48.5,0,48.5,0,48.5,0
617996,27.5,27.5,0,27.5,0,27.5,0,27.5,0,27.5,0,27.5,0,,,27.5,0,27.5,0,27.5,0
618039,99,99,0,99,0,99,0,99,0,99,0,99,0,99,0,99,0,99,0,99,0
618046,34.9,34.9,0,34.9,0,34.9,0,34.9,0,,,,,,,,,,,,
618047,92,92,0,92,0,92,0,92,0,92,0,92,0,92,0,92,0,92,0,92,0
618060,,,,,,,,,,,,,,,,,,,,,
618068,,,,,,,,,,,,,,,,,,,,,
618073,,,,,,,,,,,,,,,,,,,,,
618258,,,,,,,,,,,,,,,,,,,,,
618314,,,,,,,,,,,,,,,,,,,,,
618320,190,190,0,190,0,,,159,0.195,159,0.195,159,0.195,159,0.195,159,0.195,219,-0.132,219,-0.132
618325,,,,,,,,,,,,,,,,,,,,,
618326,315,315,0,315,0,,,315,0,315,0,315,0,315,0,315,0,315,0,315,0
618354,21,21,0,21,0,21.5,-0.0233,21.5,-0.0233,21.5,-0.0233,21.5,-0.0233,21.5,-0.0233,21.5,-0.0233,21.5,-0.0233,21.5,-0.0233
618360,6.5,6.5,0,6.5,0,6.5,0,6.5,0,6.5,0,6.5,0,6.5,0,6.5,0,6.5,0,6.5,0
618361,4.5,4.5,0,4.5,0,4.5,0,4.5,0,4.5,0,4.5,0,,,4.5,0,,,4.5,0
618397,,,,,,,,,,,,,,,,,,,,,
618398,,,,,,,,,,,,,,,,,,,,,
618399,11.5,11.5,0,11.5,0,11.5,0,11.5,0,,,11.5,0,,,11.5,0,11.5,0,,
618400,11.5,11.5,0,11.5,0,11.5,0,11.5,0,,,,,11.5,0,11.5,0,11.5,0,11.5,0
618401,11.5,11.5,0,11.5,0,11.5,0,11.5,0,11.5,0,11.5,0,,,11.5,0,11.5,0,11.5,0
618402,22.5,22.5,0,22.5,0,22.5,0,22.5,0,22.5,0,22.5,0,,,22.5,0,22.5,0,22.5,0
618404,11.5,11.5,0,11.5,0,11.5,0,11.5,0,,,11.5,0,11.5,0,11.5,0,11.5,0,11.5,0
618405,22.5,22.5,0,22.5,0,22.5,0,22.5,0,22.5,0,22.5,0,22.5,0,22.5,0,22.5,0,22.5,0
618507,24,24,0,24,0,24,0,24,0,24,0,24,0,28.9,-0.17,28.5,-0.158,27.5,-0.127,33.5,-0.284
618508,28,28,0,28,0,28,0,28,0,28,0,28,0,29.9,-0.0635,31.5,-0.111,29.5,-0.0508,36,-0.222
618527,18.5,,,,,18.5,0,18.5,0,18.5,0,18.5,0,18.5,0,18.5,0,,,20.4,-0.0931
618586,18,18,0,18,0,18,0,18,0,18,0,18,0,18,0,18,0,18,0,18,0
618587,18,18,0,18,0,18,0,,,18,0,18,0,18,0,18,0,18,0,18,0
618645,,,,,,,,,,,,,,,,,,,,,
618708,,,,,,,,,,,,,,,,,,,,,
618725,31,31,0,31,0,31,0,31,0,31,0,29.5,0.0508,29.5,0.0508,29.5,0.0508,29.5,0.0508,29.5,0.0508
618726,34.5,34.5,0,34.5,0,34.5,0,34.5,0,34.5,0,32.5,0.0615,32.5,0.0615,32.5,0.0615,32.5,0.0615,32.5,0.0615
618727,31,31,0,31,0,31,0,31,0,31,0,29.5,0.0508,29.5,0.0508,29.5,0.0508,29.5,0.0508,29.5,0.0508
618749,160,160,0,160,0,160,0,160,0,160,0,160,0,160,0,290,-0.448,290,-0.448,290,-0.448
618750,20,20,0,20,0,20,0,20,0,20,0,20,0,20,0,20,0,20,0,20,0
618767,5.5,5.5,0,5.5,0,5.5,0,5.5,0,5.5,0,5.9,-0.0678,5.9,-0.0678,5.5,0,7.5,-0.267,7.5,-0.267
618787,14.5,14.5,0,13,0.115,13,0.115,13,0.115,13,0.115,13,0.115,13,0.115,13,0.115,13,0.115,15,-0.0333
618791,,,,,,,,,,,,,,,,,,,,,
618792,125,125,0,125,0,,,125,0,125,0,125,0,125,0,158,-0.209,158,-0.209,158,-0.209
618793,,,,,,,,,,,,,,,,,,,,,
618794,,,,,,,,,,,,,,,,,,,,,
618795,14.5,14.5,0,14,0.0357,14,0.0357,14,0.0357,,,14,0.0357,14,0.0357,14,0.0357,13,0.115,15,-0.0333
618796,,,,,,,,,,,,,,,,,,,,,
618797,,,,,,,,,,,,,,,,,,,,,
618798,15.5,15.5,0,15.5,0,15.5,0,15.5,0,15.5,0,15.5,0,15.5,0,15.5,0,15.5,0,15.5,0
618799,16,16,0,16,0,16,0,16,0,16,0,16,0,16,0,16,0,16,0,16,0
618818,,,,,,,,,,,,,,,,,,,,,
618830,,,,,,,,,,,,,,,,,,,,,
618831,,,,,,,,,,,,,,,,,,,,,
618833,,,,,,,,,,,,,,,,,,,,,
618837,149,149,0,149,0,,,149,0,149,0,149,0,149,0,149,0,149,0,149,0
618838,149,149,0,149,0,,,149,0,149,0,149,0,149,0,149,0,149,0,149,0
618854,17.5,17.5,0,17.5,0,17.5,0,17.5,0,17.5,0,17.5,0,17.5,0,17.5,0,17.5,0,17.5,0
618855,17.5,17.5,0,17.5,0,17.5,0,17.5,0,17.5,0,17.5,0,17.5,0,17.5,0,17.5,0,17.5,0
618857,6.9,6.9,0,6.9,0,6.9,0,6.9,0,,,,,6.9,0,6.9,0,6.9,0,6.2,0.113
618858,,,,,,,,,,,,,,,,,,,,,
618862,14.5,14.5,0,16.9,-0.142,16.9,-0.142,16.9,-0.142,16.9,-0.142,,,16.9,-0.142,16.9,-0.142,16.9,-0.142,16.9,-0.142
618863,15.5,15.5,0,15.5,0,15.5,0,15.5,0,15.5,0,15.5,0,15.5,0,15.5,0,15.5,0,15.5,0
618931,,,,,,,,,,,,,,,,,,,,,
618933,334,334,0,,,,,334,0,334,0,334,0,334,0,517,-0.355,517,-0.355,517,-0.355
618950,36,36,0,36,0,36,0,36,0,36,0,36,0,36,0,36,0,36,0,36,0
618998,40,40,0,40,0,,,49,-0.184,49,-0.184,49,-0.184,49,-0.184,49,-0.184,44.9,-0.109,52,-0.231
618999,50,50,0,50,0,,,49,0.0204,49,0.0204,49,0.0204,49,0.0204,,,,,,
619004,15,15,0,15,0,15,0,15,0,15,0,15,0,15,0,15,0,15,0,15,0
619018,178,178,0,178,0,,,178,0,178,0,178,0,159,0.116,190,-0.0658,190,-0.0658,190,-0.0658
619029,,,,,,,,,,,,,,,,,,,,,
619051,305,305,0,305,0,,,305,0,305,0,305,0,305,0,305,0,305,0,305,0
619061,15.5,15.5,0,15.5,0,15.5,0,15,0.0333,15,0.0333,,,,,25.5,-0.392,25.5,-0.392,25.5,-0.392
619066,62,62,0,62,0,62,0,62,0,62,0,62,0,62,0,62,0,43,0.442,43,0.442
619089,2.8,2.8,0,2.8,0,2.8,0,2.8,0,2.8,0,2.8,0,,,,,,,3,-0.0667
619090,2.8,2.8,0,2.8,0,2.8,0,,,,,,,,,,,,,,
619091,2.8,2.8,0,2.8,0,2.8,0,2.8,0,2.8,0,2.8,0,,,2.8,0,,,,
619092,2.8,2.8,0,2.8,0,2.8,0,,,,,,,,,2.8,0,,,3,-0.0667
619108,,,,,,,,,,,,,,,,,,,,,
619114,,,,,,,,,,,,,,,,,,,,,
619115,,,,,,,,,,,,,,,,,,,,,
619117,,,,,,,,,,,,,,,,,,,,,
619118,,,,,,,,,,,,,,,,,,,,,
619121,20.5,20.5,0,20.5,0,20.5,0,20.5,0,20.5,0,20.5,0,20.5,0,18,0.139,18,0.139,18,0.139
619126,17.5,17.5,0,17.5,0,17.5,0,17.5,0,17.5,0,15,0.167,15,0.167,15,0.167,15,0.167,15,0.167
619129,,,,,,,,,,,,,,,,,,,,,
619130,25,25,0,,,,,,,25,0,25,0,25,0,25,0,25,0,27.5,-0.0909
619131,,,,,,,,,,,,,,,,,,,,,
619133,,,,,,,,,,,,,,,,,,,,,
619153,29.5,29.5,0,,,,,,,,,,,,,,,,,29.5,0
619156,29.5,29.5,0,29.5,0,29.5,0,29.5,0,29.5,0,29.5,0,29.5,0,29.5,0,23.8,0.239,23.8,0.239
619157,29.5,29.5,0,29.5,0,29.5,0,29.5,0,29.5,0,29.5,0,29.5,0,29.5,0,23.8,0.239,23.8,0.239
619185,,,,,,,,,,,,,,,,,,,,,
619245,,,,,,,,,,,,,,,,,,,,,
619265,,,,,,,,,,,,,,,,,,,,,
619267,22.5,22.5,0,22.5,0,22.5,0,22.5,0,22.5,0,22.5,0,,,22.5,0,22.5,0,18.5,0.216
619269,25.8,25.8,0,25.8,0,25.8,0,25.8,0,25.8,0,25.8,0,25.8,0,25.8,0,25.8,0,21,0.229
619274,68.5,68.5,0,68.5,0,68.5,0,68.5,0,,,,,68.5,0,68.5,0,,,,
619275,45,45,0,45,0,45,0,45,0,,,45,0,45,0,45,0,,,,
619276,32.5,32.5,0,32.5,0,32.5,0,32.5,0,,,32.5,0,,,32.5,0,,,,
619285,21.5,21.5,0,21.5,0,19,0.132,19,0.132,19,0.132,19,0.132,19,0.132,19,0.132,19,0.132,,
619287,10.5,10.5,0,10.5,0,,,10.5,0,,,10.5,0,10.5,0,10.5,0,10.5,0,10.5,0
619298,159,159,0,159,0,,,,,159,0,159,0,159,0,164,-0.0275,159,0,180,-0.117
619330,,,,,,,,,,,,,,,,,,,,,
619333,,,,,,,,,,,,,,,,,,,,,
619336,,,,,,,,,,,,,,,,,,,,,
619348,,,,,,,,,,,,,,,,,,,,,
619357,32,32,0,32,0,32,0,32,0,32,0,32,0,32,0,32,0,32,0,,
619359,37.5,37.5,0,37.5,0,39.5,-0.0506,39.5,-0.0506,39.5,-0.0506,39.5,-0.0506,39.5,-0.0506,42.6,-0.12,38,-0.0132,38,-0.0132
619364,,,,,,,,,,,,,,,,,,,,,
619368,18,18,0,18,0,18,0,18,0,18,0,18,0,18,0,18,0,18,0,14.9,0.208
619369,18,18,0,18,0,18,0,18,0,18,0,18,0,18,0,18,0,18,0,14.9,0.208
619370,18,18,0,18,0,18,0,18,0,18,0,18,0,18,0,18,0,18,0,14.9,0.208
619382,56.5,56.5,0,56.5,0,56.5,0,56.5,0,56.5,0,56.5,0,56.5,0,55,0.0273,52.5,0.0762,52.5,0.0762
619383,87,87,0,87,0,,,87,0,87,0,87,0,87,0,97,-0.103,97,-0.103,88,-0.0114
619396,15,15,0,15,0,15,0,15,0,15,0,15,0,15,0,15,0,15,0,15,0
619400,22.5,22.5,0,22.5,0,22.5,0,22.5,0,22.5,0,22.5,0,22.5,0,22.5,0,22.5,0,22.5,0
619402,355,355,0,355,0,,,355,0,355,0,355,0,355,0,355,0,355,0,,
619403,745,745,0,745,0,,,745,0,,,,,,,,,,,,
619414,7.9,7.9,0,9.6,-0.177,9.6,-0.177,9.6,-0.177,,,9.6,-0.177,9.6,-0.177,10.5,-0.248,10.5,-0.248,10.5,-0.248
619416,5,5,0,5,0,5,0,,,5,0,5,0,5,0,5.2,-0.0385,5.2,-0.0385,5.2,-0.0385
619417,15.5,15.5,0,15.5,0,15.5,0,15.5,0,15.5,0,15.5,0,15.5,0,,,15.5,0,15.5,0
619418,14.5,14.5,0,14.5,0,14.5,0,14.5,0,14.5,0,14.5,0,14.5,0,14.5,0,,,14.5,0
619423,135,135,0,135,0,,,135,0,135,0,135,0,135,0,135,0,135,0,135,0
619424,305,305,0,305,0,,,305,0,305,0,305,0,305,0,305,0,305,0,305,0
619425,305,305,0,305,0,,,305,0,305,0,305,0,305,0,305,0,305,0,305,0
619446,,,,,,,,,,,,,,,,,,,,,
619465,18,18,0,18,0,18,0,18,0,18,0,18,0,,,18,0,18,0,18,0
619466,,,,,,,,,,,,,,,,,,,,,
619467,,,,,,,,,,,,,,,,,,,,,
619468,,,,,,,,,,,,,,,,,,,,,
619469,,,,,,,,,,,,,,,,,,,,,
619477,45,45,0,45,0,45,0,48,-0.0625,48,-0.0625,48,-0.0625,48,-0.0625,48,-0.0625,,,48,-0.0625
619490,199,199,0,199,0,,,199,0,199,0,199,0,199,0,199,0,199,0,184,0.0815
619510,,,,,,,,,,,,,,,,,,,,,
619523,,,,,,,,,,,,,,,,,,,,,
619525,,,,,,,,,,,,,,,,,,,,,
619526,,,,,,,,,,,,,,,,,,,,,
619558,,,,,,,,,,,,,,,,,,,,,
619559,,,,,,,,,,,,,,,,,,,,,
619560,,,,,,,,,,,,,,,,,,,,,
619569,,,,,,,,,,,,,,,,,,,,,
619636,,,,,,,,,,,,,,,,,,,,,
619667,39.5,39.5,0,39.5,0,39.5,0,39.5,0,39.5,0,39.5,0,39.5,0,44.5,-0.112,44.5,-0.112,44.5,-0.112
619701,,,,,,,,,,,,,,,,,,,,,
619709,,,,,,,,,,,,,,,,,,,,,
619717,24.9,24.9,0,24.9,0,24.9,0,24.9,0,24.9,0,54.9,-0.546,54.9,-0.546,54.9,-0.546,54.9,-0.546,65.9,-0.622
619729,99.9,99.9,0,99.9,0,99.9,0,99.9,0,99.9,0,,,,,,,,,,
619788,,,,,,,,,,,,,,,,,,,,,
619861,,,,,,,,,,,,,,,,,,,,,
619903,,,,,,,,,,,,,,,,,,,,,
619969,,,,,,,,,,,,,,,,,,,,,
619995,,,,,,,,,,,,,,,,,,,,,
620004,,,,,,,,,,,,,,,,,,,,,
620011,12.5,12.5,0,12.5,0,12.5,0,12.5,0,12.5,0,12.5,0,12.5,0,12.5,0,12.5,0,12.5,0
620012,,,,,,,,,,,,,,,,,,,,,
620610,,,,,,,,,,,,,,,,,,,,,
621425,,,,,,,,,,,,,,,,,,,,,
621761,,,,,,,,,,,,,,,,,,,,,
622055,,,,,,,,,,,,,,,,,,,,,
622091,4.5,4.5,0,4.5,0,4.5,0,4.5,0,4.5,0,4.5,0,4.5,0,4.5,0,4.5,0,4.5,0
622237,5,5,0,5,0,5,0,5,0,5,0,5,0,5,0,5,0,5,0,5,0
623035,5.5,5.5,0,5.5,0,5.5,0,5.5,0,5.5,0,5.5,0,5.5,0,5.5,0,5.5,0,5.5,0
624039,,,,,,,,,,,,,,,,,,,,,
624055,28.5,28.5,0,28.5,0,28.5,0,28.5,0,28.5,0,28.5,0,28.5,0,,,28.5,0,28.5,0
624253,99.9,99.9,0,99.9,0,99.9,0,99.9,0,99.9,0,,,,,75,0.332,75,0.332,69.9,0.429
624257,,,,,,,,,,,,,,,,,,,,,
624411,8,8,0,8,0,8,0,8,0,8,0,8,0,,,8,0,8,0,8,0
624454,13.8,13.8,0,13.8,0,13.8,0,13.8,0,13.8,0,13.8,0,13.8,0,13.8,0,13.8,0,13.8,0
624462,,,,,,,,,,,,,,,,,,,,,
624470,22,22,0,22,0,22,0,22,0,22,0,22,0,22,0,22,0,27.5,-0.2,27.5,-0.2
624500,29.5,29.5,0,29.5,0,29.5,0,29.5,0,29.5,0,29.5,0,29.5,0,29.5,0,29.5,0,29.5,0
624519,28.5,28.5,0,28.5,0,,,28.5,0,28.5,0,28.5,0,,,28.5,0,28.5,0,28.5,0
624570,11,11,0,11,0,11,0,11,0,11,0,11,0,11,0,11,0,10,0.1,10,0.1
624571,11,11,0,11,0,11,0,11,0,11,0,11,0,11,0,11,0,10,0.1,10,0.1
624573,11,11,0,11,0,11,0,11,0,11,0,11,0,11,0,11,0,10,0.1,10,0.1
624574,11,11,0,11,0,11,0,11,0,11,0,11,0,11,0,11,0,10,0.1,10,0.1
624576,11,11,0,11,0,11,0,11,0,11,0,11,0,11,0,11,0,10,0.1,10,0.1
624589,11,11,0,11,0,11,0,11,0,11,0,11,0,11,0,11,0,10,0.1,10,0.1
624602,4.5,4.5,0,4.5,0,,,4.5,0,,,,,3.5,0.286,4.5,0,4,0.125,4,0.125
624610,4.5,4.5,0,4.5,0,4.5,0,4.5,0,4.5,0,4.5,0,4.5,0,4.5,0,4.5,0,4.5,0
624611,,,,,,,,,,,,,,,,,,,,,
624612,6.5,6.5,0,6.5,0,6.5,0,6.5,0,6.5,0,6.5,0,6.5,0,6.5,0,6,0.0833,6,0.0833
625050,21.5,21.5,0,21.5,0,21.5,0,21.5,0,21.5,0,21.5,0,21.5,0,21.5,0,21.5,0,21.5,0
625052,19.5,19.5,0,19.5,0,19.5,0,19.5,0,19.5,0,19.5,0,19.5,0,19.5,0,19.5,0,16.8,0.161
625053,31,31,0,31,0,31,0,31,0,31,0,31,0,31,0,31,0,31,0,26.8,0.157
625230,,,,,,,,,,,,,,,,,,,,,
625485,14.5,14.5,0,14.5,0,14.5,0,14.5,0,14.5,0,14.5,0,14.5,0,14.5,0,14.5,0,14.5,0
625570,,,,,,,,,,,,,,,,,,,,,
625577,,,,,,,,,,,,,,,,,,,,,
625601,25.5,25.5,0,25.5,0,25.5,0,25.5,0,25.5,0,25.5,0,31.5,-0.19,31.5,-0.19,31.5,-0.19,31.5,-0.19
626286,,,,,,,,,,,,,,,,,,,,,
626895,18,18,0,18,0,18,0,18,0,18,0,18,0,18,0,18,0,18,0,18,0
626900,18.5,18.5,0,18.5,0,18.5,0,18.5,0,18.5,0,18.5,0,18.5,0,18.5,0,18.5,0,18.5,0
627259,19.5,19.5,0,19.5,0,17.9,0.0894,17.9,0.0894,17.9,0.0894,17.9,0.0894,,,,,,,,
627607,15,15,0,15,0,15,0,15,0,15,0,15,0,15,0,15,0,15,0,15,0
627704,12.5,12.5,0,12.5,0,12.5,0,12.5,0,12.5,0,12.5,0,12.5,0,12.5,0,12.5,0,12.5,0
628001,16.5,16.5,0,16.5,0,16.5,0,16.5,0,,,16.5,0,,,16.5,0,16.5,0,16.5,0
628967,,,,,,,,,,,,,,,,,,,,,
629153,,,,,,,,,,,,,,,,,,,,,
629209,91.9,91.9,0,91.9,0,91.9,0,91.9,0,,,,,,,,,,,,
629210,91.9,91.9,0,91.9,0,91.9,0,91.9,0,,,,,,,,,,,,
629235,,,,,,,,,,,,,,,,,,,,,
629236,,,,,,,,,,,,,,,,,,,,,
629245,,,,,,,,,,,,,,,,,,,,,
629246,15.9,15.9,0,15.9,0,15.9,0,15.9,0,,,,,12.9,0.233,13.9,0.144,13.9,0.144,18.9,-0.159
629247,19.9,19.9,0,19.9,0,19.9,0,19.9,0,9.9,1.01,9.9,1.01,9.9,1.01,18.9,0.0529,,,,
629248,,,,,,,,,,,,,,,,,,,,,
629250,,,,,,,,,,,,,,,,,,,,,
629251,89.9,89.9,0,89.9,0,89.9,0,89.9,0,,,,,,,,,49.9,0.802,105,-0.143
629254,,,,,,,,,,,,,,,,,,,,,
629271,,,,,,,,,,,,,,,,,,,,,
629275,24.9,24.9,0,24.9,0,24.9,0,24.9,0,24.9,0,24.9,0,19,0.311,,,,,,
629276,,,,,,,,,,,,,,,,,,,,,
629277,,,,,,,,,,,,,,,,,,,,,
629280,26.9,26.9,0,26.9,0,26.9,0,26.9,0,26.9,0,26.9,0,26.9,0,,,,,,
629293,,,,,,,,,,,,,,,,,,,,,
629294,,,,,,,,,,,,,,,,,,,,,
629295,,,,,,,,,,,,,,,,,,,,,
629296,,,,,,,,,,,,,,,,,,,,,
629297,,,,,,,,,,,,,,,,,,,,,
629298,46.9,46.9,0,46.9,0,46.9,0,46.9,0,46.9,0,46.9,0,46.9,0,46.9,0,46.9,0,,
629303,,,,,,,,,,,,,,,,,,,,,
629307,,,,,,,,,,,,,,,,,,,,,
629309,,,,,,,,,,,,,,,,,,,,,
629311,180,180,0,180,0,180,0,180,0,180,0,,,,,,,,,140,0.286
629315,,,,,,,,,,,,,,,,,,,,,
629316,,,,,,,,,,,,,,,,,,,,,
629318,,,,,,,,,,,,,,,,,,,,,
629350,,,,,,,,,,,,,,,,,,,,,
629353,,,,,,,,,,,,,,,,,,,,,
629362,,,,,,,,,,,,,,,,,,,,,
629365,,,,,,,,,,,,,,,,,,,,,
629367,,,,,,,,,,,,,,,,,,,,,
629369,,,,,,,,,,,,,,,,,,,,,
629373,,,,,,,,,,,,,,,,,,,,,
629375,,,,,,,,,,,,,,,,,,,,,
629388,110,110,0,110,0,110,0,110,0,,,,,,,,,,,,
629389,,,,,,,,,,,,,,,,,,,,,
629399,,,,,,,,,,,,,,,,,,,,,
629404,14,14,0,14,0,14,0,14,0,14,0,14,0,14,0,14,0,47.9,-0.708,47.9,-0.708
629407,,,,,,,,,,,,,,,,,,,,,
629427,,,,,,,,,,,,,,,,,,,,,
629428,,,,,,,,,,,,,,,,,,,,,
629438,,,,,,,,,,,,,,,,,,,,,
629439,,,,,,,,,,,,,,,,,,,,,
629440,,,,,,,,,,,,,,,,,,,,,
629492,,,,,,,,,,,,,,,,,,,,,
629493,31.9,31.9,0,31.9,0,31.9,0,31.9,0,31.9,0,31.9,0,31.9,0,,,,,,
629494,31.9,31.9,0,31.9,0,31.9,0,31.9,0,31.9,0,31.9,0,31.9,0,,,,,,
629495,130,130,0,130,0,130,0,130,0,130,0,130,0,130,0,130,0,130,0,130,0
629556,,,,,,,,,,,,,,,,,,,,,
629565,,,,,,,,,,,,,,,,,,,,,
629566,,,,,,,,,,,,,,,,,,,,,
629568,,,,,,,,,,,,,,,,,,,,,
629569,,,,,,,,,,,,,,,,,,,,,
629570,,,,,,,,,,,,,,,,,,,,,
629573,,,,,,,,,,,,,,,,,,,,,
629574,,,,,,,,,,,,,,,,,,,,,
629576,,,,,,,,,,,,,,,,,,,,,
629586,,,,,,,,,,,,,,,,,,,,,
629588,,,,,,,,,,,,,,,,,,,,,
629589,,,,,,,,,,,,,,,,,,,,,
629590,,,,,,,,,,,,,,,,,,,,,
629594,,,,,,,,,,,,,,,,,,,,,
629595,,,,,,,,,,,,,,,,,,,,,
629661,,,,,,,,,,,,,,,,,,,,,
629665,,,,,,,,,,,,,,,,,,,,,
629668,,,,,,,,,,,,,,,,,,,,,
629683,,,,,,,,,,,,,,,,,,,,,
629684,,,,,,,,,,,,,,,,,,,,,
629685,,,,,,,,,,,,,,,,,,,,,
629686,,,,,,,,,,,,,,,,,,,,,
629708,,,,,,,,,,,,,,,,,,,,,
629719,,,,,,,,,,,,,,,,,,,,,
629720,,,,,,,,,,,,,,,,,,,,,
629722,,,,,,,,,,,,,,,,,,,,,
629723,,,,,,,,,,,,,,,,,,,,,
629724,,,,,,,,,,,,,,,,,,,,,
629725,,,,,,,,,,,,,,,,,,,,,
629726,28.9,28.9,0,28.9,0,28.9,0,28.9,0,28.9,0,28.9,0,28.9,0,28.9,0,,,,
629727,,,,,,,,,,,,,,,,,,,,,
629728,,,,,,,,,,,,,,,,,,,,,
629729,,,,,,,,,,,,,,,,,,,,,
629730,,,,,,,,,,,,,,,,,,,,,
629732,,,,,,,,,,,,,,,,,,,,,
629733,,,,,,,,,,,,,,,,,,,,,
629734,,,,,,,,,,,,,,,,,,,,,
629741,,,,,,,,,,,,,,,,,,,,,
629742,,,,,,,,,,,,,,,,,,,,,
629743,,,,,,,,,,,,,,,,,,,,,
629744,,,,,,,,,,,,,,,,,,,,,
629745,,,,,,,,,,,,,,,,,,,,,
629746,,,,,,,,,,,,,,,,,,,,,
629747,25,25,0,25,0,25,0,25,0,25,0,25,0,25,0,25,0,79.9,-0.687,79.9,-0.687
629748,,,,,,,,,,,,,,,,,,,,,
629749,,,,,,,,,,,,,,,,,,,,,
629750,,,,,,,,,,,,,,,,,,,,,
629751,,,,,,,,,,,,,,,,,,,,,
629752,,,,,,,,,,,,,,,,,,,,,
629753,,,,,,,,,,,,,,,,,,,,,
629754,,,,,,,,,,,,,,,,,,,,,
629759,,,,,,,,,,,,,,,,,,,,,
629763,,,,,,,,,,,,,,,,,,,,,
629764,,,,,,,,,,,,,,,,,,,,,
629765,,,,,,,,,,,,,,,,,,,,,
629766,39.5,39.5,0,39.5,0,39.5,0,39.5,0,39.5,0,49,-0.194,49,-0.194,49,-0.194,49,-0.194,55,-0.282
629767,39.5,39.5,0,39.5,0,39.5,0,39.5,0,39.5,0,49,-0.194,49,-0.194,49,-0.194,49,-0.194,55,-0.282
629768,29,29,0,29,0,29,0,29,0,29,0,29,0,29,0,29,0,29,0,33,-0.121
629769,29,29,0,29,0,29,0,29,0,29,0,29,0,29,0,29,0,29,0,33,-0.121
629770,29,29,0,29,0,29,0,29,0,29,0,29,0,29,0,29,0,29,0,33,-0.121
629771,29,29,0,29,0,29,0,29,0,29,0,29,0,29,0,29,0,29,0,33,-0.121
629772,33,33,0,33,0,33,0,33,0,33,0,33,0,33,0,33,0,33,0,36.5,-0.0959
629773,33,33,0,33,0,33,0,33,0,33,0,33,0,33,0,33,0,33,0,36.5,-0.0959
629774,15,15,0,15,0,15,0,15,0,15,0,16.9,-0.112,16.9,-0.112,16.9,-0.112,16.9,-0.112,18.5,-0.189
629775,15,15,0,15,0,15,0,15,0,15,0,16.9,-0.112,16.9,-0.112,16.9,-0.112,16.9,-0.112,18.5,-0.189
629776,,,,,,,,,,,,,,,,,,,,,
629777,,,,,,,,,,,,,,,,,,,,,
629782,,,,,,,,,,,,,,,,,,,,,
629783,,,,,,,,,,,,,,,,,,,,,
629784,,,,,,,,,,,,,,,,,,,,,
629785,,,,,,,,,,,,,,,,,,,,,
629786,,,,,,,,,,,,,,,,,,,,,
629787,,,,,,,,,,,,,,,,,,,,,
629788,,,,,,,,,,,,,,,,,,,,,
629789,,,,,,,,,,,,,,,,,,,,,
629790,,,,,,,,,,,,,,,,,,,,,
629791,,,,,,,,,,,,,,,,,,,,,
629794,,,,,,,,,,,,,,,,,,,,,
629805,72.5,72.5,0,72.5,0,72.5,0,72.5,0,72.5,0,,,69.9,0.0372,69.9,0.0372,69.9,0.0372,,
629807,,,,,,,,,,,,,,,,,,,,,
629809,110,110,0,110,0,110,0,110,0,110,0,110,0,110,0,,,,,,
629810,57.5,57.5,0,57.5,0,57.5,0,57.5,0,57.5,0,57.5,0,57.5,0,,,,,,
629811,110,110,0,110,0,110,0,110,0,110,0,110,0,110,0,110,0,,,,
629812,,,,,,,,,,,,,,,,,,,,,
629813,,,,,,,,,,,,,,,,,,,,,
629814,,,,,,,,,,,,,,,,,,,,,
629816,,,,,,,,,,,,,,,,,,,,,
629817,,,,,,,,,,,,,,,,,,,,,
629818,,,,,,,,,,,,,,,,,,,,,
629819,,,,,,,,,,,,,,,,,,,,,
629820,,,,,,,,,,,,,,,,,,,,,
629821,,,,,,,,,,,,,,,,,,,,,
629822,,,,,,,,,,,,,,,,,,,,,
629823,,,,,,,,,,,,,,,,,,,,,
629824,,,,,,,,,,,,,,,,,,,,,
629826,,,,,,,,,,,,,,,,,,,,,
629827,,,,,,,,,,,,,,,,,,,,,
629831,,,,,,,,,,,,,,,,,,,,,
629832,23.5,23.5,0,23.5,0,23.5,0,23.5,0,,,23.5,0,23.5,0,23.5,0,23.5,0,,
629833,,,,,,,,,,,,,,,,,,,,,
629834,,,,,,,,,,,,,,,,,,,,,
629835,,,,,,,,,,,,,,,,,,,,,
629836,,,,,,,,,,,,,,,,,,,,,
629837,,,,,,,,,,,,,,,,,,,,,
629838,,,,,,,,,,,,,,,,,,,,,
629839,,,,,,,,,,,,,,,,,,,,,
629840,,,,,,,,,,,,,,,,,,,,,
629841,,,,,,,,,,,,,,,,,,,,,
629842,27.9,27.9,0,27.9,0,27.9,0,27.9,0,27.9,0,27.9,0,27.9,0,27.9,0,,,,
629854,,,,,,,,,,,,,,,,,,,,,
629856,15.9,15.9,0,15.9,0,15.9,0,15.9,0,,,,,,,,,,,,
629860,49.9,49.9,0,49.9,0,49.9,0,49.9,0,49.9,0,49.9,0,49.9,0,,,,,,
629861,9.9,9.9,0,9.9,0,9.9,0,9.9,0,14.9,-0.336,14.9,-0.336,28.9,-0.657,28.9,-0.657,,,,
629863,19.9,19.9,0,19.9,0,19.9,0,19.9,0,,,,,18.9,0.0529,18.9,0.0529,,,,
629865,23.9,23.9,0,23.9,0,23.9,0,23.9,0,,,,,,,19.9,0.201,,,,
629867,31.9,31.9,0,31.9,0,31.9,0,31.9,0,31.9,0,31.9,0,31.9,0,,,,,,
629868,,,,,,,,,,,,,,,,,,,,,
629869,,,,,,,,,,,,,,,,,,,,,
629870,51.5,51.5,0,51.5,0,51.5,0,51.5,0,51.5,0,51.5,0,51.5,0,,,,,,
629876,69.9,69.9,0,69.9,0,69.9,0,69.9,0,69.9,0,,,,,,,,,,
629881,34,34,0,34,0,34,0,34,0,34,0,34,0,,,,,,,,
629882,15.8,15.8,0,15.8,0,15.8,0,15.8,0,15.8,0,15.8,0,,,,,,,,
629883,17.5,17.5,0,17.5,0,17.5,0,17.5,0,16.5,0.0606,,,,,,,,,,
629884,4.9,4.9,0,4.9,0,4.9,0,4.9,0,4.9,0,,,,,,,,,,
629886,41.5,41.5,0,41.5,0,41.5,0,41.5,0,41.5,0,,,,,,,,,,
629899,130,130,0,130,0,130,0,130,0,,,,,,,,,,,,
630010,91,91,0,91,0,91,0,91,0,91,0,85.9,0.0594,85.9,0.0594,87.1,0.0448,87.1,0.0448,87.1,0.0448
630011,,,,,,,,,,,,,,,,,,,,,
630129,,,,,,,,,,,,,,,,,,,,,
630204,42.9,42.9,0,42.9,0,42.9,0,42.9,0,42.9,0,,,,,19,1.26,39,0.1,,
630251,28,28,0,28,0,28,0,23,0.217,23,0.217,28,0,28,0,28,0,28,0,28,0
630252,1.9,1.9,0,1.9,0,1.9,0,1.9,0,1.9,0,1.9,0,,,,,1.5,0.267,2,-0.05
630253,,,,,,,,,,,,,,,,,,,,,
630254,,,,,,,,,,,,,,,,,,,,,
630305,83,83,0,83,0,83,0,83,0,83,0,83,0,83,0,,,,,,
630868,219,219,0,219,0,219,0,219,0,219,0,219,0,219,0,255,-0.141,255,-0.141,255,-0.141
632028,15,15,0,15,0,15,0,15,0,15,0,15,0,15,0,15,0,15,0,12.5,0.2
632029,20,20,0,20,0,20,0,20,0,20,0,20,0,20,0,20,0,20,0,,
632212,17.9,17.9,0,21,-0.148,21,-0.148,21,-0.148,21,-0.148,21,-0.148,21,-0.148,21,-0.148,,,19.5,-0.0821
632333,64.9,64.9,0,64.9,0,64.9,0,69,-0.0594,69,-0.0594,69,-0.0594,69,-0.0594,69,-0.0594,75,-0.135,79.9,-0.188
632912,17.9,17.9,0,17.9,0,17.9,0,17.9,0,17.9,0,17.9,0,17.9,0,19,-0.0579,19,-0.0579,19,-0.0579
634054,,,,,,,,,,,,,,,,,,,,,
634561,74.9,74.9,0,74.9,0,74.9,0,74.9,0,,,,,,,,,55,0.362,55,0.362
634850,130,130,0,130,0,130,0,130,0,,,,,,,,,,,,
634853,,,,,,,,,,,,,,,,,,,,,
634854,,,,,,,,,,,,,,,,,,,,,
634855,,,,,,,,,,,,,,,,,,,,,
634857,,,,,,,,,,,,,,,,,,,,,
634862,,,,,,,,,,,,,,,,,,,,,
634863,,,,,,,,,,,,,,,,,,,,,
634869,120,120,0,120,0,,,,,,,,,,,,,,,,
635143,,,,,,,,,,,,,,,,,,,,,
635144,,,,,,,,,,,,,,,,,,,,,
635153,79.9,79.9,0,79.9,0,79.9,0,79.9,0,79.9,0,79.9,0,79.9,0,79.9,0,,,,
635154,,,,,,,,,,,,,,,,,,,,,
635155,,,,,,,,,,,,,,,,,,,,,
635156,,,,,,,,,,,,,,,,,,,,,
636301,22,22,0,22,0,22,0,22,0,22,0,22,0,22,0,22.5,-0.0222,25,-0.12,25,-0.12
636302,,,,,,,,,,,,,,,,,,,,,
636368,,,,,,,,,,,,,,,,,,,,,
637184,,,,,,,,,,,,,,,,,,,,,
637362,,,,,,,,,,,,,,,,,,,,,
637389,,,,,,,,,,,,,,,,,,,,,
637796,,,,,,,,,,,,,,,,,,,,,
638016,,,,,,,,,,,,,,,,,,,,,
640215,12,12,0,12,0,12,0,12,0,12,0,12,0,,,12,0,12,0,13.2,-0.0909
640238,,,,,,,,,,,,,,,,,,,,,
640282,8.5,8.5,0,8.5,0,8.5,0,8.5,0,8.5,0,,,,,,,8.5,0,8.5,0
640297,8.5,8.5,0,8.5,0,8.5,0,8.5,0,8.5,0,8.5,0,8.5,0,,,8.5,0,8.5,0
640311,,,,,,,,,,,,,,,,,,,,,
640366,119,119,0,119,0,,,119,0,119,0,119,0,119,0,142,-0.162,142,-0.165,142,-0.165
640371,,,,,,,,,,,,,,,,,,,,,
640386,32.5,32.5,0,31.3,0.0383,31.3,0.0383,31.3,0.0383,31.3,0.0383,31.3,0.0383,31.3,0.0383,31.3,0.0383,,,30.6,0.0621
640391,36.9,36.9,0,36.3,0.0165,36.3,0.0165,36.3,0.0165,36.3,0.0165,36.3,0.0165,36.3,0.0165,34.8,0.0603,33.8,0.0917,33.8,0.0917
640400,35.5,35.5,0,35.5,0,35.5,0,35.5,0,35.5,0,35.5,0,35.5,0,33.8,0.0503,32.5,0.0923,32.5,0.0923
640512,50,50,0,50,0,50,0,50,0,50,0,50,0,50,0,50,0,50,0,50,0
640541,179,179,0,179,0,179,0,179,0,179,0,179,0,179,0,244,-0.266,244,-0.266,235,-0.238
640599,,,,,,,,,,,,,,,,,,,,,
640608,,,,,,,,,,,,,,,,,,,,,
640688,10,10,0,10,0,10,0,10,0,10,0,9,0.111,9,0.111,9,0.111,13,-0.231,13,-0.231
640693,10,10,0,10,0,10,0,10,0,10,0,10,0,10,0,10,0,13,-0.231,,
640867,249,249,0,249,0,249,0,249,0,249,0,249,0,249,0,290,-0.141,290,-0.141,290,-0.141
641017,40,40,0,40,0,40,0,48.8,-0.18,58.5,-0.316,41.9,-0.0453,,,,,57.5,-0.304,57,-0.298
641031,26,26,0,26,0,35,-0.257,37.5,-0.307,42.5,-0.388,32.5,-0.2,,,,,,,40,-0.35
641035,46.5,46.5,0,46.5,0,46.5,0,46.5,0,46.5,0,46.5,0,46.5,0,46.5,0,43.5,0.069,43.5,0.069
641037,46,46,0,46,0,46,0,56,-0.179,62.5,-0.264,46.3,-0.00648,,,46.3,-0.00648,58.8,-0.218,62.5,-0.264
641041,30,30,0,30,0,30,0,40,-0.25,45,-0.333,32.5,-0.0769,,,,,38.8,-0.227,41.8,-0.282
641051,17,17,0,17,0,17,0,23,-0.261,27,-0.37,17,0,,,19.5,-0.128,21,-0.19,25.1,-0.323
641057,10,10,0,10,0,10,0,10,0,10,0,10,0,,,10,0,10,0,10,0
641079,,,,,,,,,,,,,,,,,,,,,
641086,41,41,0,41,0,41,0,41,0,,,41,0,41,0,41,0,41,0,41,0
641089,,,,,,,,,,,,,,,,,,,,,
641099,,,,,,,,,,,,,,,,,,,,,
641541,36.5,36.5,0,36.5,0,36.5,0,36.5,0,36.5,0,36.5,0,36.5,0,36.5,0,36.5,0,36.5,0
641567,35,35,0,35,0,,,,,35,0,35,0,35,0,35,0,35,0,35,0
641572,9.7,9.7,0,9.7,0,9.7,0,9.7,0,9.7,0,9.7,0,,,9.4,0.0319,9.4,0.0319,9.4,0.0319
641785,54.9,54.9,0,54.9,0,54.9,0,54.9,0,54.9,0,54.9,0,54.9,0,54.9,0,54.9,0,54.9,0
641938,29.9,29.9,0,29.9,0,29.9,0,29.9,0,29.9,0,29.9,0,29.9,0,30,-0.00333,32.5,-0.08,41,-0.271
641958,29.9,29.9,0,29.9,0,29.9,0,29.9,0,29.9,0,29.9,0,29.9,0,30,-0.00333,32.5,-0.08,41,-0.271
642079,8.8,8.8,0,8.8,0,8.8,0,8.8,0,9.9,-0.111,9.9,-0.111,,,7.8,0.128,7.7,0.143,8.6,0.0233
642086,13.3,13.3,0,13.3,0,13.3,0,13.3,0,14,-0.05,14,-0.05,,,11,0.209,10.8,0.231,13.6,-0.0221
642089,17.7,17.7,0,17.7,0,17.7,0,17.7,0,19.5,-0.0923,19.5,-0.0923,,,15.5,0.142,15,0.18,17.2,0.0291
642099,18.8,18.8,0,18.8,0,18.8,0,18.8,0,21.5,-0.126,21.5,-0.126,,,16.7,0.126,16.5,0.139,20.3,-0.0739
642105,37.7,37.7,0,37.7,0,37.7,0,37.7,0,42.5,-0.113,42.5,-0.113,,,33.5,0.125,32.4,0.164,40,-0.0575
642135,,,,,,,,,,,,,,,,,,,,,
642138,,,,,,,,,,,,,,,,,,,,,
642145,,,,,,,,,,,,,,,,,,,,,
642148,,,,,,,,,,,,,,,,,,,,,
642168,,,,,,,,,,,,,,,,,,,,,
642203,10,10,0,10,0,10,0,10,0,10,0,10,0,10,0,10,0,10,0,9.8,0.0204
642206,,,,,,,,,,,,,,,,,,,,,
642233,198,198,0,198,0,198,0,198,0,198,0,198,0,198,0,188,0.051,188,0.051,188,0.051
642248,162,162,0,162,0,162,0,162,0,162,0,162,0,162,0,156,0.0417,156,0.0417,156,0.0417
642253,85.9,85.9,0,85.9,0,85.9,0,85.9,0,85.9,0,85.9,0,85.9,0,81.6,0.0527,81.6,0.0527,81.6,0.0527
642268,97.5,97.5,0,97.5,0,97.5,0,,,97.5,0,97.5,0,,,97.5,0,97.5,0,97.5,0
642273,68.8,68.8,0,68.8,0,68.8,0,68.8,0,68.8,0,68.8,0,68.8,0,68.8,0,68.8,0,68.8,0
642317,,,,,,,,,,,,,,,,,,,,,
642322,,,,,,,,,,,,,,,,,,,,,
642334,40.9,40.9,0,40.9,0,40.9,0,40.9,0,40.9,0,42.5,-0.0376,42.5,-0.0376,43,-0.0488,39.9,0.0251,43,-0.0488
642337,77.5,77.5,0,77.5,0,77.5,0,77.5,0,77.5,0,77.5,0,77.5,0,76.8,0.00911,76.8,0.00911,76.8,0.00911
642342,97,97,0,97,0,97,0,97,0,97,0,97,0,97,0,97,0,97,0,97,0
642357,,,,,,,,,,,,,,,,,,,,,
642377,,,,,,,,,,,,,,,,,,,,,
642446,,,,,,,,,,,,,,,,,,,,,
642451,,,,,,,,,,,,,,,,,,,,,
642882,49,49,0,49,0,49,0,49,0,49,0,49,0,49,0,,,,,,
642906,,,,,,,,,,,,,,,,,,,,,
643088,29.9,29.9,0,34.9,-0.143,34.9,-0.143,34.9,-0.143,19.9,0.503,34.9,-0.143,34.9,-0.143,34.9,-0.143,24.9,0.201,34.9,-0.143
643092,46.9,46.9,0,46.9,0,46.9,0,46.9,0,46.9,0,46.9,0,46.9,0,46.9,0,46.9,0,,
643095,41.9,41.9,0,41.9,0,41.9,0,41.9,0,41.9,0,41.9,0,41.9,0,41.9,0,41.9,0,41.9,0
643099,,,,,,,,,,,,,,,,,,,,,
643106,41.9,41.9,0,41.9,0,41.9,0,41.9,0,41.9,0,41.9,0,41.9,0,41.9,0,41.9,0,41.9,0
643111,41.9,41.9,0,41.9,0,41.9,0,41.9,0,,,,,,,41.9,0,41.9,0,,
643152,10.5,10.5,0,10.5,0,10.5,0,10.5,0,10.5,0,10.5,0,10.5,0,10.5,0,10,0.05,10,0.05
643167,10.5,10.5,0,10.5,0,10.5,0,10.5,0,10.5,0,10.5,0,10.5,0,10.5,0,10,0.05,10,0.05
643172,,,,,,,,,,,,,,,,,,,,,
643229,,,,,,,,,,,,,,,,,,,,,
643310,63,63,0,63,0,63,0,63,0,63,0,63,0,63,0,63,0,63,0,54.9,0.148
645663,43.4,43.4,0,43.4,0,43.4,0,61,-0.289,61,-0.289,55.5,-0.218,55.5,-0.218,55.5,-0.218,78.5,-0.447,78.5,-0.447
645727,27.3,27.3,0,27.3,0,27.3,0,27.3,0,27.3,0,27.3,0,27.3,0,26,0.05,25,0.092,25,0.092
645732,26,26,0,26,0,26,0,26,0,26,0,26,0,26,0,24.8,0.0484,23.8,0.0924,23.8,0.0924
645747,66.9,66.9,0,66.9,0,66.9,0,66.9,0,66.9,0,66.9,0,66.9,0,58,0.153,56.3,0.188,56.3,0.188
645752,,,,,,,,,,,,,,,,,,,,,
645767,60,60,0,60,0,60,0,60,0,60,0,60,0,,,53,0.132,51.3,0.17,51.3,0.17
645772,60,60,0,60,0,60,0,60,0,60,0,60,0,60,0,,,51.3,0.17,51.3,0.17
646077,,,,,,,,,,,,,,,,,,,,,
646106,153,153,0,153,0,153,0,153,0,,,,,,,153,0,,,138,0.107
646111,70,70,0,70,0,70,0,70,0,70,0,70,0,,,70,0,81.9,-0.145,79,-0.114
646320,162,162,0,162,0,162,0,153,0.0596,153,0.0596,142,0.142,132,0.231,174,-0.0679,174,-0.0679,,
646408,13.9,13.9,0,13.9,0,14.5,-0.0414,14.5,-0.0414,14.5,-0.0414,14.5,-0.0414,14.5,-0.0414,14.5,-0.0414,13.7,0.0146,13.7,0.0146
646413,13.9,13.9,0,13.9,0,14.5,-0.0414,14.5,-0.0414,14.5,-0.0414,14.5,-0.0414,14.5,-0.0414,14.5,-0.0414,13.7,0.0146,,
646428,13.9,13.9,0,13.9,0,14.5,-0.0414,14.5,-0.0414,14.5,-0.0414,14.5,-0.0414,14.5,-0.0414,14.5,-0.0414,13.7,0.0146,13.7,0.0146
646448,6.5,6.5,0,6.5,0,6.5,0,6.5,0,6.5,0,,,6.5,0,6.5,0,6,0.0833,6,0.0833
646453,10,10,0,10,0,10,0,10,0,10,0,,,10,0,10,0,10,0,10,0
646468,6.5,6.5,0,6.5,0,6.5,0,6.5,0,6.5,0,6.5,0,6.5,0,6.5,0,6,0.0833,6,0.0833
646473,10,10,0,10,0,10,0,10,0,10,0,,,10,0,10,0,10,0,10,0
647045,25,25,0,25,0,25,0,,,,,,,,,,,,,,
647090,31,31,0,31,0,31,0,31,0,31,0,31,0,31,0,31,0,31,0,31,0
647109,11.3,11.3,0,11.3,0,11.3,0,11.3,0,11.3,0,11.3,0,11.3,0,11.3,0,11.3,0,11.3,0
647114,18,18,0,18,0,18,0,18,0,18,0,18,0,18,0,18,0,18,0,18,0
647129,21.5,21.5,0,21.5,0,21.5,0,21.5,0,21.5,0,21.5,0,21.5,0,21.5,0,21.5,0,21.5,0
647134,12,12,0,12,0,12,0,12,0,12,0,12,0,12,0,12,0,12,0,12,0
647154,,,,,,,,,,,,,,,,,,,,,
647169,6.3,6.3,0,6.3,0,6.3,0,6.3,0,6.3,0,6.3,0,,,6.3,0,6.3,0,6.3,0
647174,20,20,0,20,0,20,0,20,0,20,0,20,0,20,0,20,0,20,0,20,0
647189,18,18,0,18,0,18,0,18,0,18,0,18,0,18,0,18,0,18,0,18,0
647194,20,20,0,20,0,20,0,20,0,20,0,20,0,20,0,20,0,20,0,20,0
647203,12.5,12.5,0,12.5,0,12.5,0,,,,,,,,,,,,,,
647218,50,50,0,50,0,50,0,,,50,0,50,0,50,0,50,0,50,0,50,0
647238,18.5,18.5,0,18.5,0,18.5,0,18.5,0,18.5,0,18.5,0,18.5,0,18.5,0,18.5,0,18.5,0
647258,11,11,0,11,0,11,0,11,0,11,0,11,0,11,0,11,0,11,0,11,0
647263,13.8,13.8,0,13.8,0,13.8,0,13.8,0,13.8,0,13.8,0,13.8,0,13.8,0,13.8,0,13.8,0
647298,,,,,,,,,,,,,,,,,,,,,
647332,23,23,0,23,0,23,0,23,0,23,0,23,0,23,0,23,0,23,0,23,0
647347,52,52,0,52,0,52,0,52,0,52,0,52,0,52,0,52,0,56,-0.0714,56,-0.0714
647352,28.5,28.5,0,28.5,0,28.5,0,28.5,0,28.5,0,28.5,0,28.5,0,28.5,0,28.5,0,28.5,0
647367,28,28,0,28,0,28,0,,,28,0,28,0,28,0,28,0,29.5,-0.0508,29.5,-0.0508
647372,37.5,37.5,0,37.5,0,37.5,0,37.5,0,37.5,0,37.5,0,37.5,0,37.5,0,37.5,0,37.5,0
647387,53.5,53.5,0,53.5,0,53.5,0,53.5,0,53.5,0,53.5,0,,,53.5,0,53.5,0,53.5,0
647401,14.5,14.5,0,14.5,0,14.5,0,14.5,0,14.5,0,14.5,0,14.5,0,14.5,0,14.5,0,14.5,0
648400,,,,,,,,,,,,,,,,,,,,,
648421,83,83,0,83,0,,,83,0,83,0,83,0,83,0,83,0,83,0,83,0
648784,61.5,61.5,0,61.5,0,61.5,0,61.5,0,61.5,0,61.5,0,61.5,0,64.9,-0.0524,68.5,-0.102,87.5,-0.297
650000,,,,,,,,,,,,,,,,,,,,,
650006,29.5,29.5,0,29.5,0,29.5,0,29.5,0,29.5,0,25.5,0.157,25.5,0.157,28.9,0.0208,28.9,0.0208,33.4,-0.117
650008,27.5,27.5,0,27.5,0,27.5,0,27.5,0,27.5,0,23.5,0.17,23.5,0.17,21.5,0.279,28,-0.0179,34.5,-0.203
650029,42.5,42.5,0,42.5,0,42.5,0,42.5,0,42.5,0,42.5,0,42.5,0,42.5,0,39.5,0.0759,39.5,0.0759
650030,42.5,42.5,0,42.5,0,42.5,0,42.5,0,42.5,0,42.5,0,42.5,0,42.5,0,39.5,0.0759,39.5,0.0759
650031,25,25,0,25,0,25,0,25,0,25,0,25,0,25,0,25,0,22.5,0.111,22.5,0.111
650032,23.5,23.5,0,23.5,0,23.5,0,23.5,0,23.5,0,23.5,0,23.5,0,,,21,0.119,21,0.119
650033,23.5,23.5,0,23.5,0,23.5,0,23.5,0,23.5,0,23.5,0,23.5,0,23.5,0,21,0.119,21,0.119
650047,,,,,,,,,,,,,,,,,,,,,
650048,8.9,8.9,0,8.9,0,8.9,0,8.9,0,8.9,0,8.5,0.0471,7,0.271,12.5,-0.288,12.5,-0.288,12.9,-0.31
650049,,,,,,,,,,,,,,,,,,,,,
650050,,,,,,,,,,,,,,,,,,,,,
650051,9,9,0,9,0,9,0,9,0,9,0,8.5,0.0588,7.5,0.2,12.5,-0.28,12.5,-0.28,14,-0.357
650053,,,,,,,,,,,,,,,,,,,,,
650054,,,,,,,,,,,,,,,,,,,,,
650056,,,,,,,,,,,,,,,,,,,,,
650060,48.5,48.5,0,48.5,0,48.5,0,48.5,0,48.5,0,48.5,0,48.5,0,48.5,0,48.5,0,48.5,0
650061,48.5,48.5,0,48.5,0,48.5,0,48.5,0,48.5,0,48.5,0,48.5,0,48.5,0,48.5,0,48.5,0
650062,56,56,0,56,0,56,0,56,0,56,0,,,56,0,56,0,56,0,56,0
650066,,,,,,,,,,,,,,,,,,,,,
650068,,,,,,,,,,,,,,,,,,,,,
650069,11.5,11.5,0,11.5,0,11.5,0,11.5,0,,,11.5,0,11.5,0,12.2,-0.0574,12.2,-0.0574,12.2,-0.0574
650080,,,,,,,,,,,,,,,,,,,,,
650081,,,,,,,,,,,,,,,,,,,,,
650082,,,,,,,,,,,,,,,,,,,,,
650083,,,,,,,,,,,,,,,,,,,,,
650095,8,8,0,8,0,8,0,8,0,,,8,0,8,0,8,0,8,0,8,0
650097,35.5,35.5,0,35.5,0,35.5,0,35.5,0,35.5,0,35.5,0,35.5,0,35.5,0,35.5,0,35.5,0
650100,53.9,53.9,0,53.9,0,53.9,0,51,0.0569,51,0.0569,51,0.0569,51,0.0569,51,0.0569,51,0.0569,51,0.0569
650105,4,4,0,4,0,4,0,4,0,4,0,4,0,4,0,4,0,4,0,4,0
650109,4,4,0,4,0,4,0,4,0,4,0,4,0,4,0,4,0,4,0,,
650115,4,4,0,4,0,4,0,4,0,4,0,4,0,4,0,,,4,0,4,0
650117,,,,,,,,,,,,,,,,,,,,,
650119,,,,,,,,,,,,,,,,,,,,,
650125,5,,,,,5,0,5,0,5,0,5,0,5,0,,,5,0,5,0
650129,4,,,,,,,,,4,0,4,0,4,0,4,0,4,0,4,0
650135,4,4,0,4,0,4,0,4,0,4,0,4,0,4,0,4,0,4,0,4,0
650142,1.9,1.9,0,1.9,0,1.9,0,1.9,0,1.9,0,1.9,0,,,1.9,0,1.5,0.267,,
650145,9,,,9,0,9,0,9,0,9,0,9,0,9,0,,,9,0,9,0
650149,8.8,8.8,0,8.8,0,8.8,0,8.8,0,8.8,0,8.8,0,8.8,0,8.8,0,8.8,0,8.8,0
650155,8,,,,,,,8,0,8,0,8,0,8,0,,,8,0,,
650158,,,,,,,,,,,,,,,,,,,,,
650162,,,,,,,,,,,,,,,,,,,,,
650165,5,5,0,5,0,5,0,5,0,5,0,5,0,5,0,5,0,5,0,5,0
650166,,,,,,,,,,,,,,,,,,,,,
650168,,,,,,,,,,,,,,,,,,,,,
650169,3.5,3.5,0,3.5,0,3.5,0,3.5,0,3.5,0,3.5,0,3.5,0,3.5,0,3.5,0,3.5,0
650174,3.8,3.8,0,3.8,0,3.8,0,3.8,0,3.8,0,3.8,0,3.8,0,3.8,0,3.8,0,,
650175,3.5,3.5,0,3.5,0,3.5,0,3.5,0,3.5,0,3.5,0,3.5,0,3.5,0,3.5,0,3.5,0
650184,,,,,,,,,,,,,,,,,,,,,
650185,5.5,5.5,0,5.5,0,5.5,0,5.5,0,5.5,0,5.5,0,5.5,0,,,,,,
650190,,,,,,,,,,,,,,,,,,,,,
650192,,,,,,,,,,,,,,,,,,,,,
650193,,,,,,,,,,,,,,,,,,,,,
650199,6.2,,,6.2,0,6.2,0,6.2,0,6.2,0,6.2,0,6.2,0,6.2,0,6.2,0,6.2,0
650203,7.5,7.5,0,7.5,0,7.5,0,7.5,0,7.5,0,7.5,0,7.5,0,7.5,0,7.5,0,,
650204,,,,,,,,,,,,,,,,,,,,,
650206,,,,,,,,,,,,,,,,,,,,,
650209,,,,,,,,,,,,,,,,,,,,,
650213,5,5,0,5,0,5,0,5,0,5,0,5,0,5,0,5,0,5,0,5,0
650225,,,,,,,,,,,,,,,,,,,,,
650226,,,,,,,,,,,,,,,,,,,,,
650228,,,,,,,,,,,,,,,,,,,,,
650231,48,48,0,48,0,48,0,48,0,48,0,48,0,48,0,48,0,48,0,48,0
650235,,,,,,,,,,,,,,,,,,,,,
650243,8.8,8.8,0,8.8,0,8.8,0,8.8,0,8.8,0,8.8,0,,,8.8,0,8.8,0,,
650249,3.5,,,,,3.5,0,3.5,0,3.5,0,3.5,0,3.5,0,,,3.5,0,3.5,0
650253,4,4,0,4,0,4,0,4,0,4,0,4,0,4,0,4,0,4,0,4,0
650259,5,,,,,5,0,5,0,5,0,5,0,5,0,,,5,0,5,0
650263,,,,,,,,,,,,,,,,,,,,,
650273,6.5,6.5,0,6.5,0,6.5,0,6.5,0,6.5,0,6.5,0,6.5,0,6.5,0,6.5,0,,
650279,,,,,,,,,,,,,,,,,,,,,
650283,8.8,,,,,,,,,8.8,0,,,,,,,8.8,0,,
650287,,,,,,,,,,,,,,,,,,,,,
650289,8.8,8.8,0,8.8,0,8.8,0,8.8,0,8.8,0,8.8,0,8.8,0,,,8.8,0,8.8,0
650299,8,8,0,8,0,8,0,8,0,8,0,8,0,8,0,8,0,8,0,8,0
650311,5.9,5.9,0,5.9,0,5.9,0,5.9,0,5.9,0,5.9,0,5.9,0,5.9,0,5.5,0.0727,5.5,0.0727
650312,,,,,,,,,,,,,,,,,,,,,
650320,,,,,,,,,,,,,,,,,,,,,
650327,7.4,7.4,0,7.4,0,7.5,-0.0133,6.5,0.138,6.5,0.138,,,,,,,,,,
650336,,,,,,,,,,,,,,,,,,,,,
650337,,,,,,,,,,,,,,,,,,,,,
650341,,,,,,,,,,,,,,,,,,,,,
650346,,,,,,,,,,,,,,,,,,,,,
650347,,,,,,,,,,,,,,,,,,,,,
650360,,,,,,,,,,,,,,,,,,,,,
650374,40.5,40.5,0,40.5,0,40.5,0,40.5,0,,,,,34.5,0.174,39.9,0.015,39.9,0.015,44.8,-0.096
650375,,,,,,,,,,,,,,,,,,,,,
650376,40.5,40.5,0,40.5,0,40.5,0,40.5,0,,,34.5,0.174,34.5,0.174,39.9,0.015,39.9,0.015,44.8,-0.096
650395,2.9,2.9,0,2.9,0,2.9,0,2.9,0,2.9,0,2.9,0,2.9,0,3,-0.0333,3,-0.0333,3,-0.0333
650396,2.9,2.9,0,2.9,0,2.9,0,2.9,0,2.9,0,2.9,0,2.9,0,3,-0.0333,3,-0.0333,3,-0.0333
650407,,,,,,,,,,,,,,,,,,,,,
650413,62.5,62.5,0,62.5,0,,,62.5,0,62.5,0,62.5,0,62.5,0,62.5,0,60,0.0417,60,0.0417
650415,87.5,87.5,0,87.5,0,,,87.5,0,87.5,0,87.5,0,87.5,0,87.5,0,83.5,0.0479,83.5,0.0479
650419,,,,,,,,,,,,,,,,,,,,,
650427,,,,,,,,,,,,,,,,,,,,,
650436,27.5,27.5,0,27.5,0,,,27.5,0,27.5,0,27.5,0,,,27.5,0,27.5,0,27.5,0
650449,13.8,13.8,0,13.8,0,13.8,0,13.8,0,13.8,0,13.8,0,,,13.8,0,13.8,0,13.8,0
650450,11.9,11.9,0,11.9,0,11.9,0,11.9,0,11.9,0,,,,,,,,,,
650451,12.5,12.5,0,12.5,0,,,,,12.5,0,12.5,0,,,12.5,0,12.5,0,12.5,0
650452,17,17,0,17,0,17,0,17,0,17,0,17,0,13.8,0.232,13.8,0.232,13.8,0.232,13.8,0.232
650454,7.5,7.5,0,7.5,0,7.5,0,,,,,,,,,,,,,,
650461,20,20,0,20,0,,,,,20,0,20,0,20,0,20,0,20,0,20,0
650462,12.5,12.5,0,12.5,0,12.5,0,12.5,0,12.5,0,12.5,0,12.5,0,12.5,0,12.5,0,,
650498,,,,,,,,,,,,,,,,,,,,,
650501,27.5,27.5,0,27.5,0,27.5,0,27.5,0,25,0.1,25,0.1,25,0.1,25,0.1,25,0.1,25,0.1
650527,34.7,34.7,0,36.8,-0.0571,36.8,-0.0571,42.8,-0.189,47.5,-0.269,33,0.0515,,,37.5,-0.0747,39,-0.11,45,-0.229
650530,26.9,26.9,0,26.9,0,,,,,,,,,,,,,,,,
650534,29.6,29.6,0,31.5,-0.0603,31.5,-0.0603,36,-0.178,40,-0.26,30,-0.0133,,,27,0.0963,36.4,-0.187,42,-0.295
650543,,,,,,,,,,,,,,,,,,,,,
650557,125,125,0,125,0,125,0,125,0,125,0,125,0,125,0,125,0,125,0,125,0
650559,125,125,0,125,0,125,0,125,0,125,0,125,0,,,125,0,125,0,125,0
650569,24.2,24.2,0,24.2,0,,,,,,,,,,,,,,,,
650576,17.5,17.5,0,18.5,-0.0541,18.5,-0.0541,22.9,-0.236,25,-0.3,17.8,-0.0169,,,,,21.2,-0.175,24.8,-0.294
650582,39.8,39.8,0,42.6,-0.0657,42.6,-0.0657,49,-0.188,54.5,-0.27,40.5,-0.0173,,,,,,,58,-0.314
650589,45,45,0,48.5,-0.0722,48.5,-0.0722,56.5,-0.204,62.5,-0.28,46,-0.0217,,,,,54.5,-0.174,63.5,-0.291
650595,29.6,29.6,0,31.5,-0.0603,31.5,-0.0603,36,-0.178,40,-0.26,30,-0.0133,,,26.6,0.113,35.2,-0.159,40.5,-0.269
650625,36,36,0,36,0,36,0,36,0,36,0,,,,,32,0.125,29.5,0.22,29.5,0.22
650664,11.7,11.7,0,11.7,0,11.7,0,11.7,0,11.7,0,11.7,0,11.7,0,11.7,0,11.7,0,11.7,0
650676,115,115,0,115,0,115,0,115,0,115,0,115,0,186,-0.383,186,-0.383,186,-0.383,186,-0.383
650680,,,,,,,,,,,,,,,,,,,,,
650684,,,,,,,,,,,,,,,,,,,,,
650690,,,,,,,,,,,,,,,,,,,,,
650693,,,,,,,,,,,,,,,,,,,,,
650694,,,,,,,,,,,,,,,,,,,,,
650700,10,10,0,10,0,10,0,10,0,8.5,0.176,8.5,0.176,8.5,0.176,,,,,,
650704,8.8,8.8,0,8.8,0,8.8,0,,,,,8.8,0,,,,,8.8,0,8.8,0
650708,98,98,0,98,0,98,0,98,0,98,0,95,0.0316,95,0.0316,86,0.14,86,0.14,86,0.14
650710,,,,,,,,,,,,,,,,,,,,,
650722,,,,,,,,,,,,,,,,,,,,,
650723,,,,,,,,,,,,,,,,,,,,,
650728,2.2,2.2,0,2.2,0,2.2,0,2.2,0,2.2,0,2.2,0,2.2,0,2.2,0,2.2,0,2.2,0
650735,2.2,2.2,0,2.2,0,2.2,0,2.2,0,2.2,0,2.2,0,2.2,0,2.2,0,1.8,0.222,2.2,0
650747,2.2,2.2,0,2.2,0,2.2,0,2.2,0,2.2,0,2.2,0,2.2,0,2.2,0,1.8,0.222,2.2,0
650791,,,,,,,,,,,,,,,,,,,,,
650793,,,,,,,,,,,,,,,,,,,,,
650813,84.3,84.3,0,84.3,0,84.3,0,84.3,0,84.3,0,84.3,0,,,84.3,0,84.3,0,80.3,0.0498
650819,105,105,0,105,0,105,0,105,0,105,0,105,0,,,105,0,105,0,99,0.0646
650832,,,,,,,,,,,,,,,,,,,,,
650842,40,40,0,40,0,40,0,40,0,40,0,40,0,40,0,40,0,40,0,38,0.0526
650844,254,254,0,254,0,254,0,254,0,254,0,254,0,254,0,254,0,254,0,254,0
650850,231,231,0,231,0,231,0,231,0,231,0,231,0,231,0,231,0,231,0,231,0
650858,244,244,0,244,0,244,0,244,0,244,0,244,0,244,0,244,0,244,0,244,0
650884,67.5,67.5,0,67.5,0,67.5,0,67.5,0,67.5,0,67.5,0,,,67.5,0,67.5,0,64.8,0.0417
650888,259,259,0,259,0,259,0,259,0,259,0,259,0,259,0,259,0,259,0,,
650920,1,1,0,1,0,1,0,1,0,1,0,1,0,1,0,1,0,0.5,1,,
650926,1,1,0,1,0,1,0,1,0,1,0,1,0,,,1,0,0.5,1,,
650948,7,7,0,7,0,7,0,7,0,7,0,7,0,7,0,6,0.167,6,0.167,6,0.167
650956,7,7,0,7,0,7,0,7,0,7,0,7,0,,,6.5,0.0769,6.5,0.0769,6.5,0.0769
650976,274,274,0,274,0,274,0,274,0,,,274,0,274,0,274,0,274,0,274,0
650999,10.5,10.5,0,10.5,0,10.5,0,10.5,0,10.5,0,10.5,0,10.5,0,12.3,-0.146,12.3,-0.146,12.3,-0.146
651006,15.7,15.7,0,15.7,0,15.7,0,15.7,0,15.7,0,15.7,0,15,0.0467,15,0.0467,15,0.0467,15,0.0467
651007,15.7,15.7,0,15.7,0,,,12.7,0.236,12.7,0.236,15.7,0,15,0.0467,15,0.0467,15,0.0467,15,0.0467
651008,15.7,15.7,0,15.7,0,15.7,0,15.7,0,15.7,0,15.7,0,15,0.0467,15,0.0467,15,0.0467,15,0.0467
651013,15.7,15.7,0,15.7,0,15.7,0,15.7,0,15.7,0,15.7,0,15,0.0467,15,0.0467,15,0.0467,15,0.0467
651015,,,,,,,,,,,,,,,,,,,,,
651021,14,14,0,14,0,14,0,14,0,14,0,14,0,14,0,14,0,14,0,14,0
651027,,,,,,,,,,,,,,,,,,,,,
651064,,,,,,,,,,,,,,,,,,,,,
651089,,,,,,,,,,,,,,,,,,,,,
651093,,,,,,,,,,,,,,,,,,,,,
651104,,,,,,,,,,,,,,,,,,,,,
651114,,,,,,,,,,,,,,,,,,,,,
651115,37.5,37.5,0,37.5,0,37.5,0,37.5,0,37.5,0,37.5,0,37.5,0,,,,,30.9,0.214
651116,,,,,,,,,,,,,,,,,,,,,
651118,,,,,,,,,,,,,,,,,,,,,
651120,37.5,37.5,0,37.5,0,37.5,0,37.5,0,37.5,0,26,0.442,26,0.442,26,0.442,24,0.562,24,0.562
651129,59.5,59.5,0,59.5,0,59.5,0,59.5,0,59.5,0,59.5,0,59.5,0,70,-0.15,70,-0.15,70,-0.15
651157,,,,,,,,,,,,,,,,,,,,,
651164,,,,,,,,,,,,,,,,,,,,,
651166,,,,,,,,,,,,,,,,,,,,,
651179,,,,,,,,,,,,,,,,,,,,,
651193,,,,,,,,,,,,,,,,,,,,,
651198,,,,,,,,,,,,,,,,,,,,,
651199,,,,,,,,,,,,,,,,,,,,,
651209,,,,,,,,,,,,,,,,,,,,,
651216,33.5,33.5,0,33.5,0,33.5,0,33.5,0,33.5,0,33.5,0,33.5,0,33.5,0,33.5,0,33.5,0
651222,,,,,,,,,,,,,,,,,,,,,
651227,,,,,,,,,,,,,,,,,,,,,
651237,13,13,0,13,0,13,0,13,0,13,0,13,0,11.5,0.13,13,0,13,0,13,0
651272,75,75,0,75,0,75,0,75,0,75,0,75,0,75,0,75,0,75,0,75,0
651281,24.5,24.5,0,24.5,0,24.5,0,24.5,0,24.5,0,24.5,0,24.5,0,24.5,0,24.5,0,24.5,0
651286,24.5,24.5,0,24.5,0,24.5,0,24.5,0,24.5,0,24.5,0,24.5,0,24.5,0,24.5,0,24.5,0
651301,,,,,,,,,,,,,,,,,,,,,
651305,47.5,47.5,0,47.5,0,,,47.5,0,47.5,0,47.5,0,47.5,0,,,,,,
651311,399,399,0,379,0.0528,379,0.0528,379,0.0528,329,0.213,329,0.213,329,0.213,349,0.143,349,0.143,399,0
651370,63,63,0,63,0,63,0,63,0,63,0,63,0,,,63,0,105,-0.4,105,-0.4
651382,45,45,0,45,0,45,0,45,0,45,0,45,0,,,45,0,69,-0.348,69,-0.348
651418,,,,,,,,,,,,,,,,,,,,,
651457,90,90,0,90,0,90,0,90,0,90,0,90,0,90,0,90,0,,,,
651503,77.9,77.9,0,77.9,0,77.9,0,77.9,0,77.9,0,77.9,0,77.9,0,91.5,-0.149,91.5,-0.149,91.5,-0.149
651538,13,13,0,13,0,13,0,9.8,0.327,9.8,0.327,9.8,0.327,,,9.8,0.327,9.8,0.327,9.8,0.327
651611,59.5,59.5,0,59.5,0,59.5,0,59.5,0,59.5,0,59.5,0,59.5,0,70,-0.15,70,-0.15,70,-0.15
651617,,,,,,,,,,,,,,,,,,,,,
651620,9.9,9.9,0,9.9,0,9.9,0,9.9,0,9.9,0,9.9,0,9.9,0,10,-0.01,9.9,0,11.9,-0.168
651647,16.9,16.9,0,16.9,0,16.9,0,16.9,0,16.9,0,16.9,0,16.9,0,16.9,0,16,0.0562,16,0.0562
651662,48,48,0,48,0,48,0,48,0,48,0,48,0,48,0,48,0,46,0.0435,46,0.0435
651675,32.5,32.5,0,32.5,0,32.5,0,32.5,0,32.5,0,32.5,0,32.5,0,32.5,0,31,0.0484,31,0.0484
651681,41,41,0,41,0,41,0,,,41,0,41,0,41,0,41,0,31,0.323,31,0.323
651737,142,142,0,142,0,142,0,142,0,142,0,142,0,142,0,123,0.159,,,78.5,0.815
651772,6,6,0,5,0.2,5,0.2,5,0.2,4,0.5,4,0.5,4,0.5,7,-0.143,7,-0.143,7,-0.143
651781,75.5,75.5,0,75.5,0,75.5,0,75.5,0,75.5,0,75.5,0,75.5,0,65,0.162,65,0.162,43.5,0.736
651784,41,41,0,41,0,41,0,41,0,41,0,41,0,41,0,,,,,,
651833,,,,,,,,,,,,,,,,,,,,,
651837,9.9,9.9,0,9.9,0,9.9,0,9.9,0,9.9,0,,,9.9,0,10,-0.01,9.9,0,11.9,-0.168
651850,,,,,,,,,,,,,,,,,,,,,
651857,,,,,,,,,,,,,,,,,,,,,
651862,15.5,15.5,0,15.5,0,15.5,0,15.5,0,15.5,0,,,,,,,14.5,0.069,14.5,0.069
651865,,,,,,,,,,,,,,,,,,,,,
651867,,,,,,,,,,,,,,,,,,,,,
651870,19.5,19.5,0,19.5,0,19.5,0,19.5,0,19.5,0,16.5,0.182,16.5,0.182,15,0.3,,,21.4,-0.0888
651882,,,,,,,,,,,,,,,,,,,,,
651886,,,,,,,,,,,,,,,,,,,,,
651889,,,,,,,,,,,,,,,,,,,,,
651935,30,30,0,30,0,30,0,30,0,30,0,,,25.5,0.176,23.5,0.277,24.5,0.224,33,-0.0909
651937,43.5,43.5,0,43.5,0,43.5,0,43.5,0,43.5,0,36.5,0.192,36.5,0.192,33.9,0.283,34.9,0.246,,
651945,,,,,,,,,,,,,,,,,,,,,
651988,42.5,42.5,0,39.9,0.0652,39.9,0.0652,39.9,0.0652,38.9,0.0925,,,38.9,0.0925,44,-0.0341,51.5,-0.175,51.5,-0.175
652001,26,26,0,25,0.04,25,0.04,25,0.04,28,-0.0714,28,-0.0714,28,-0.0714,28.1,-0.0747,28.1,-0.0747,28.1,-0.0747
652011,26,26,0,25,0.04,25,0.04,25,0.04,21,0.238,24,0.0833,24,0.0833,28.1,-0.0747,28.1,-0.0747,28.1,-0.0747
652030,26,26,0,26,0,26,0,26,0,26,0,26,0,26,0,26,0,25,0.04,25,0.04
652118,,,,,,,,,,,,,,,,,,,,,
652152,6.5,6.5,0,6.5,0,6.5,0,6.3,0.0317,6.3,0.0317,6.3,0.0317,6.3,0.0317,6.6,-0.0152,7.2,-0.0972,7.2,-0.0972
652153,14.7,14.7,0,14.7,0,14.7,0,14.7,0,14.7,0,14.7,0,14.7,0,15.5,-0.0516,16.9,-0.13,16.9,-0.13
652154,69.9,69.9,0,69.9,0,69.9,0,69.9,0,69.9,0,69.9,0,69.9,0,78.5,-0.11,86.9,-0.196,86.9,-0.196
652155,6.5,6.5,0,6.5,0,6.5,0,6.5,0,6.5,0,6.5,0,6.5,0,8,-0.188,8,-0.188,,
652158,,,,,,,,,,,,,,,,,,,,,
652164,29.5,29.5,0,29.5,0,29.5,0,29.5,0,29.5,0,25.5,0.157,25.5,0.157,31.5,-0.0635,31.5,-0.0635,33,-0.106
652168,15.8,15.8,0,15.8,0,15.8,0,15.8,0,15.8,0,15.8,0,15.8,0,15.8,0,14.5,0.0897,14.5,0.0897
652170,22,22,0,22,0,22,0,22,0,22,0,22,0,22,0,22,0,20,0.1,20,0.1
652174,15.8,15.8,0,15.8,0,15.8,0,15.8,0,15.8,0,15.8,0,15.8,0,15.8,0,14.5,0.0897,14.5,0.0897
652178,15.8,15.8,0,15.8,0,15.8,0,15.8,0,15.8,0,15.8,0,15.8,0,15.8,0,14.5,0.0897,14.5,0.0897
652182,15.8,15.8,0,15.8,0,15.8,0,15.8,0,15.8,0,15.8,0,15.8,0,15.8,0,14.5,0.0897,14.5,0.0897
652183,15.8,15.8,0,15.8,0,15.8,0,15.8,0,15.8,0,15.8,0,15.8,0,15.8,0,14.5,0.0897,14.5,0.0897
652187,15.8,15.8,0,15.8,0,15.8,0,15.8,0,15.8,0,,,15.8,0,15.8,0,14.5,0.0897,14.5,0.0897
652199,155,155,0,155,0,,,155,0,155,0,155,0,155,0,155,0,155,0,155,0
652216,150,150,0,179,-0.163,179,-0.163,179,-0.163,179,-0.163,179,-0.163,150,0,204,-0.265,199,-0.247,289,-0.481
652218,55,55,0,55,0,55,0,55,0,55,0,55,0,55,0,55,0,,,55,0
652221,50.5,50.5,0,50.5,0,50.5,0,50.5,0,50.5,0,50.5,0,50.5,0,50.5,0,50.5,0,50.5,0
652227,44.5,44.5,0,44.5,0,44.5,0,44.5,0,44.5,0,44.5,0,44.5,0,44.5,0,44.5,0,44.5,0
652304,8,8,0,8,0,8,0,8,0,8,0,8,0,8,0,8,0,7.5,0.0667,7.5,0.0667
652332,12,12,0,12,0,12,0,12,0,12,0,12,0,12,0,12.5,-0.04,11.9,0.0084,14.5,-0.172
652343,,,,,,,,,,,,,,,,,,,,,
652344,,,,,,,,,,,,,,,,,,,,,
652354,51.5,51.5,0,51.5,0,51.5,0,51.5,0,51.5,0,51.5,0,,,51.5,0,51.5,0,35,0.471
652357,11,11,0,11,0,11,0,11,0,11,0,11,0,11,0,11,0,10.5,0.0476,10.5,0.0476
652360,,,,,,,,,,,,,,,,,,,,,
652367,,,,,,,,,,,,,,,,,,,,,
652376,69.9,69.9,0,69.9,0,,,69.9,0,69.9,0,69.9,0,59.9,0.167,88,-0.206,88,-0.206,88,-0.206
652474,,,,,,,,,,,,,,,,,,,,,
652485,,,,,,,,,,,,,,,,,,,,,
652486,27.5,27.5,0,27.5,0,27.5,0,21,0.31,21,0.31,21,0.31,21,0.31,21,0.31,16.9,0.627,21,0.31
652487,9,9,0,9,0,9,0,7,0.286,7,0.286,7,0.286,7,0.286,7,0.286,5.5,0.636,7,0.286
652496,64.9,64.9,0,64.9,0,64.9,0,64.9,0,64.9,0,64.9,0,64.9,0,75,-0.135,61.9,0.0485,75,-0.135
652508,,,,,,,,,,,,,,,,,,,,,
652509,,,,,,,,,,,,,,,,,,,,,
652530,20.5,20.5,0,20.5,0,20.5,0,20.5,0,20.5,0,20.5,0,20.5,0,20.5,0,17,0.206,20.5,0
652537,20.5,20.5,0,20.5,0,20.5,0,20.5,0,20.5,0,20.5,0,20.5,0,20.5,0,17,0.206,,
652538,35,35,0,35,0,35,0,35,0,35,0,35,0,35,0,35,0,28.9,0.211,35,0
652540,35,35,0,35,0,35,0,35,0,35,0,35,0,35,0,35,0,28.9,0.211,35,0
652570,11.5,11.5,0,11.5,0,11.5,0,11.5,0,11.5,0,11.5,0,11.5,0,11.5,0,10,0.15,10,0.15
652584,22,22,0,22,0,22,0,22,0,22,0,22,0,22,0,22,0,22,0,22,0
652626,64.9,64.9,0,64.9,0,64.9,0,64.9,0,64.9,0,45,0.442,45,0.442,45,0.442,45,0.442,47.9,0.355
652682,106,106,0,106,0,106,0,106,0,106,0,106,0,106,0,106,0,106,0,,
652768,,,,,,,,,,,,,,,,,,,,,
652820,11.5,11.5,0,11.5,0,11.5,0,11.5,0,11.5,0,11.5,0,11.5,0,11.5,0,11.5,0,11.5,0
652846,,,,,,,,,,,,,,,,,,,,,
652848,19.9,19.9,0,19.9,0,19.9,0,19.9,0,19.9,0,11.9,0.672,11.9,0.672,6.9,1.88,19.9,0,9.9,1.01
652853,9.9,9.9,0,9.9,0,9.9,0,9.9,0,6.9,0.435,6.9,0.435,8.9,0.112,19.9,-0.503,,,,
652992,32.9,32.9,0,32.9,0,32.9,0,26,0.265,26,0.265,,,26,0.265,45,-0.269,35.5,-0.0732,44.9,-0.267
653000,35,35,0,35,0,35,0,35,0,35,0,35,0,35,0,35,0,28.9,0.211,35,0
653001,20.5,20.5,0,20.5,0,20.5,0,20.5,0,20.5,0,20.5,0,20.5,0,20.5,0,17,0.206,20.5,0
653002,35,35,0,35,0,35,0,35,0,35,0,35,0,35,0,35,0,28.9,0.211,35,0
653003,20.5,20.5,0,20.5,0,20.5,0,20.5,0,20.5,0,20.5,0,20.5,0,20.5,0,17,0.206,20.5,0
653011,,,,,,,,,,,,,,,,,,,,,
653030,,,,,,,,,,,,,,,,,,,,,
653046,,,,,,,,,,,,,,,,,,,,,
653073,125,125,0,125,0,,,125,0,125,0,125,0,125,0,110,0.137,158,-0.209,158,-0.209
653074,,,,,,,,,,,,,,,,,,,,,
653082,76,76,0,76,0,76,0,76,0,76,0,76,0,76,0,76,0,76,0,76,0
653122,11,11,0,11,0,11,0,11,0,,,11,0,,,11,0,11,0,11,0
653142,10,10,0,10,0,10,0,10,0,10,0,10,0,,,10,0,10,0,10,0
653150,,,,,,,,,,,,,,,,,,,,,
653151,,,,,,,,,,,,,,,,,,,,,
653164,30,30,0,30,0,30,0,30,0,,,30,0,30,0,30,0,30,0,30,0
653203,11,11,0,11,0,11,0,11,0,11,0,11,0,,,11,0,11,0,11,0
653224,4.5,4.5,0,4.5,0,4.5,0,4.5,0,4.5,0,4.5,0,4.5,0,4.5,0,4.5,0,4.5,0
653225,5,5,0,5,0,5,0,5,0,5,0,5,0,,,5,0,5,0,5,0
653227,5.5,5.5,0,5.5,0,5.5,0,5.5,0,5.5,0,5.5,0,,,5.5,0,5.5,0,,
653228,4.5,4.5,0,4.5,0,4.5,0,4.5,0,,,4.5,0,,,,,4.5,0,4.5,0
653229,4.5,4.5,0,4.5,0,4.5,0,4.5,0,4.5,0,4.5,0,4.5,0,4.5,0,4.5,0,4.5,0
653235,4.5,4.5,0,4.5,0,4.5,0,4.5,0,4.5,0,4.5,0,4.5,0,4.5,0,4.5,0,4.5,0
653239,7.5,7.5,0,7.5,0,7.5,0,7.5,0,,,7.5,0,,,7.5,0,7.5,0,,
653240,6,6,0,6,0,6,0,6,0,6,0,6,0,6,0,6,0,6.2,-0.0323,6.2,-0.0323
653244,6.3,6.3,0,6.3,0,6.3,0,6.3,0,6.3,0,6.3,0,6.3,0,6.3,0,6.3,0,6.3,0
653299,30,30,0,30,0,30,0,30,0,30,0,30,0,,,30,0,30,0,30,0
653312,29.5,29.5,0,29.5,0,29.5,0,29.5,0,29.5,0,29.5,0,29.5,0,29.5,0,29.5,0,25.5,0.157
653339,,,,,,,,,,,,,,,,,,,,,
653340,,,,,,,,,,,,,,,,,,,,,
653401,,,,,,,,,,,,,,,,,,,,,
653498,22.5,22.5,0,22.5,0,22.5,0,17.5,0.286,17.5,0.286,22.5,0,17.9,0.257,21.5,0.0465,25.9,-0.131,21.5,0.0465
653515,,,,,,,,,,,,,,,,,,,,,
653532,154,154,0,154,0,,,154,0,154,0,154,0,154,0,154,0,154,0,154,0
653533,,,,,,,,,,,,,,,,,,,,,
653535,7.5,7.5,0,7.5,0,7.5,0,7.5,0,7.5,0,7.5,0,7.5,0,7.5,0,7.5,0,7.5,0
653541,18.5,18.5,0,18.5,0,18.5,0,18.5,0,18.5,0,18.5,0,18.5,0,18.5,0,18.5,0,17.5,0.0571
653587,5,5,0,5,0,5,0,5,0,5,0,5,0,5,0,5,0,5,0,5,0
653592,7.5,7.5,0,7.5,0,7.5,0,7.5,0,7.5,0,7.5,0,7.5,0,7.5,0,7.5,0,7.5,0
653593,28.5,28.5,0,28.5,0,28.5,0,28.5,0,28.5,0,28.5,0,28.5,0,28.5,0,28.5,0,28.5,0
653595,,,,,,,,,,,,,,,,,,,,,
653599,,,,,,,,,,,,,,,,,,,,,
653610,,,,,,,,,,,,,,,,,,,,,
653614,315,315,0,315,0,,,315,0,315,0,315,0,315,0,315,0,419,-0.248,419,-0.248
653651,178,178,0,178,0,,,178,0,178,0,178,0,178,0,165,0.0794,224,-0.205,224,-0.205
653685,23.5,23.5,0,23.5,0,23.5,0,23.5,0,23.5,0,23.5,0,23.5,0,23.5,0,23.5,0,20.5,0.146
653686,16.5,16.5,0,16.5,0,18,-0.0833,18,-0.0833,18,-0.0833,18,-0.0833,18,-0.0833,18,-0.0833,18,-0.0833,25.9,-0.363
653742,36.5,36.5,0,36.5,0,42.5,-0.141,42.5,-0.141,42.5,-0.141,42.5,-0.141,42.5,-0.141,42.5,-0.141,38,-0.0395,38,-0.0395
653743,37.5,37.5,0,37.5,0,39.9,-0.0602,39.9,-0.0602,39.9,-0.0602,39.9,-0.0602,39.9,-0.0602,42.6,-0.12,38,-0.0132,38,-0.0132
653750,,,,,,,,,,,,,,,,,,,,,
653751,,,,,,,,,,,,,,,,,,,,,
653752,23,23,0,23,0,23,0,23,0,23,0,,,23,0,23,0,23,0,23,0
653765,93.5,93.5,0,93.5,0,93.5,0,93.5,0,93.5,0,93.5,0,93.5,0,93.5,0,61,0.533,61,0.533
653766,123,123,0,123,0,123,0,123,0,123,0,123,0,123,0,123,0,118,0.0468,118,0.0468
653767,37.5,37.5,0,,,37.5,0,37.5,0,37.5,0,37.5,0,37.5,0,37.5,0,,,37.5,0
653782,,,,,,,,,,,,,,,,,,,,,
653828,15.5,15.5,0,15.5,0,15.5,0,15.5,0,15.5,0,,,,,15.5,0,15.5,0,15.5,0
653840,,,,,,,,,,,,,,,,,,,,,
653841,21,21,0,21,0,21,0,20,0.05,20,0.05,20,0.05,20,0.05,18.9,0.111,,,,
653867,,,,,,,,,,,,,,,,,,,,,
653892,22,22,0,22,0,22,0,22,0,22,0,22,0,22,0,,,,,,
653893,16.9,16.9,0,16.9,0,16.9,0,16.9,0,16.9,0,16.9,0,16.9,0,16.9,0,12.9,0.31,14.5,0.166
653933,,,,,,,,,,,,,,,,,,,,,
653934,20.5,20.5,0,20.5,0,20.5,0,20.5,0,20.5,0,20.5,0,20.5,0,20.5,0,17,0.206,19.9,0.0302
653964,137,137,0,137,0,137,0,137,0,137,0,137,0,137,0,137,0,137,0,137,0
653967,58.5,58.5,0,58.5,0,58.5,0,58.5,0,58.5,0,58.5,0,58.5,0,58.5,0,58.5,0,58.5,0
653972,,,,,,,,,,,,,,,,,,,,,
653973,36,36,0,36,0,36,0,36,0,36,0,36,0,,,36,0,36,0,,
653974,36,36,0,36,0,36,0,36,0,36,0,36,0,,,36,0,36,0,36,0
653975,32.5,32.5,0,32.5,0,32.5,0,32.5,0,32.5,0,32.5,0,,,,,32.5,0,32.5,0
653976,32.5,32.5,0,32.5,0,32.5,0,32.5,0,32.5,0,32.5,0,,,32.5,0,32.5,0,32.5,0
653977,32.5,32.5,0,32.5,0,32.5,0,32.5,0,32.5,0,32.5,0,32.5,0,32.5,0,32.5,0,32.5,0
653978,32.5,32.5,0,32.5,0,32.5,0,32.5,0,32.5,0,32.5,0,,,,,32.5,0,32.5,0
653979,36,36,0,36,0,36,0,36,0,36,0,36,0,,,36,0,36,0,,
653980,40.5,40.5,0,40.5,0,40.5,0,40.5,0,40.5,0,40.5,0,,,40.5,0,40.5,0,40.5,0
654042,6,6,0,6,0,6,0,6,0,6,0,6,0,6,0,6,0,6,0,,
654047,6,6,0,6,0,6,0,6,0,6,0,6,0,6,0,6,0,6,0,6,0
654049,,,,,,,,,,,,,,,,,,,,,
654116,45.5,45.5,0,45.5,0,45.5,0,45.5,0,45.5,0,45.5,0,45.5,0,,,,,,
654120,135,135,0,135,0,135,0,135,0,135,0,135,0,135,0,135,0,135,0,,
654121,72,72,0,72,0,72,0,72,0,72,0,72,0,72,0,72,0,72,0,,
654124,,,,,,,,,,,,,,,,,,,,,
654125,20,20,0,20,0,20,0,20,0,20,0,20.9,-0.0431,20.9,-0.0431,24.5,-0.184,24.5,-0.184,24.5,-0.184
654126,20,20,0,20,0,20,0,20,0,20,0,22.5,-0.111,22.5,-0.111,24.5,-0.184,24.5,-0.184,24.5,-0.184
654144,,,,,,,,,,,,,,,,,,,,,
654145,,,,,,,,,,,,,,,,,,,,,
654150,26,26,0,26,0,26,0,26,0,26,0,26,0,26,0,26,0,26.5,-0.0189,26.5,-0.0189
654151,30.5,30.5,0,30.5,0,30.5,0,30.5,0,,,30.5,0,30.5,0,30.5,0,30.5,0,30.5,0
654161,7.5,7.5,0,7.5,0,7.5,0,7.5,0,7.5,0,7.5,0,7.5,0,7.5,0,8,-0.0625,8.8,-0.148
654163,7.5,7.5,0,7.5,0,7.5,0,7.5,0,7.5,0,7.5,0,7.5,0,7.5,0,8,-0.0625,8.8,-0.148
654167,5,5,0,5,0,5,0,5,0,5,0,5,0,5,0,5,0,5,0,5,0
654168,5,5,0,5,0,5,0,5,0,5,0,5,0,5,0,5,0,5,0,5,0
654169,7.9,7.9,0,7.9,0,7.9,0,7.9,0,7.9,0,7.9,0,7.9,0,7.9,0,7.9,0,7.9,0
654170,5,5,0,5,0,5,0,5,0,5,0,5,0,5,0,5,0,5,0,5,0
654171,31,31,0,31,0,31,0,31,0,31,0,31,0,31,0,31,0,31,0,31,0
654172,10.5,10.5,0,10.5,0,10.5,0,10.5,0,10.5,0,10.5,0,10.5,0,10.5,0,10.5,0,10.5,0
654173,10,10,0,10,0,10,0,10,0,10,0,10,0,,,10,0,10,0,10.5,-0.0476
654174,10.9,10.9,0,10.9,0,10.9,0,10.9,0,10.9,0,10.9,0,10.9,0,10.9,0,10.9,0,10.9,0
654175,10.9,10.9,0,10.9,0,10.9,0,10.9,0,10.9,0,10.9,0,10.9,0,10.9,0,10.9,0,10.9,0
654176,10.9,10.9,0,10.9,0,10.9,0,10.9,0,10.9,0,10.9,0,10.9,0,10.9,0,10.9,0,10.9,0
654177,,,,,,,,,,,,,,,,,,,,,
654178,10,10,0,10,0,10,0,10,0,10,0,10,0,10,0,10,0,,,,
654179,,,,,,,,,,,,,,,,,,,,,
654180,10,10,0,10,0,10,0,10,0,10,0,10,0,10,0,10,0,10,0,10,0
654181,6.9,6.9,0,6.9,0,6.9,0,6.9,0,6.9,0,,,,,6.9,0,6.9,0,6.9,0
654186,,,,,,,,,,,,,,,,,,,,,
654187,,,,,,,,,,,,,,,,,,,,,
654196,41.5,41.5,0,41.5,0,41.5,0,41.5,0,41.5,0,41.5,0,41.5,0,50,-0.17,50,-0.17,50,-0.17
654220,23.5,23.5,0,23.5,0,23.5,0,23.5,0,23.5,0,23.5,0,23.5,0,23.5,0,23.5,0,,
654221,,,,,,,,,,,,,,,,,,,,,
654224,29,29,0,29,0,29,0,29,0,29,0,29,0,29,0,29,0,29,0,,
654231,46.5,46.5,0,46.5,0,46.5,0,46.5,0,46.5,0,46.5,0,46.5,0,46.5,0,46.5,0,46.5,0
654232,,,,,,,,,,,,,,,,,,,,,
654235,11.9,11.9,0,11.9,0,11.9,0,11.9,0,11.9,0,11.9,0,11.9,0,,,11.9,0,11.9,0
654236,11.9,11.9,0,11.9,0,11.9,0,11.9,0,11.9,0,11.9,0,11.9,0,,,11.9,0,11.9,0
654253,15.5,15.5,0,15.5,0,15.5,0,15.5,0,,,15.5,0,15.5,0,15.5,0,15.5,0,15.5,0
654268,,,,,,,,,,,,,,,,,,,,,
654269,,,,,,,,,,,,,,,,,,,,,
654270,37.9,37.9,0,37.9,0,37.9,0,37.9,0,37.9,0,37.9,0,37.9,0,38,-0.00263,38,-0.00263,30.3,0.251
654278,27.1,27.1,0,27.1,0,27.1,0,27.1,0,27.1,0,31.8,-0.148,31.8,-0.148,31.8,-0.148,,,,
654297,11.6,11.6,0,11.6,0,11.6,0,11.6,0,11.6,0,,,,,,,,,,
654299,11.6,11.6,0,11.6,0,11.6,0,11.6,0,11.6,0,,,,,,,,,,
654330,94.9,94.9,0,94.9,0,94.9,0,94.9,0,94.9,0,94.9,0,94.9,0,98,-0.0316,98,-0.0316,109,-0.129
654331,94.9,94.9,0,94.9,0,94.9,0,94.9,0,94.9,0,94.9,0,94.9,0,98,-0.0316,98,-0.0316,109,-0.129
654332,116,116,0,116,0,116,0,116,0,116,0,116,0,116,0,130,-0.108,130,-0.108,146,-0.205
654334,70.9,70.9,0,70.9,0,70.9,0,70.9,0,70.9,0,70.9,0,70.9,0,76,-0.0671,76,-0.0671,80,-0.114
654354,45.9,45.9,0,45.9,0,45.9,0,45.9,0,45.9,0,45.9,0,45.9,0,61.5,-0.254,61.5,-0.254,61.5,-0.254
654377,,,,,,,,,,,,,,,,,,,,,
654386,,,,,,,,,,,,,,,,,,,,,
654390,16,16,0,16,0,16,0,16,0,16,0,16,0,16,0,16,0,16,0,16,0
654391,61.5,61.5,0,61.5,0,61.5,0,61.5,0,61.5,0,61.5,0,61.5,0,61.5,0,61.5,0,66.1,-0.0696
654399,43.1,43.1,0,43.1,0,43.1,0,43.1,0,43.1,0,,,43.1,0,,,43.1,0,,
654407,59.4,59.4,0,59.4,0,59.4,0,59.4,0,59.4,0,59.4,0,59.4,0,59.4,0,59.4,0,64.5,-0.0791
654527,,,,,,,,,,,,,,,,,,,,,
654528,,,,,,,,,,,,,,,,,,,,,
654530,49.8,49.8,0,49.8,0,49.8,0,49.8,0,49.8,0,39.8,0.251,49.8,0,39.8,0.251,56,-0.111,69.9,-0.288
654536,24.9,24.9,0,24.9,0,24.9,0,24.9,0,24.9,0,24.9,0,24.9,0,24.9,0,24.9,0,,
654543,,,,,,,,,,,,,,,,,,,,,
654545,65.8,65.8,0,65.8,0,65.8,0,65.8,0,65.8,0,65.8,0,65.8,0,65.8,0,65.8,0,70,-0.06
654549,40.5,40.5,0,40.5,0,40.5,0,40.5,0,40.5,0,40.5,0,40.5,0,40.5,0,40.5,0,43.6,-0.0711
654576,,,,,,,,,,,,,,,,,,,,,
654578,18.6,18.6,0,18.6,0,18.6,0,18.6,0,18.6,0,18.6,0,,,,,,,,
654591,,,,,,,,,,,,,,,,,,,,,
654613,27.9,27.9,0,27.9,0,27.9,0,25.9,0.0772,25.9,0.0772,25.9,0.0772,24.9,0.12,27.9,0,31.9,-0.125,33.9,-0.177
654619,43.1,43.1,0,43.1,0,43.1,0,43.1,0,43.1,0,43.1,0,36,0.197,43.1,0,43.1,0,43.1,0
654627,29.9,29.9,0,35.2,-0.151,35.2,-0.151,35.2,-0.151,35.2,-0.151,35.2,-0.151,,,35.2,-0.151,35.2,-0.151,35.2,-0.151
654630,28.2,28.2,0,28.2,0,28.2,0,28.2,0,,,28.2,0,28.2,0,28.2,0,28.2,0,23,0.226
654631,33,33,0,33,0,33,0,33,0,33,0,33,0,33,0,33,0,33,0,,
654636,33,33,0,33,0,33,0,33,0,33,0,33,0,33,0,33,0,33,0,33,0
654637,27.9,27.9,0,27.9,0,27.9,0,25.9,0.0772,,,25.9,0.0772,24.9,0.12,27.9,0,31.9,-0.125,39.9,-0.301
654641,,,,,,,,,,,,,,,,,,,,,
654648,156,156,0,156,0,156,0,156,0,156,0,,,156,0,156,0,156,0,,
654672,,,,,,,,,,,,,,,,,,,,,
654676,,,,,,,,,,,,,,,,,,,,,
654701,25.5,25.5,0,25.5,0,23.5,0.0851,23.5,0.0851,22.4,0.138,22.4,0.138,22.4,0.138,29.5,-0.136,19,0.342,30.5,-0.164
654708,10.5,10.5,0,13.2,-0.205,13.2,-0.205,13.2,-0.205,13.2,-0.205,13.2,-0.205,13.2,-0.205,10.5,0,15,-0.3,15,-0.3
654742,61.5,61.5,0,61.5,0,,,61.5,0,61.5,0,61.5,0,61.5,0,61.5,0,61.5,0,66.1,-0.0696
654783,13.2,13.2,0,13.2,0,13.2,0,13.2,0,13.2,0,13.2,0,13.2,0,13.2,0,13.2,0,13.2,0
654817,38.9,,,,,,,35.9,0.0836,35.9,0.0836,35.9,0.0836,,,36.9,0.0542,36.9,0.0542,46.9,-0.171
654831,4,4,0,4,0,4,0,4,0,4,0,4,0,,,4,0,4,0,,
654838,4,4,0,4,0,4,0,4,0,4,0,4,0,,,4,0,4,0,,
654851,56.9,56.9,0,56.9,0,56.9,0,56.9,0,56.9,0,56.9,0,56.9,0,57,-0.00175,57,-0.00175,61.4,-0.0733
654913,106,106,0,106,0,106,0,106,0,,,106,0,106,0,106,0,106,0,106,0
654914,96,96,0,96,0,96,0,96,0,96,0,96,0,96,0,96,0,96,0,,
654921,,,,,,,,,,,,,,,,,,,,,
654922,71,71,0,71,0,71,0,71,0,71,0,71,0,71,0,71,0,71,0,71,0
654923,71,71,0,71,0,71,0,71,0,71,0,71,0,71,0,71,0,71,0,71,0
654924,85.5,85.5,0,85.5,0,85.5,0,,,85.5,0,,,,,85.5,0,95,-0.1,95,-0.1
654925,95,95,0,95,0,95,0,95,0,,,,,,,95,0,95,0,95,0
654937,,,,,,,,,,,,,,,,,,,,,
654945,47.5,47.5,0,47.5,0,47.5,0,47.5,0,47.5,0,47.5,0,47.5,0,47.5,0,47.5,0,51,-0.0686
654946,59.1,59.1,0,59.1,0,59.1,0,59.1,0,59.1,0,59.1,0,59.1,0,59.1,0,59.1,0,63.6,-0.0708
654947,25.9,25.9,0,25.9,0,25.9,0,24.9,0.0402,24.9,0.0402,24.9,0.0402,24.9,0.0402,24.9,0.0402,27.9,-0.0717,33,-0.215
654948,,,,,,,,,,,,,,,,,,,,,
654951,,,,,,,,,,,,,,,,,,,,,
654957,16,16,0,19.9,-0.196,19.9,-0.196,19.9,-0.196,19.9,-0.196,19.9,-0.196,19.9,-0.196,19.9,-0.196,,,,
654961,19.9,19.9,0,19.9,0,19.9,0,19.9,0,19.9,0,19.9,0,19.9,0,19.9,0,19.9,0,19.9,0
654962,19.9,19.9,0,19.9,0,19.9,0,19.9,0,19.9,0,19.9,0,19.9,0,,,,,,
654963,18.9,18.9,0,18.9,0,18.9,0,18.9,0,18.9,0,18.9,0,18.9,0,18.9,0,19.9,-0.0503,19.9,-0.0503
654964,28.7,28.7,0,28.7,0,28.7,0,24.5,0.171,24.5,0.171,30,-0.0433,30,-0.0433,30,-0.0433,30,-0.0433,30,-0.0433
654965,18.9,18.9,0,18.9,0,18.9,0,16,0.181,16,0.181,,,,,,,,,,
654966,28.7,28.7,0,28.7,0,28.7,0,24.5,0.171,24.5,0.171,30,-0.0433,30,-0.0433,30,-0.0433,30,-0.0433,30,-0.0433
654967,30,30,0,30,0,30,0,30,0,30,0,30,0,30,0,30,0,30,0,30,0
654968,30,30,0,30,0,30,0,30,0,30,0,30,0,30,0,30,0,30,0,30,0
654969,22.5,22.5,0,30,-0.25,30,-0.25,30,-0.25,30,-0.25,30,-0.25,30,-0.25,30,-0.25,30,-0.25,,
654970,28.7,28.7,0,28.7,0,28.7,0,28.7,0,28.7,0,24,0.196,24.5,0.171,29.6,-0.0304,29.6,-0.0304,,
654972,,,,,,,,,,,,,,,,,,,,,
654974,,,,,,,,,,,,,,,,,,,,,
655019,,,,,,,,,,,,,,,,,,,,,
655052,,,,,,,,,,,,,,,,,,,,,
655058,,,,,,,,,,,,,,,,,,,,,
655063,13,13,0,13,0,13,0,13,0,13,0,,,,,,,,,,
655064,43,43,0,43,0,43,0,43,0,43,0,,,,,,,,,,
655088,20.7,20.7,0,20.7,0,20.7,0,20.7,0,20.7,0,20.7,0,20.7,0,20.7,0,20.7,0,20.7,0
655093,42.9,42.9,0,42.9,0,42.9,0,42.9,0,42.9,0,42.9,0,42.9,0,42.9,0,42.9,0,46,-0.0674
655133,34.9,34.9,0,34.9,0,34.9,0,34.9,0,34.9,0,34.9,0,,,36.9,-0.0542,37,-0.0568,39.9,-0.125
655144,32.7,32.7,0,32.7,0,32.7,0,32.7,0,32.7,0,32.7,0,32.7,0,32.7,0,32.7,0,32.7,0
655161,,,,,,,,,,,,,,,,,,,,,
655162,,,,,,,,,,,,,,,,,,,,,
655173,72,72,0,72,0,72,0,72,0,72,0,72,0,72,0,72,0,72,0,72,0
655181,,,,,,,,,,,,,,,,,,,,,
655189,39.9,39.9,0,39.9,0,39.9,0,39.9,0,39.9,0,39.9,0,39.9,0,39.9,0,30,0.33,39.9,0
655198,22,22,0,22,0,22,0,22,0,22,0,22,0,22,0,23,-0.0435,25,-0.12,25,-0.12
655226,,,,,,,,,,,,,,,,,,,,,
655227,,,,,,,,,,,,,,,,,,,,,
655229,,,,,,,,,,,,,,,,,,,,,
655239,,,,,,,,,,,,,,,,,,,,,
655240,91,91,0,91,0,91,0,91,0,91,0,91,0,91,0,91,0,91,0,91,0
655253,,,,,,,,,,,,,,,,,,,,,
655255,,,,,,,,,,,,,,,,,,,,,
655268,,,,,,,,,,,,,,,,,,,,,
655306,,,,,,,,,,,,,,,,,,,,,
655307,,,,,,,,,,,,,,,,,,,,,
655308,,,,,,,,,,,,,,,,,,,,,
655315,,,,,,,,,,,,,,,,,,,,,
655323,15.5,15.5,0,,,,,15.5,0,15.5,0,15.5,0,15.5,0,15.5,0,15.5,0,15.5,0
655328,36,36,0,36,0,36,0,36,0,36,0,36,0,36,0,36,0,36,0,36,0
655329,36,36,0,36,0,36,0,36,0,36,0,36,0,36,0,36,0,36,0,36,0
655330,33.5,33.5,0,33.5,0,33.5,0,33.5,0,33.5,0,33.5,0,33.5,0,33.5,0,33.5,0,33.5,0
655337,13,13,0,13,0,13,0,13,0,13,0,13,0,13,0,13,0,13,0,13,0
655364,16,16,0,16,0,16,0,16,0,16,0,,,16,0,16,0,15.5,0.0323,,
655386,,,,,,,,,,,,,,,,,,,,,
655387,,,,,,,,,,,,,,,,,,,,,
655399,,,,,,,,,,,,,,,,,,,,,
655417,,,,,,,,,,,,,,,,,,,,,
655419,,,,,,,,,,,,,,,,,,,,,
655426,94.9,94.9,0,94.9,0,94.9,0,94.9,0,94.9,0,65,0.46,65,0.46,65,0.46,65,0.46,59.9,0.584
655427,44.9,44.9,0,44.9,0,44.9,0,44.9,0,44.9,0,44.9,0,47.5,-0.0547,47.5,-0.0547,,,,
655428,43.9,43.9,0,43.9,0,43.9,0,43.9,0,43.9,0,,,,,,,,,,
655434,36.5,36.5,0,36.5,0,36.5,0,36.5,0,36.5,0,36.5,0,36.5,0,36.5,0,,,,
655435,12,12,0,12,0,12,0,12,0,12,0,12,0,12,0,12,0,12,0,12,0
655436,3,3,0,3,0,3,0,3,0,3,0,3,0,3,0,3,0,3,0,3,0
655475,92.5,92.5,0,92.5,0,92.5,0,92.5,0,92.5,0,92.5,0,,,92.5,0,92.5,0,90,0.0278
655476,96,96,0,96,0,96,0,96,0,96,0,96,0,96,0,96,0,96,0,96,0
655477,45,45,0,45,0,45,0,45,0,45,0,45,0,45,0,45,0,45,0,42.5,0.0588
655487,40.5,40.5,0,40.5,0,40.5,0,40.5,0,40.5,0,,,40.5,0,40.5,0,40.5,0,40.5,0
655488,40.5,40.5,0,40.5,0,40.5,0,40.5,0,40.5,0,,,40.5,0,40.5,0,40.5,0,40.5,0
655489,40.5,40.5,0,40.5,0,40.5,0,40.5,0,40.5,0,40.5,0,40.5,0,40.5,0,40.5,0,40.5,0
655490,40.5,40.5,0,40.5,0,40.5,0,40.5,0,40.5,0,40.5,0,40.5,0,40.5,0,40.5,0,40.5,0
655491,40.5,40.5,0,40.5,0,40.5,0,40.5,0,40.5,0,40.5,0,40.5,0,40.5,0,40.5,0,40.5,0
655492,40.5,40.5,0,40.5,0,40.5,0,40.5,0,40.5,0,40.5,0,40.5,0,40.5,0,40.5,0,40.5,0
655493,22,22,0,22,0,22,0,22,0,22,0,22,0,,,22,0,43.5,-0.494,43.5,-0.494
655495,,,,,,,,,,,,,,,,,,,,,
655502,,,,,,,,,,,,,,,,,,,,,
655505,22,22,0,22,0,22,0,,,22,0,22,0,,,,,34.5,-0.362,34.5,-0.362
655508,,,,,,,,,,,,,,,,,,,,,
655509,44,44,0,44,0,44,0,44,0,44,0,44,0,44,0,44,0,68.5,-0.358,68.5,-0.358
655511,62,62,0,62,0,62,0,62,0,62,0,62,0,,,,,98,-0.367,98,-0.367
655512,29.5,29.5,0,29.5,0,29.5,0,29.5,0,29.5,0,29.5,0,29.5,0,29.5,0,46.5,-0.366,46.5,-0.366
655518,,,,,,,,,,,,,,,,,,,,,
655519,,,,,,,,,,,,,,,,,,,,,
655523,,,,,,,,,,,,,,,,,,,,,
655533,48.5,48.5,0,48.5,0,48.5,0,48.5,0,48.5,0,48.5,0,48.5,0,48.5,0,74.5,-0.349,74.5,-0.349
655536,36,36,0,36,0,36,0,36,0,36,0,36,0,36,0,36,0,30,0.2,27.5,0.309
655537,55,55,0,55,0,55,0,55,0,55,0,55,0,55,0,55,0,55,0,55,0
655538,33.5,33.5,0,33.5,0,33.5,0,33.5,0,33.5,0,33.5,0,33.5,0,33.5,0,33.5,0,33.5,0
655539,13.5,13.5,0,13.5,0,13.5,0,13.5,0,13.5,0,13.5,0,13.5,0,13.5,0,13.5,0,13.5,0
655540,38.5,38.5,0,38.5,0,38.5,0,38.5,0,38.5,0,38.5,0,38.5,0,38.5,0,38.5,0,38.5,0
655594,,,,,,,,,,,,,,,,,,,,,
655595,25,25,0,25,0,25,0,25,0,25,0,25,0,25,0,25,0,22.5,0.111,22.5,0.111
655596,18.5,18.5,0,18.5,0,18.5,0,18.5,0,18.5,0,18.5,0,18.5,0,18.5,0,17.5,0.0571,17.5,0.0571
655597,18.5,18.5,0,18.5,0,18.5,0,18.5,0,18.5,0,18.5,0,18.5,0,18.5,0,17.5,0.0571,17.5,0.0571
655598,18.5,18.5,0,18.5,0,18.5,0,18.5,0,18.5,0,18.5,0,18.5,0,18.5,0,17.5,0.0571,17.5,0.0571
655599,18.5,18.5,0,18.5,0,18.5,0,18.5,0,18.5,0,18.5,0,18.5,0,18.5,0,18.5,0,,
655600,12.5,12.5,0,12.5,0,12.5,0,12.5,0,12.5,0,12.5,0,12.5,0,12.5,0,12.5,0,12.5,0
655601,9.5,9.5,0,9.5,0,9.5,0,9.5,0,9.5,0,9.5,0,9.5,0,9.5,0,8.9,0.0674,8.9,0.0674
655602,11,11,0,11,0,11,0,11,0,11,0,11,0,11,0,11,0,11,0,11,0
655603,12.5,12.5,0,12.5,0,12.5,0,12.5,0,12.5,0,12.5,0,12.5,0,12.5,0,12.5,0,12.5,0
655633,,,,,,,,,,,,,,,,,,,,,
655646,79.9,79.9,0,79.9,0,,,79.9,0,79.9,0,79.9,0,79.9,0,79.9,0,79.9,0,79.9,0
655661,31.5,31.5,0,31.5,0,31.5,0,31.5,0,31.5,0,31.5,0,,,31.5,0,48.5,-0.351,48.5,-0.351
655663,19.9,19.9,0,19.9,0,19.9,0,19.9,0,22.8,-0.127,22.8,-0.127,22.8,-0.127,28.5,-0.302,,,,
655689,7.5,7.5,0,7.5,0,7.5,0,7.5,0,7.5,0,6.9,0.087,6.9,0.087,6.9,0.087,6.9,0.087,6.9,0.087
655721,27,27,0,27,0,27,0,27,0,27,0,27,0,27,0,24,0.125,22,0.227,22,0.227
655722,24,24,0,24,0,24,0,24,0,24,0,24,0,24,0,21.5,0.116,21.5,0.116,21.5,0.116
655723,24,24,0,24,0,24,0,24,0,24,0,24,0,24,0,21.5,0.116,21.5,0.116,21.5,0.116
655724,,,,,,,,,,,,,,,,,,,,,
655738,72.5,72.5,0,72.5,0,72.5,0,72.5,0,72.5,0,72.5,0,72.5,0,91,-0.203,91,-0.203,104,-0.3
655739,,,,,,,,,,,,,,,,,,,,,
655740,,,,,,,,,,,,,,,,,,,,,
655742,,,,,,,,,,,,,,,,,,,,,
655755,15.5,15.5,0,15.5,0,15.5,0,15.5,0,,,,,,,,,,,,
655759,,,,,,,,,,,,,,,,,,,,,
655764,,,,,,,,,,,,,,,,,,,,,
655765,44.9,44.9,0,44.9,0,44.9,0,44.9,0,44.9,0,,,47.5,-0.0547,47.5,-0.0547,,,,
655800,,,,,,,,,,,,,,,,,,,,,
655801,,,,,,,,,,,,,,,,,,,,,
655807,,,,,,,,,,,,,,,,,,,,,
655808,28,28,0,28,0,28,0,28,0,28,0,,,,,,,,,,
655809,30,30,0,30,0,30,0,30,0,30,0,,,,,,,,,,
655810,,,,,,,,,,,,,,,,,,,,,
655816,23.5,23.5,0,23.5,0,23.5,0,23.5,0,23.5,0,22.5,0.0444,22.5,0.0444,25,-0.06,22.5,0.0444,22.5,0.0444
655819,5.5,5.5,0,5.5,0,5.5,0,5.5,0,5.5,0,5.9,-0.0678,5.9,-0.0678,7.5,-0.267,7.5,-0.267,7.5,-0.267
655824,20,20,0,20,0,20,0,20,0,20,0,13,0.538,,,,,,,,
655864,37.5,37.5,0,37.5,0,39.9,-0.0602,39.9,-0.0602,39.9,-0.0602,39.9,-0.0602,39.9,-0.0602,42.6,-0.12,38,-0.0132,38,-0.0132
655876,,,,,,,,,,,,,,,,,,,,,
655879,15,15,0,15,0,15,0,15,0,15,0,15,0,15,0,15,0,15,0,15,0
655881,18.9,18.9,0,18.9,0,18.9,0,18.9,0,18.9,0,18.9,0,18.9,0,,,18.9,0,18.9,0
655882,18.9,18.9,0,18.9,0,18.9,0,18.9,0,18.9,0,18.9,0,18.9,0,18.9,0,18.9,0,18.9,0
655883,18.9,18.9,0,18.9,0,18.9,0,18.9,0,18.9,0,18.9,0,18.9,0,18.9,0,18.9,0,18.9,0
655884,18.9,18.9,0,18.9,0,18.9,0,18.9,0,18.9,0,18.9,0,18.9,0,18.9,0,18.9,0,18.9,0
655885,18.9,18.9,0,18.9,0,18.9,0,18.9,0,18.9,0,18.9,0,18.9,0,18.9,0,18.9,0,18.9,0
655886,18.9,18.9,0,18.9,0,18.9,0,18.9,0,18.9,0,18.9,0,18.9,0,18.9,0,18.9,0,18.9,0
655887,18.9,18.9,0,18.9,0,18.9,0,18.9,0,18.9,0,18.9,0,18.9,0,18.9,0,18.9,0,,
655888,40.5,40.5,0,40.5,0,40.5,0,40.5,0,40.5,0,40.5,0,40.5,0,40.5,0,40.5,0,40.5,0
655891,6,6,0,6,0,6,0,6,0,6,0,6,0,6,0,6,0,6,0,6,0
655893,24,24,0,24,0,24,0,24,0,24,0,24,0,24,0,24,0,24,0,24,0
655895,,,,,,,,,,,,,,,,,,,,,
655897,11.5,11.5,0,11.5,0,11.5,0,11.5,0,11.5,0,,,,,11.5,0,10.5,0.0952,11,0.0455
655902,178,178,0,178,0,,,178,0,178,0,178,0,159,0.116,190,-0.0658,190,-0.0658,190,-0.0658
655929,15.9,15.9,0,15.9,0,15.9,0,15.9,0,15.9,0,18.9,-0.159,,,21.9,-0.274,21.9,-0.274,21.9,-0.274
655930,15.9,15.9,0,15.9,0,15.9,0,15.9,0,15.9,0,21.9,-0.274,,,,,,,,
655931,,,,,,,,,,,,,,,,,,,,,
655933,43,43,0,43,0,43,0,43,0,43,0,44,-0.0227,44,-0.0227,49,-0.122,49,-0.122,49,-0.122
655935,30,30,0,30,0,30,0,30,0,30,0,29.5,0.0169,35.5,-0.155,41.5,-0.277,41.5,-0.277,41.5,-0.277
655939,,,,,,,,,,,,,,,,,,,,,
655948,19.5,19.5,0,19.5,0,19.5,0,19.5,0,19.5,0,,,19.5,0,19.5,0,16.5,0.182,16.5,0.182
655952,28,28,0,28,0,28,0,28,0,28,0,28,0,28,0,33.9,-0.174,33.9,-0.174,33.9,-0.174
655962,235,235,0,235,0,,,235,0,235,0,235,0,235,0,235,0,235,0,235,0
655963,235,235,0,235,0,,,235,0,235,0,235,0,235,0,235,0,235,0,235,0
655972,14.5,14.5,0,14.5,0,14.5,0,14.5,0,14.5,0,,,,,,,,,,
655973,69,69,0,69,0,,,69,0,,,,,,,,,,,,
655976,20.5,20.5,0,20.5,0,20.5,0,20.5,0,20.5,0,20.5,0,20.5,0,20.5,0,17.5,0.171,17.5,0.171
655977,21.5,21.5,0,21.5,0,21.5,0,21.5,0,21.5,0,21.5,0,21.5,0,21.5,0,19.5,0.103,19.5,0.103
655979,21,21,0,21,0,21,0,21,0,21,0,21,0,21,0,,,21,0,21,0
655981,10.5,10.5,0,10.5,0,10.5,0,10.5,0,10.5,0,10.5,0,,,10.5,0,10.5,0,10.5,0
655982,9.2,9.2,0,9.2,0,9.2,0,9.2,0,9.2,0,9.2,0,9.2,0,9.2,0,9.2,0,9.2,0
655984,23,23,0,23,0,23,0,,,,,23,0,23,0,23,0,23,0,,
655985,21,21,0,21,0,21,0,21,0,21,0,21,0,21,0,21,0,21,0,21,0
655986,,,,,,,,,,,,,,,,,,,,,
656002,,,,,,,,,,,,,,,,,,,,,
656011,,,,,,,,,,,,,,,,,,,,,
656015,86.1,86.1,0,86.1,0,86.1,0,86.1,0,86.1,0,86.1,0,86.1,0,86.1,0,86.1,0,92.5,-0.0692
656016,2.5,2.5,0,2.5,0,2.5,0,2.5,0,2.5,0,2.5,0,2.5,0,2.5,0,2.5,0,2.5,0
656017,16,16,0,16,0,16,0,16,0,16,0,16,0,16,0,16,0,16,0,16,0
656025,,,,,,,,,,,,,,,,,,,,,
656032,,,,,,,,,,,,,,,,,,,,,
656033,24.4,24.4,0,24.4,0,24.4,0,24.4,0,24.4,0,24.4,0,24.4,0,24.4,0,24.4,0,24.4,0
656034,,,,,,,,,,,,,,,,,,,,,
656039,122,122,0,122,0,122,0,122,0,122,0,122,0,143,-0.147,,,143,-0.147,143,-0.147
656042,,,,,,,,,,,,,,,,,,,,,
656046,,,,,,,,,,,,,,,,,,,,,
656062,,,,,,,,,,,,,,,,,,,,,
656065,,,,,,,,,,,,,,,,,,,,,
656069,22.4,22.4,0,22.4,0,22.4,0,22.4,0,22.4,0,22.4,0,22.4,0,22.4,0,22.4,0,22.4,0
656070,,,,,,,,,,,,,,,,,,,,,
656071,69.2,69.2,0,69.2,0,69.2,0,69.2,0,69.2,0,69.2,0,69.2,0,69.2,0,69.2,0,,
656072,,,,,,,,,,,,,,,,,,,,,
656073,10,10,0,10,0,10,0,10,0,10,0,10,0,10,0,10,0,10,0,10,0
656088,,,,,,,,,,,,,,,,,,,,,
656106,22.5,22.5,0,22.5,0,22.5,0,22.5,0,22.5,0,22.5,0,22.5,0,22.5,0,36,-0.375,36,-0.375
656114,,,,,,,,,,,,,,,,,,,,,
656144,,,,,,,,,,,,,,,,,,,,,
656150,,,,,,,,,,,,,,,,,,,,,
656153,32.7,32.7,0,32.7,0,32.7,0,32.7,0,32.7,0,32.7,0,32.7,0,32.7,0,32.7,0,32.7,0
656154,4.3,4.3,0,4.3,0,4.3,0,4.3,0,4.3,0,4.3,0,5.6,-0.232,5.6,-0.232,5.6,-0.232,5.6,-0.232
656155,,,,,,,,,,,,,,,,,,,,,
656156,,,,,,,,,,,,,,,,,,,,,
656169,27.5,27.5,0,33,-0.167,33,-0.167,33,-0.167,33,-0.167,28.9,-0.0484,,,28.9,-0.0484,27.5,0,29.9,-0.0803
656173,,,,,,,,,,,,,,,,,,,,,
656179,,,,,,,,,,,,,,,,,,,,,
656190,86,86,0,86,0,86,0,86,0,86,0,86,0,86,0,86,0,86,0,86,0
656217,44.9,44.9,0,44.9,0,44.9,0,44.9,0,44.9,0,29.9,0.502,19.4,1.31,47,-0.0447,47,-0.0447,44.9,0
656225,,,,,,,,,,,,,,,,,,,,,
656255,54,54,0,54,0,54,0,54,0,54,0,54,0,54,0,52.2,0.0345,47.7,0.132,42.7,0.265
656256,39,39,0,39,0,39,0,39,0,39,0,39,0,39,0,37.7,0.0345,34.8,0.121,32,0.219
656257,54,54,0,54,0,54,0,54,0,54,0,54,0,,,52.2,0.0345,47.7,0.132,42.7,0.265
656259,39,39,0,39,0,39,0,39,0,39,0,39,0,39,0,37.7,0.0345,34.8,0.121,32,0.219
656271,60,60,0,60,0,60,0,60,0,60,0,60,0,60,0,58,0.0345,53.1,0.13,45.9,0.307
656272,43,43,0,43,0,43,0,43,0,43,0,43,0,43,0,41.5,0.0361,38.5,0.117,34.4,0.25
656273,54,54,0,54,0,54,0,54,0,54,0,54,0,54,0,52.2,0.0345,47.7,0.132,42.7,0.265
656274,39,39,0,39,0,39,0,39,0,39,0,39,0,39,0,37.7,0.0345,34.8,0.121,32,0.219
656275,64,64,0,64,0,64,0,64,0,64,0,64,0,64,0,61.9,0.0339,57.8,0.107,52.7,0.214
656287,,,,,,,,,,,,,,,,,,,,,
656293,17.9,17.9,0,17.9,0,17.9,0,17.9,0,,,,,,,,,,,,
656294,,,,,,,,,,,,,,,,,,,,,
656299,28.5,28.5,0,28.5,0,28.5,0,28.5,0,28.5,0,28.5,0,34.6,-0.176,34.6,-0.176,34.6,-0.176,38.3,-0.256
656309,,,,,,,,,,,,,,,,,,,,,
656314,11.3,11.3,0,11.3,0,11.3,0,11.3,0,11.3,0,11.3,0,14.9,-0.242,14.9,-0.242,14.9,-0.242,14.9,-0.242
656357,23.8,23.8,0,23,0.0348,23,0.0348,23,0.0348,23,0.0348,23,0.0348,23,0.0348,23,0.0348,22.5,0.0578,22.5,0.0578
656371,45.9,45.9,0,45.9,0,45.9,0,45.9,0,45.9,0,,,,,43,0.0674,51,-0.1,53,-0.134
656373,45.9,45.9,0,45.9,0,45.9,0,45.9,0,45.9,0,45.9,0,,,43,0.0674,51,-0.1,53,-0.134
656375,,,,,,,,,,,,,,,,,,,,,
656379,,,,,,,,,,,,,,,,,,,,,
656389,,,,,,,,,,,,,,,,,,,,,
656392,,,,,,,,,,,,,,,,,,,,,
656393,30,30,0,30,0,30,0,30,0,30,0,30,0,30,0,30,0,30,0,,
656394,38,38,0,38,0,38,0,38,0,38,0,38,0,38,0,38,0,38,0,,
656410,49,49,0,49,0,49,0,49,0,49,0,49,0,49.4,-0.0081,62,-0.21,50,-0.02,62,-0.21
656417,13.2,13.2,0,21.9,-0.397,21.9,-0.397,16,-0.175,16,-0.175,21,-0.371,16,-0.175,15,-0.12,21,-0.371,16.5,-0.2
656419,16.8,16.8,0,16.8,0,16.8,0,16.8,0,16.8,0,16.8,0,16.8,0,16.8,0,16.8,0,16.8,0
656429,7,7,0,7,0,7,0,7,0,7,0,7,0,7,0,7,0,7,0,7,0
656430,7,7,0,7,0,7,0,7,0,7,0,7,0,7,0,7,0,7,0,7,0
656433,6.5,6.5,0,6.5,0,6.5,0,6.5,0,6.5,0,6.5,0,6.5,0,6.5,0,6.5,0,6.5,0
656434,33.5,33.5,0,33.5,0,33.5,0,33.5,0,33.5,0,33.5,0,42,-0.202,42,-0.202,36,-0.0694,,
656437,91,91,0,91,0,91,0,91,0,91,0,91,0,,,93,-0.0215,93,-0.0215,93,-0.0215
656444,4.8,4.8,0,4.8,0,4.8,0,4.8,0,4.8,0,4.8,0,4.8,0,4.8,0,4.6,0.0435,4.6,0.0435
656445,4.8,4.8,0,4.8,0,4.8,0,4.8,0,4.8,0,4.8,0,4.8,0,4.8,0,4.6,0.0435,4.6,0.0435
656446,4.8,4.8,0,4.8,0,4.8,0,4.8,0,4.8,0,4.8,0,4.8,0,4.8,0,4.6,0.0435,4.6,0.0435
656476,,,,,,,,,,,,,,,,,,,,,
656494,4.8,4.8,0,4.8,0,4.8,0,4.8,0,4.8,0,4.8,0,4.8,0,4.8,0,4.6,0.0435,4.6,0.0435
656497,68.5,68.5,0,68.5,0,68.5,0,68.5,0,,,68.5,0,68.5,0,68.5,0,68.5,0,62.5,0.096
656498,68.5,68.5,0,68.5,0,68.5,0,68.5,0,,,68.5,0,68.5,0,68.5,0,,,,
656510,,,,,,,,,,,,,,,,,,,,,
656513,99.9,99.9,0,99.9,0,99.9,0,99.9,0,99.9,0,99.9,0,99.9,0,110,-0.0918,119,-0.161,108,-0.0707
656525,,,,,,,,,,,,,,,,,,,,,
656532,17,17,0,17,0,17,0,17,0,17,0,,,,,17,0,17,0,15.9,0.0692
656533,28.4,28.4,0,28.4,0,28.4,0,28.4,0,28.4,0,,,,,28.4,0,28.4,0,26.2,0.084
656534,7,7,0,7,0,7,0,7,0,7,0,7,0,7,0,6.5,0.0769,6.5,0.0769,6.5,0.0769
656535,16.3,16.3,0,16.3,0,16.3,0,16.3,0,16.3,0,16.3,0,,,16.3,0,16.3,0,15.2,0.0724
656536,28.4,28.4,0,28.4,0,28.4,0,28.4,0,28.4,0,28.4,0,,,28.4,0,28.4,0,26.2,0.084
656563,,,,,,,,,,,,,,,,,,,,,
656564,,,,,,,,,,,,,,,,,,,,,
656567,2.2,2.2,0,2.2,0,2.2,0,2.2,0,2.2,0,2.2,0,2.2,0,2.2,0,2.2,0,2.2,0
656568,,,,,,,,,,,,,,,,,,,,,
656574,,,,,,,,,,,,,,,,,,,,,
656590,29.9,29.9,0,29.9,0,29.9,0,29.9,0,29.9,0,29.9,0,29.9,0,28,0.0679,28,0.0679,28,0.0679
656591,29.9,29.9,0,29.9,0,29.9,0,29.9,0,29.9,0,29.9,0,29.9,0,28,0.0679,28,0.0679,28,0.0679
656593,,,,,,,,,,,,,,,,,,,,,
656613,29.9,29.9,0,29.9,0,29.9,0,29.9,0,29.9,0,29.9,0,29.9,0,28,0.0679,28,0.0679,28,0.0679
656659,,,,,,,,,,,,,,,,,,,,,
656660,14.5,14.5,0,14.5,0,14.5,0,14.5,0,14.5,0,,,,,14.5,0,14.5,0,14.5,0
656661,14.5,14.5,0,14.5,0,14.5,0,14.5,0,14.5,0,,,,,14.5,0,14.5,0,14.5,0
656666,,,,,,,,,,,,,,,,,,,,,
656669,12.5,12.5,0,12.5,0,12.5,0,12.5,0,12.5,0,12.5,0,12.5,0,12.5,0,12.5,0,12.5,0
656674,14.5,14.5,0,14.5,0,14.5,0,14.5,0,14.5,0,14.5,0,,,14.5,0,14.5,0,14.5,0
656675,,,,,,,,,,,,,,,,,,,,,
656678,,,,,,,,,,,,,,,,,,,,,
656727,33.2,33.2,0,33.2,0,33.2,0,33.2,0,33.2,0,33.2,0,33.2,0,33.2,0,31.4,0.0573,31.4,0.0573
656729,33.2,33.2,0,33.2,0,33.2,0,33.2,0,33.2,0,33.2,0,33.2,0,33.2,0,31.4,0.0573,31.4,0.0573
656730,33.2,33.2,0,33.2,0,33.2,0,33.2,0,33.2,0,33.2,0,,,33.2,0,31.4,0.0573,31.4,0.0573
656757,7.8,7.8,0,7.8,0,7.8,0,7.8,0,7.8,0,7.8,0,,,7.5,0.04,9.1,-0.143,9,-0.133
656758,13.4,13.4,0,13.4,0,13.4,0,13.4,0,13.4,0,13.4,0,,,13.2,0.0152,15.4,-0.13,15.3,-0.124
656759,7.8,7.8,0,7.8,0,7.8,0,7.8,0,7.8,0,7.8,0,,,7.5,0.04,9.1,-0.143,9,-0.133
656760,13.3,13.3,0,13.3,0,13.3,0,13.3,0,13.3,0,13.3,0,,,13.2,0.00758,15.4,-0.136,15.3,-0.131
656761,105,105,0,105,0,105,0,82,0.278,82,0.278,105,0,,,99.9,0.049,88.5,0.184,84.2,0.245
656762,50.7,50.7,0,50.7,0,,,39.5,0.284,39.5,0.284,50.7,0,,,50.7,0,45,0.127,43.6,0.163
656781,26,26,0,26,0,26,0,26,0,26,0,26,0,26,0,26,0,26,0,26,0
656782,43,43,0,43,0,43,0,43,0,43,0,43,0,43,0,,,,,,
656783,58,58,0,58,0,58,0,58,0,,,,,58,0,58,0,58,0,,
656784,20.5,20.5,0,20.5,0,20.5,0,20.5,0,20.5,0,,,,,20.5,0,20.5,0,20.5,0
656785,69.5,69.5,0,69.5,0,69.5,0,69.5,0,69.5,0,69.5,0,69.5,0,,,69.5,0,69.5,0
656786,56,56,0,56,0,56,0,56,0,56,0,56,0,56,0,,,56,0,56,0
656787,,,,,,,,,,,,,,,,,,,,,
656788,45,45,0,45,0,45,0,45,0,45,0,45,0,45,0,45,0,45,0,45,0
656834,,,,,,,,,,,,,,,,,,,,,
656860,23,23,0,23,0,23,0,23,0,23,0,23,0,23,0,23,0,23,0,,
656875,,,,,,,,,,,,,,,,,,,,,
656885,,,,,,,,,,,,,,,,,,,,,
656889,28.5,28.5,0,28.5,0,28.5,0,28.5,0,28.5,0,28.5,0,28.5,0,28.5,0,28.5,0,23,0.239
656890,28.5,28.5,0,28.5,0,28.5,0,28.5,0,28.5,0,28.5,0,28.5,0,28.5,0,28.5,0,23,0.239
656891,28.5,28.5,0,28.5,0,28.5,0,28.5,0,28.5,0,28.5,0,28.5,0,28.5,0,28.5,0,23,0.239
656892,19.5,19.5,0,19.5,0,19.5,0,19.5,0,19.5,0,19.5,0,19.5,0,19.5,0,19.5,0,17,0.147
656893,20.5,20.5,0,20.5,0,20.5,0,20.5,0,20.5,0,20.5,0,20.5,0,20.5,0,20.5,0,18,0.139
656894,21.9,21.9,0,21.9,0,21.9,0,21.9,0,21.9,0,21.9,0,21.9,0,21.9,0,21.9,0,20.5,0.0683
656895,,,,,,,,,,,,,,,,,,,,,
656896,,,,,,,,,,,,,,,,,,,,,
656897,,,,,,,,,,,,,,,,,,,,,
656898,,,,,,,,,,,,,,,,,,,,,
656899,,,,,,,,,,,,,,,,,,,,,
656901,,,,,,,,,,,,,,,,,,,,,
656902,,,,,,,,,,,,,,,,,,,,,
656903,,,,,,,,,,,,,,,,,,,,,
656904,,,,,,,,,,,,,,,,,,,,,
656905,,,,,,,,,,,,,,,,,,,,,
656906,32.5,32.5,0,32.5,0,32.5,0,32.5,0,32.5,0,32.5,0,32.5,0,32.5,0,18.5,0.757,18.5,0.757
656907,32.5,32.5,0,32.5,0,32.5,0,32.5,0,32.5,0,32.5,0,32.5,0,,,,,,
656908,32.5,32.5,0,32.5,0,32.5,0,32.5,0,32.5,0,32.5,0,32.5,0,32.5,0,32.5,0,22.5,0.444
656910,,,,,,,,,,,,,,,,,,,,,
656911,35,35,0,35,0,35,0,35,0,35,0,35,0,35,0,35,0,35,0,28,0.25
656913,,,,,,,,,,,,,,,,,,,,,
656914,,,,,,,,,,,,,,,,,,,,,
656916,43.5,43.5,0,43.5,0,43.5,0,43.5,0,43.5,0,43.5,0,43.5,0,35,0.243,35,0.243,28.5,0.526
656921,32.9,32.9,0,44.5,-0.261,44.5,-0.261,41,-0.198,41,-0.198,41,-0.198,41,-0.198,41,-0.198,32.9,0,41,-0.198
656923,51,51,0,51,0,51,0,40,0.275,40,0.275,40,0.275,32.5,0.569,40,0.275,39.8,0.281,39.8,0.281
656930,,,,,,,,,,,,,,,,,,,,,
656939,45.5,45.5,0,45.5,0,45.5,0,45.5,0,45.5,0,39.5,0.152,39.5,0.152,,,41.9,0.0859,46.5,-0.0215
656942,65,65,0,65,0,65,0,65,0,65,0,,,,,68.5,-0.0511,68.5,-0.0511,73,-0.11
656943,65,65,0,65,0,65,0,65,0,65,0,,,,,66,-0.0152,66,-0.0152,73,-0.11
656966,12.5,12.5,0,12.5,0,12.5,0,12.5,0,,,,,12.5,0,12.5,0,12.5,0,12.5,0
656967,17.5,17.5,0,17.5,0,17.5,0,17.5,0,17.5,0,17.5,0,17.5,0,17.5,0,17.5,0,17.5,0
656969,19.5,19.5,0,19.5,0,19.5,0,19.5,0,19.5,0,19.5,0,19.5,0,19.5,0,19.5,0,19.5,0
656984,,,,,,,,,,,,,,,,,,,,,
656991,22.9,22.9,0,22.9,0,22.9,0,22.9,0,22.9,0,22.9,0,22.9,0,22.9,0,22.9,0,22.9,0
657005,7.3,7.3,0,7.3,0,7.3,0,7.3,0,7.3,0,7.3,0,6.3,0.159,6.3,0.159,6.3,0.159,6.3,0.159
657006,10.3,10.3,0,10.3,0,10.3,0,10.3,0,10.3,0,10.3,0,10.3,0,10.3,0,10.3,0,9.3,0.108
657024,,,,,,,,,,,,,,,,,,,,,
657032,9.9,9.9,0,9.9,0,9.9,0,9.9,0,9.9,0,9.9,0,9.9,0,9.9,0,9.9,0,10.9,-0.0917
657033,10,10,0,10,0,10,0,10,0,10,0,10,0,10,0,10,0,10.9,-0.0826,10.9,-0.0826
657042,,,,,,,,,,,,,,,,,,,,,
657043,60.4,60.4,0,60.4,0,60.4,0,56,0.0786,56,0.0786,48.4,0.248,44.9,0.345,61.2,-0.0131,61.2,-0.0131,61.2,-0.0131
657044,,,,,,,,,,,,,,,,,,,,,
657045,60.4,60.4,0,60.4,0,60.4,0,55.1,0.0962,55.1,0.0962,48.4,0.248,44.9,0.345,61.2,-0.0131,61.2,-0.0131,61.2,-0.0131
657046,60.4,60.4,0,60.4,0,60.4,0,56,0.0786,56,0.0786,48.4,0.248,44.9,0.345,61.2,-0.0131,61.2,-0.0131,61.2,-0.0131
657047,,,,,,,,,,,,,,,,,,,,,
657091,20.5,20.5,0,20.5,0,20.5,0,20.5,0,20.5,0,20.5,0,,,,,20.5,0,20.5,0
657092,20.5,20.5,0,20.5,0,20.5,0,20.5,0,,,20.5,0,20.5,0,20.5,0,20.5,0,20.5,0
657099,,,,,,,,,,,,,,,,,,,,,
657105,,,,,,,,,,,,,,,,,,,,,
657106,12.5,12.5,0,12.5,0,12.5,0,12.5,0,12.5,0,12.5,0,16,-0.219,12,0.0417,,,,
657107,,,,,,,,,,,,,,,,,,,,,
657131,,,,,,,,,,,,,,,,,,,,,
657132,62,62,0,62,0,62,0,62,0,62,0,62,0,62,0,62,0,,,62,0
657134,25,25,0,25,0,25,0,25,0,25,0,25,0,25,0,25,0,25,0,25,0
657136,25,25,0,25,0,25,0,25,0,25,0,25,0,25,0,25,0,25,0,25,0
657139,26,26,0,26,0,26,0,26,0,26,0,26,0,26,0,26,0,26,0,26,0
657153,49,49,0,49,0,49,0,49,0,49,0,49,0,,,49,0,49,0,,
657154,20,20,0,20,0,20,0,20,0,20,0,20,0,,,20,0,20,0,20,0
657155,,,,,,,,,,,,,,,,,,,,,
657156,,,,,,,,,,,,,,,,,,,,,
657165,,,,,,,,,,,,,,,,,,,,,
657188,9.5,9.5,0,9.5,0,9.5,0,9.5,0,9.5,0,9.5,0,9.5,0,14,-0.321,14,-0.321,14,-0.321
657200,25,25,0,25,0,,,,,25,0,25,0,25,0,,,,,,
657202,,,,,,,,,,,,,,,,,,,,,
657209,21.9,21.9,0,21.9,0,21.9,0,21.9,0,21.9,0,21.9,0,21.9,0,21.9,0,19.5,0.123,19.5,0.123
657210,21.9,21.9,0,21.9,0,21.9,0,21.9,0,21.9,0,21.9,0,21.9,0,21.9,0,19.5,0.123,19.5,0.123
657211,21.9,21.9,0,21.9,0,21.9,0,21.9,0,21.9,0,21.9,0,21.9,0,21.9,0,19.5,0.123,19.5,0.123
657212,21.9,21.9,0,21.9,0,21.9,0,21.9,0,21.9,0,21.9,0,21.9,0,21.9,0,19,0.153,19,0.153
657213,21.9,21.9,0,21.9,0,21.9,0,21.9,0,21.9,0,21.9,0,21.9,0,21.9,0,19.5,0.123,19.5,0.123
657214,28.5,28.5,0,28.5,0,28.5,0,28.5,0,28.5,0,28.5,0,28.5,0,28.5,0,25,0.14,25,0.14
657215,24.5,24.5,0,24.5,0,24.5,0,24.5,0,24.5,0,24.5,0,24.5,0,24.5,0,21,0.167,21,0.167
657217,25,25,0,25,0,25,0,25,0,25,0,25,0,,,25,0,25,0,25,0
657218,23.5,23.5,0,23.5,0,23.5,0,23.5,0,23.5,0,23.5,0,23.5,0,23.5,0,23.5,0,21,0.119
657219,23.5,23.5,0,23.5,0,23.5,0,23.5,0,23.5,0,23.5,0,23.5,0,23.5,0,23.5,0,21,0.119
657220,23.5,23.5,0,23.5,0,23.5,0,23.5,0,23.5,0,23.5,0,23.5,0,23.5,0,23.5,0,21,0.119
657221,23.5,23.5,0,23.5,0,23.5,0,23.5,0,23.5,0,23.5,0,23.5,0,23.5,0,23.5,0,21,0.119
657222,28,28,0,28,0,28,0,28,0,28,0,26,0.0769,26,0.0769,26,0.0769,23.5,0.191,21,0.333
657223,28,28,0,28,0,28,0,28,0,28,0,26,0.0769,26,0.0769,26,0.0769,23.5,0.191,21,0.333
657224,72,72,0,72,0,72,0,72,0,72,0,72,0,72,0,72,0,72.5,-0.0069,59,0.22
657225,72,72,0,72,0,72,0,72,0,72,0,72,0,72,0,72,0,72.5,-0.0069,59,0.22
657226,72,72,0,72,0,72,0,72,0,72,0,72,0,72,0,72,0,72.5,-0.0069,59,0.22
657227,72,72,0,72,0,72,0,72,0,72,0,72,0,72,0,72,0,72.5,-0.0069,59,0.22
657228,72,72,0,72,0,72,0,72,0,72,0,72,0,72,0,72,0,72.5,-0.0069,59,0.22
657229,72,72,0,72,0,72,0,72,0,72,0,72,0,72,0,72,0,72.5,-0.0069,59,0.22
657230,20.5,20.5,0,19,0.0789,19,0.0789,19,0.0789,8.5,1.41,,,8.5,1.41,,,,,20.7,-0.00966
657234,19.9,19.9,0,19.9,0,19.9,0,19.9,0,19.9,0,19.9,0,19.9,0,19.9,0,19.9,0,20,-0.005
657235,18.5,18.5,0,18.5,0,18.5,0,18.5,0,18.5,0,18.5,0,18.5,0,19.9,-0.0704,19.9,-0.0704,20,-0.075
657237,27.5,27.5,0,27.5,0,27.5,0,27.5,0,27.5,0,,,,,,,,,21.9,0.256
657245,24,24,0,24,0,24,0,24,0,24,0,24.5,-0.0204,24.5,-0.0204,32,-0.25,32,-0.25,32,-0.25
657247,31,31,0,31,0,31,0,31,0,31,0,31.9,-0.0282,31.9,-0.0282,42.5,-0.271,42.5,-0.271,42.5,-0.271
657248,,,,,,,,,,,,,,,,,,,,,
657271,43.5,43.5,0,43.5,0,43.5,0,39.5,0.101,39.5,0.101,39.5,0.101,39.5,0.101,34.5,0.261,34.5,0.261,33.5,0.299
657273,12,12,0,12,0,12,0,12,0,12,0,,,,,12,0,12,0,12,0
657275,43.5,43.5,0,43.5,0,43.5,0,39.5,0.101,39.5,0.101,39.5,0.101,39.5,0.101,34.5,0.261,34.5,0.261,33.5,0.299
657276,17.5,17.5,0,17.5,0,17.5,0,17.5,0,17.5,0,17.5,0,17.5,0,14.9,0.174,17.1,0.0234,17.1,0.0234
657285,,,,,,,,,,,,,,,,,,,,,
657306,235,235,0,235,0,235,0,235,0,235,0,235,0,235,0,235,0,235,0,235,0
657339,17.5,17.5,0,17.5,0,17.5,0,17.5,0,19.9,-0.121,,,,,,,22.9,-0.236,,
657361,15,15,0,15,0,15,0,15,0,15,0,15,0,15,0,15,0,12.9,0.163,15,0
657364,94.9,94.9,0,94.9,0,94.9,0,94.9,0,94.9,0,94.9,0,,,87.9,0.0796,87.9,0.0796,87.9,0.0796
657365,8.5,8.5,0,8.5,0,8.5,0,8.5,0,8.5,0,8.5,0,8.5,0,10,-0.15,10,-0.15,10,-0.15
657366,8.5,8.5,0,8.5,0,8.5,0,8.5,0,8.5,0,8.5,0,8.5,0,10,-0.15,10,-0.15,10,-0.15
657375,51,51,0,51,0,51,0,39.8,0.281,39.8,0.281,39.8,0.281,39.8,0.281,39.8,0.281,39.8,0.281,39.8,0.281
657380,,,,,,,,,,,,,,,,,,,,,
657386,26,26,0,26,0,26,0,26,0,26,0,26,0,26,0,26,0,26,0,26,0
657387,180,180,0,180,0,180,0,174,0.0339,174,0.0339,174,0.0339,150,0.2,174,0.0339,,,,
657388,,,,,,,,,,,,,,,,,,,,,
657390,4.8,4.8,0,4.8,0,4.8,0,4.8,0,4.8,0,,,4.8,0,5,-0.04,,,,
657391,7.2,7.2,0,7.2,0,7.2,0,7.2,0,7.2,0,7.2,0,7.2,0,7.5,-0.04,7.5,-0.04,7,0.0286
657401,,,,,,,,,,,,,,,,,,,,,
657403,32.5,32.5,0,32.5,0,32.5,0,32.5,0,32.5,0,32.5,0,32.5,0,32.5,0,32.5,0,32.5,0
657441,,,,,,,,,,,,,,,,,,,,,
657445,25,25,0,25,0,25,0,,,,,,,,,24.5,0.0204,23.5,0.0638,,
657446,62.5,62.5,0,62.5,0,62.5,0,62.5,0,62.5,0,62.5,0,62.5,0,62.5,0,62.5,0,62.5,0
657447,62.5,62.5,0,62.5,0,62.5,0,62.5,0,62.5,0,62.5,0,,,62.5,0,62.5,0,62.5,0
657449,56,56,0,56,0,56,0,56,0,56,0,56,0,56,0,56,0,41,0.366,27.9,1.01
657450,47.5,47.5,0,47.5,0,47.5,0,47.5,0,47.5,0,47.5,0,47.5,0,47.5,0,37.5,0.267,37.5,0.267
657451,78.5,78.5,0,78.5,0,78.5,0,78.5,0,78.5,0,78.5,0,78.5,0,78.5,0,61,0.287,61,0.287
657457,85,85,0,85,0,,,90,-0.0556,90,-0.0556,90,-0.0556,74.9,0.135,87.5,-0.0286,87.5,-0.0286,73.2,0.161
657462,,,,,,,,,,,,,,,,,,,,,
657465,12.5,12.5,0,12.5,0,12.5,0,12.5,0,12.5,0,12.5,0,12.5,0,12.5,0,12,0.0417,12,0.0417
657466,13,13,0,13,0,13,0,13,0,13,0,13,0,13,0,13,0,12,0.0833,12,0.0833
657475,34.9,34.9,0,34.5,0.0116,34.5,0.0116,34.5,0.0116,28.9,0.208,28.9,0.208,28.9,0.208,30,0.163,34.9,0,34.9,0
657476,7.8,7.8,0,7.8,0,7.8,0,7.8,0,7.8,0,7.8,0,7.8,0,7.8,0,7.8,0,,
657477,34.9,34.9,0,34.5,0.0116,34.5,0.0116,34.5,0.0116,30,0.163,30,0.163,30,0.163,34.9,0,34.9,0,34.9,0
657478,,,,,,,,,,,,,,,,,,,,,
657479,68,68,0,68,0,68,0,68,0,68,0,68,0,,,83,-0.181,83,-0.181,94.5,-0.28
657480,68,68,0,68,0,68,0,68,0,68,0,,,68,0,94.5,-0.28,94.5,-0.28,94.5,-0.28
657481,68,68,0,68,0,68,0,68,0,68,0,68,0,68,0,94.5,-0.28,94.5,-0.28,94.5,-0.28
657482,,,,,,,,,,,,,,,,,,,,,
657489,,,,,,,,,,,,,,,,,,,,,
657490,11.3,11.3,0,11.3,0,11.3,0,11.3,0,11.3,0,11.3,0,11.3,0,11.3,0,13.5,-0.163,13.5,-0.163
657501,1.5,1.5,0,1.5,0,1.5,0,1.5,0,1.5,0,1.5,0,,,1.5,0,1.5,0,1.5,0
657502,1.5,1.5,0,1.5,0,1.5,0,1.5,0,1.5,0,1.5,0,1.5,0,1.5,0,1.5,0,1.5,0
657504,109,109,0,109,0,109,0,109,0,109,0,,,,,109,0,109,0,109,0
657525,97.5,97.5,0,97.5,0,,,97.5,0,81,0.204,81,0.204,81,0.204,81,0.204,68,0.434,68,0.434
657540,53.5,53.5,0,53.5,0,53.5,0,41,0.305,41,0.305,41,0.305,41,0.305,41,0.305,41,0.305,41,0.305
657546,148,148,0,148,0,148,0,148,0,148,0,148,0,,,148,0,148,0,135,0.0926
657547,,,,,,,,,,,,,,,,,,,,,
657554,,,,,,,,,,,,,,,,,,,,,
657571,59.5,59.5,0,59.5,0,59.5,0,59.5,0,59.5,0,59.5,0,59.5,0,49.9,0.192,49.9,0.192,49.5,0.202
657572,67,67,0,67,0,67,0,67,0,67,0,67,0,67,0,58,0.155,58,0.155,56.5,0.186
657573,96.5,96.5,0,96.5,0,96.5,0,96.5,0,96.5,0,96.5,0,96.5,0,84,0.149,84,0.149,81.5,0.184
657576,,,,,,,,,,,,,,,,,,,,,
657577,5.5,5.5,0,5.5,0,5.5,0,5.5,0,5.5,0,5.5,0,5.5,0,5.7,-0.0351,5.7,-0.0351,5.7,-0.0351
657578,11.3,11.3,0,11.3,0,11.3,0,11.3,0,11.3,0,11.3,0,11.3,0,11.3,0,13.5,-0.163,13.5,-0.163
657603,,,,,,,,,,,,,,,,,,,,,
657605,309,309,0,309,0,,,309,0,309,0,309,0,309,0,,,,,,
657607,25,25,0,25,0,25,0,25,0,25,0,25,0,25,0,25,0,25,0,25,0
657608,7.9,7.9,0,7.9,0,7.9,0,7.9,0,10.5,-0.248,10.5,-0.248,10.5,-0.248,12.9,-0.388,12.9,-0.388,12.9,-0.388
657610,12.5,12.5,0,12.5,0,12.5,0,12.5,0,12.5,0,12.5,0,12.5,0,14,-0.107,14,-0.107,14,-0.107
657611,,,,,,,,,,,,,,,,,,,,,
657612,,,,,,,,,,,,,,,,,,,,,
657616,34,34,0,34,0,34,0,34,0,34,0,32.5,0.0462,32.5,0.0462,31,0.0968,25,0.36,25,0.36
657617,34,34,0,34,0,34,0,34,0,34,0,32.5,0.0462,32.5,0.0462,31,0.0968,24.5,0.388,24.5,0.388
657621,109,109,0,109,0,109,0,109,0,109,0,109,0,109,0,109,0,109,0,109,0
657622,56.5,56.5,0,56.5,0,56.5,0,56.5,0,56.5,0,56.5,0,56.5,0,56.5,0,56.5,0,56.5,0
657632,43.5,43.5,0,43.5,0,43.5,0,39.5,0.101,39.5,0.101,39.5,0.101,39.5,0.101,34.5,0.261,34.5,0.261,,
657640,22,22,0,22,0,22,0,18.5,0.189,18.5,0.189,22.5,-0.0222,17.9,0.229,18.5,0.189,22.5,-0.0222,14.9,0.477
657642,18.5,18.5,0,22.5,-0.178,22.5,-0.178,22.5,-0.178,22.5,-0.178,22.5,-0.178,22.5,-0.178,22.5,-0.178,22.5,-0.178,18,0.0278
657644,339,339,0,339,0,,,339,0,339,0,339,0,339,0,329,0.0304,310,0.0935,305,0.111
657645,,,,,,,,,,,,,,,,,,,,,
657652,52.5,52.5,0,52.5,0,52.5,0,52.5,0,52.5,0,52.5,0,52.5,0,52.5,0,52.5,0,52.5,0
657653,19.5,19.5,0,19.5,0,19.5,0,19.5,0,19.5,0,19.5,0,19.5,0,19.5,0,17,0.147,17,0.147
657654,13.5,13.5,0,13.5,0,13.5,0,13.5,0,13.5,0,13.5,0,13.5,0,13.5,0,13.5,0,13.5,0
657655,,,,,,,,,,,,,,,,,,,,,
657656,,,,,,,,,,,,,,,,,,,,,
657657,,,,,,,,,,,,,,,,,,,,,
657659,,,,,,,,,,,,,,,,,,,,,
657660,11.5,11.5,0,11.5,0,,,11.5,0,11.5,0,11.5,0,,,,,,,,
657662,18,18,0,18,0,18,0,18,0,18,0,18,0,18,0,18,0,18,0,14.9,0.208
657663,184,184,0,184,0,184,0,184,0,184,0,184,0,184,0,184,0,199,-0.0754,215,-0.144
657664,22.5,22.5,0,22.5,0,22.5,0,22.5,0,,,22.5,0,22.5,0,22.5,0,18.5,0.216,18.5,0.216
657666,,,,,,,,,,,,,,,,,,,,,
657667,,,,,,,,,,,,,,,,,,,,,
657669,35.5,35.5,0,35.5,0,35.5,0,35.5,0,35.5,0,35.5,0,35.5,0,35.5,0,35.5,0,32.5,0.0923
657670,16.5,16.5,0,16.5,0,16.5,0,16.5,0,16.5,0,16.5,0,16.5,0,23.5,-0.298,23.5,-0.298,23.5,-0.298
657677,21.9,21.9,0,21.9,0,21.9,0,21.9,0,21.9,0,21.9,0,21.9,0,21.9,0,19,0.153,19,0.153
657684,24.5,24.5,0,24.5,0,24.5,0,24.5,0,24.5,0,24.5,0,24.5,0,24.5,0,21,0.167,21,0.167
657687,,,,,,,,,,,,,,,,,,,,,
657688,29.5,29.5,0,29.5,0,29.5,0,29.5,0,29.5,0,28,0.0536,28,0.0536,28,0.0536,25.5,0.157,23,0.283
657690,7,7,0,7,0,7,0,7,0,7,0,7,0,7,0,7,0,,,,
657705,8.5,8.5,0,8.5,0,8.5,0,8.5,0,8.5,0,8.5,0,8.5,0,10,-0.15,10,-0.15,10,-0.15
657725,,,,,,,,,,,,,,,,,,,,,
657758,32.5,32.5,0,32.5,0,32.5,0,29.5,0.102,29.5,0.102,29.5,0.102,29.5,0.102,27.5,0.182,27.5,0.182,27.5,0.182
657759,30,30,0,30,0,30,0,26.9,0.115,26.9,0.115,26.9,0.115,26.9,0.115,25,0.2,25,0.2,27.5,0.0909
657760,20,20,0,20,0,20,0,20,0,20,0,20,0,20,0,20,0,20,0,22.5,-0.111
657780,12.5,12.5,0,12.5,0,12.5,0,12.5,0,12.5,0,12.5,0,12.5,0,13,-0.0385,13,-0.0385,13,-0.0385
657781,24.5,24.5,0,24.5,0,24.5,0,24.5,0,24.5,0,24.5,0,24.5,0,26,-0.0577,26,-0.0577,,
657785,,,,,,,,,,,,,,,,,,,,,
657788,,,,,,,,,,,,,,,,,,,,,
657789,,,,,,,,,,,,,,,,,,,,,
657790,8,8,0,8,0,8,0,8,0,8,0,8,0,8,0,8,0,8,0,8,0
657791,,,,,,,,,,,,,,,,,,,,,
657792,8,8,0,8,0,8,0,8,0,8,0,8,0,8,0,8,0,8,0,8,0
657793,23,23,0,23,0,23,0,23,0,23,0,23,0,23,0,23,0,23,0,23,0
657794,23,23,0,23,0,23,0,23,0,23,0,23,0,23,0,23,0,23,0,23,0
657795,,,,,,,,,,,,,,,,,,,,,
657796,23,23,0,23,0,23,0,23,0,23,0,23,0,23,0,23,0,23,0,23,0
657797,23,23,0,23,0,23,0,23,0,23,0,23,0,23,0,23,0,23,0,23,0
657799,,,,,,,,,,,,,,,,,,,,,
657807,,,,,,,,,,,,,,,,,,,,,
657809,9.6,9.6,0,9.6,0,9.6,0,9.6,0,9.6,0,9.6,0,,,10.5,-0.0857,9,0.0667,10.5,-0.0857
657811,779,779,0,779,0,,,779,0,779,0,779,0,779,0,779,0,779,0,779,0
657817,105,105,0,105,0,105,0,105,0,114,-0.0789,,,114,-0.0789,114,-0.0789,114,-0.0789,114,-0.0789
657822,,,,,,,,,,,,,,,,,,,,,
657823,60,60,0,60,0,60,0,60,0,60,0,60,0,60,0,60,0,52.5,0.143,52.5,0.143
657835,335,335,0,335,0,,,335,0,335,0,335,0,335,0,299,0.12,,,319,0.0502
657837,,,,,,,,,,,,,,,,,,,,,
657842,18.4,18.4,0,18.4,0,18.4,0,18.4,0,18.4,0,18.4,0,18.4,0,18.4,0,18.4,0,18.4,0
657843,19,19,0,19,0,19,0,19,0,19,0,19,0,19,0,19,0,19,0,19,0
657844,,,,,,,,,,,,,,,,,,,,,
657845,23.9,23.9,0,23.9,0,23.9,0,23.9,0,23.9,0,23.9,0,23.9,0,23.9,0,23.9,0,23.9,0
657916,29.5,29.5,0,35,-0.157,35,-0.157,35,-0.157,35.5,-0.169,35.5,-0.169,35.5,-0.169,39,-0.244,34.5,-0.145,29.9,-0.0134
657920,52.5,52.5,0,48,0.0938,48,0.0938,48,0.0938,48.5,0.0825,48.5,0.0825,48.5,0.0825,52.1,0.00768,52.1,0.00768,52.1,0.00768
657944,,,,,,,,,,,,,,,,,,,,,
657945,,,,,,,,,,,,,,,,,,,,,
657951,6.7,6.7,0,6.7,0,6.7,0,6.7,0,6.7,0,6.7,0,6.7,0,6.7,0,6.5,0.0308,6.5,0.0308
657959,,,,,,,,,,,,,,,,,,,,,
657960,,,,,,,,,,,,,,,,,,,,,
657961,46,46,0,46,0,46,0,46,0,46,0,,,46,0,46,0,,,,
657965,,,,,,,,,,,,,,,,,,,,,
657966,,,,,,,,,,,,,,,,,,,,,
657968,,,,,,,,,,,,,,,,,,,,,
657975,11.5,11.5,0,13.5,-0.148,13.5,-0.148,13.5,-0.148,13.5,-0.148,13.5,-0.148,12.5,-0.08,12.8,-0.102,12.8,-0.102,12.8,-0.102
657976,,,,,,,,,,,,,,,,,,,,,
657999,,,,,,,,,,,,,,,,,,,,,
658005,12.5,12.5,0,15,-0.167,15,-0.167,15,-0.167,15,-0.167,15,-0.167,15,-0.167,15.5,-0.194,15.5,-0.194,15.1,-0.172
658006,12.5,12.5,0,15,-0.167,15,-0.167,15,-0.167,15,-0.167,15,-0.167,15,-0.167,12.5,0,15.5,-0.194,15.1,-0.172
658007,,,,,,,,,,,,,,,,,,,,,
658012,22.5,22.5,0,22.5,0,22.5,0,22.5,0,22.5,0,22.5,0,22.5,0,18.5,0.216,17.9,0.257,18,0.25
658018,22,22,0,22,0,22,0,20.5,0.0732,20.5,0.0732,19,0.158,17.5,0.257,28.5,-0.228,26,-0.154,32,-0.312
658028,43.5,43.5,0,43.5,0,43.5,0,39.5,0.101,39.5,0.101,39.5,0.101,39.5,0.101,31,0.403,31,0.403,31,0.403
658029,30,30,0,30,0,30,0,30,0,30,0,30,0,30,0,30,0,30,0,30,0
658030,30,30,0,30,0,30,0,30,0,30,0,30,0,30,0,30,0,30,0,30,0
658047,,,,,,,,,,,,,,,,,,,,,
658048,18.4,18.4,0,18.4,0,18.4,0,18.4,0,18.4,0,18.4,0,18.4,0,18.4,0,25.5,-0.278,25.5,-0.278
658050,11,11,0,11,0,11,0,11,0,11,0,11,0,11,0,11,0,11,0,11,0
658086,24.5,24.5,0,24.5,0,24.5,0,24.5,0,24.5,0,24.5,0,24.5,0,24.5,0,24.5,0,22.7,0.0793
658087,23,23,0,,,23,0,23,0,23,0,23,0,23,0,23,0,23,0,,
658088,,,,,,,,,,,,,,,,,,,,,
658098,198,198,0,198,0,198,0,198,0,,,198,0,,,198,0,199,-0.00503,,
658107,32.5,32.5,0,32.5,0,32.5,0,29.5,0.102,,,,,,,50,-0.35,50,-0.35,39.9,-0.185
658126,12.9,12.9,0,15,-0.14,15,-0.14,15,-0.14,15,-0.14,14,-0.0786,15,-0.14,15,-0.14,15,-0.14,15.5,-0.168
658135,37.5,37.5,0,37.5,0,39.9,-0.0602,39.9,-0.0602,39.9,-0.0602,39.9,-0.0602,39.9,-0.0602,42.6,-0.12,38,-0.0132,38,-0.0132
658136,37.5,37.5,0,37.5,0,39.9,-0.0602,39.9,-0.0602,39.9,-0.0602,39.9,-0.0602,39.9,-0.0602,,,38,-0.0132,38,-0.0132
658143,,,,,,,,,,,,,,,,,,,,,
658148,,,,,,,,,,,,,,,,,,,,,
658165,29.5,29.5,0,29.5,0,29.5,0,29.5,0,29.5,0,29.5,0,,,35,-0.157,35,-0.157,34.5,-0.145
658166,,,,,,,,,,,,,,,,,,,,,
658170,276,276,0,276,0,276,0,276,0,276,0,276,0,276,0,276,0,276,0,,
658180,,,,,,,,,,,,,,,,,,,,,
658182,39.3,39.3,0,,,,,,,,,,,,,39.3,0,34.9,0.126,34.9,0.126
658184,27.5,27.5,0,27.5,0,35,-0.214,35,-0.214,35,-0.214,,,35,-0.214,35,-0.214,35,-0.214,35,-0.214
658185,99,99,0,99,0,99,0,99,0,99,0,99,0,99,0,99,0,85,0.165,99,0
658188,,,,,,,,,,,,,,,,,,,,,
658189,27.5,27.5,0,27.5,0,35,-0.214,35,-0.214,,,35,-0.214,35,-0.214,35,-0.214,35,-0.214,35,-0.214
658190,27.5,27.5,0,27.5,0,35,-0.214,35,-0.214,35,-0.214,35,-0.214,35,-0.214,35,-0.214,35,-0.214,35,-0.214
658191,26,26,0,26,0,26,0,26,0,,,,,26,0,26,0,26.5,-0.0189,26.5,-0.0189
658206,10,10,0,10,0,10,0,10,0,10,0,10,0,10,0,10,0,10,0,10,0
658208,10,10,0,10,0,10,0,10,0,10,0,10,0,10,0,10,0,10,0,10,0
658209,16,16,0,16,0,16,0,16,0,16,0,16,0,16,0,16,0,16,0,16,0
658210,17,17,0,17,0,17,0,17,0,17,0,17,0,17,0,17,0,17,0,17,0
658211,36,36,0,36,0,36,0,36,0,36,0,36,0,36,0,36,0,36,0,34.5,0.0435
658213,53.5,53.5,0,53.5,0,53.5,0,53.5,0,53.5,0,53.5,0,53.5,0,53.5,0,53.5,0,53.5,0
658214,36,36,0,36,0,36,0,36,0,36,0,36,0,36,0,36,0,,,,
658222,16.5,16.5,0,16.5,0,16.5,0,16.5,0,13,0.269,13,0.269,13,0.269,15.5,0.0645,15.5,0.0645,15.5,0.0645
658223,28.5,28.5,0,28.5,0,28.5,0,28.5,0,22,0.295,22,0.295,22,0.295,27,0.0556,27,0.0556,27,0.0556
658224,28.5,28.5,0,28.5,0,28.5,0,28.5,0,22,0.295,22,0.295,22,0.295,27,0.0556,27,0.0556,27,0.0556
658228,415,415,0,415,0,,,415,0,415,0,415,0,415,0,415,0,415,0,415,0
658233,37.9,37.9,0,37.9,0,37.9,0,37.9,0,37.9,0,37.9,0,37.9,0,,,,,37.9,0
658240,54.9,54.9,0,54.9,0,54.9,0,54.9,0,54.9,0,54.9,0,54.9,0,54.9,0,54.9,0,65.9,-0.167
658255,27.5,27.5,0,27.5,0,27.5,0,27.5,0,27.5,0,22.5,0.222,22.5,0.222,21.9,0.256,21.9,0.256,21.9,0.256
658268,59.5,59.5,0,59.5,0,59.5,0,59.5,0,59.5,0,59.5,0,59.5,0,59.5,0,75,-0.207,75,-0.207
658270,59.5,59.5,0,59.5,0,59.5,0,59.5,0,59.5,0,59.5,0,,,59.5,0,75,-0.207,75,-0.207
658279,,,,,,,,,,,,,,,,,,,,,
658280,41.5,41.5,0,41.5,0,41.5,0,38,0.0921,,,,,,,49,-0.153,49,-0.153,70.6,-0.412
658288,30,30,0,30,0,,,30,0,30,0,30,0,26.5,0.132,30,0,25.9,0.158,30,0
658289,18.9,18.9,0,18.9,0,18.9,0,18.9,0,18.9,0,18.9,0,,,18.9,0,15,0.26,15,0.26
658293,20,20,0,20,0,20,0,,,20,0,20,0,20,0,17,0.176,,,16.5,0.212
658295,19.4,19.4,0,19.4,0,19.4,0,19.4,0,19.4,0,,,,,19.4,0,25,-0.224,25,-0.224
658302,,,,,,,,,,,,,,,,,,,,,
658305,,,,,,,,,,,,,,,,,,,,,
658309,,,,,,,,,,,,,,,,,,,,,
658316,37.5,37.5,0,37.5,0,37.5,0,37.5,0,37.5,0,34.5,0.087,34.5,0.087,34.5,0.087,30.8,0.218,30.8,0.218
658317,23.5,23.5,0,23.5,0,23.5,0,23.5,0,23.5,0,23.5,0,23.5,0,24.5,-0.0408,24.5,-0.0408,24.5,-0.0408
658319,,,,,,,,,,,,,,,,,,,,,
658320,,,,,,,,,,,,,,,,,,,,,
658337,,,,,,,,,,,,,,,,,,,,,
658338,,,,,,,,,,,,,,,,,,,,,
658407,19.5,19.5,0,19.5,0,19.5,0,19.5,0,19.5,0,19.5,0,19.5,0,18.5,0.0541,19.5,0,19.5,0
658408,19.5,19.5,0,19.5,0,19.5,0,19.5,0,19.5,0,19.5,0,19.5,0,19.5,0,19.5,0,19.5,0
658410,17.2,17.2,0,17.2,0,16.5,0.0424,16.5,0.0424,16.5,0.0424,16.5,0.0424,16.5,0.0424,16.5,0.0424,,,,
658411,17.2,17.2,0,17.2,0,16.5,0.0424,16.5,0.0424,16.5,0.0424,16.5,0.0424,16.5,0.0424,16.5,0.0424,16.5,0.0424,16.5,0.0424
658412,17.2,17.2,0,17.2,0,16.5,0.0424,16.5,0.0424,16.5,0.0424,16.5,0.0424,16.5,0.0424,16.5,0.0424,16.5,0.0424,16.5,0.0424
658413,17.2,17.2,0,17.2,0,16.5,0.0424,16.5,0.0424,16.5,0.0424,16.5,0.0424,16.5,0.0424,16.5,0.0424,16.5,0.0424,16.5,0.0424
658414,17.2,17.2,0,17.2,0,16.5,0.0424,16.5,0.0424,,,16.5,0.0424,16.5,0.0424,16.5,0.0424,16.5,0.0424,16.5,0.0424
658419,16.5,16.5,0,16.5,0,,,16.5,0,16.5,0,15,0.1,15,0.1,15,0.1,15,0.1,15,0.1
658425,17.5,17.5,0,17.5,0,17.5,0,17.5,0,17.5,0,,,,,17.5,0,17.5,0,17.5,0
658426,12.5,12.5,0,12.5,0,12.5,0,12.5,0,12.5,0,12.5,0,12.5,0,12.5,0,12.5,0,12.5,0
658427,22.5,22.5,0,22.5,0,22.5,0,22.5,0,22.5,0,22.5,0,22.5,0,22.5,0,22.5,0,22.5,0
658430,16,16,0,16,0,16,0,16,0,16,0,16,0,16,0,16,0,16,0,16,0
658432,6.7,6.7,0,6.7,0,6.7,0,6.7,0,6.7,0,,,6.7,0,6.7,0,6.5,0.0308,5.5,0.218
658433,6.7,6.7,0,6.7,0,6.7,0,6.7,0,6.7,0,6.7,0,6.7,0,6.7,0,6.5,0.0308,5.5,0.218
658437,,,,,,,,,,,,,,,,,,,,,
658438,,,,,,,,,,,,,,,,,,,,,
658440,,,,,,,,,,,,,,,,,,,,,
658441,12.5,12.5,0,12.5,0,12.5,0,12.5,0,12.5,0,12.5,0,12.5,0,12.5,0,10,0.25,10,0.25
658442,12.5,12.5,0,12.5,0,12.5,0,12.5,0,12.5,0,12.5,0,12.5,0,12.5,0,10,0.25,10,0.25
658443,,,,,,,,,,,,,,,,,,,,,
658444,12.5,12.5,0,12.5,0,12.5,0,12.5,0,12.5,0,12.5,0,12.5,0,12.5,0,10,0.25,10,0.25
658447,99,99,0,99,0,99,0,99,0,199,-0.503,199,-0.503,199,-0.503,,,,,,
658457,82.5,82.5,0,82.5,0,,,82.5,0,82.5,0,82.5,0,82.5,0,,,,,,
658458,,,,,,,,,,,,,,,,,,,,,
658459,28.5,28.5,0,28.5,0,,,,,27.5,0.0364,27.5,0.0364,,,27.5,0.0364,27.5,0.0364,27.5,0.0364
658461,,,,,,,,,,,,,,,,,,,,,
658462,,,,,,,,,,,,,,,,,,,,,
658463,7,7,0,7,0,7,0,6.2,0.129,6.2,0.129,6.2,0.129,6.2,0.129,6.2,0.129,6.2,0.129,6.2,0.129
658464,,,,,,,,,,,,,,,,,,,,,
658465,,,,,,,,,,,,,,,,,,,,,
658466,10,10,0,10,0,10,0,10,0,10,0,10,0,11.1,-0.0991,11.1,-0.0991,11.1,-0.0991,11.1,-0.0991
658468,,,,,,,,,,,,,,,,,,,,,
658470,9.5,9.5,0,9.5,0,9.5,0,9.5,0,9.5,0,9.5,0,9.5,0,9.5,0,9.5,0,9.5,0
658471,12.5,12.5,0,12.5,0,12.5,0,12.5,0,12.5,0,12.5,0,12.5,0,,,12.5,0,12.5,0
658472,9.5,9.5,0,9.5,0,9.5,0,9.5,0,9.5,0,9.5,0,9.5,0,9.5,0,9.5,0,9.5,0
658476,10.5,10.5,0,10.5,0,10.5,0,10.5,0,10.5,0,,,10.5,0,10.5,0,10.5,0,10.5,0
658477,52.5,52.5,0,52.5,0,52.5,0,52.5,0,52.5,0,52.5,0,52.5,0,52.5,0,52.5,0,52.5,0
658485,14.5,14.5,0,14.5,0,14.5,0,14.5,0,,,14.5,0,,,,,,,14.5,0
658494,,,,,,,,,,,,,,,,,,,,,
658506,8.5,8.5,0,8.5,0,8.5,0,8.5,0,8.5,0,8.5,0,8.5,0,8.5,0,8.5,0,8.5,0
658518,14,14,0,14,0,,,14,0,14,0,13,0.0769,,,13,0.0769,11.9,0.176,11.5,0.217
658519,,,,,,,,,,,,,,,,,,,,,
658525,7,7,0,7,0,7,0,7,0,7,0,7,0,7,0,7,0,,,6.9,0.0145
658526,12.9,12.9,0,15.5,-0.168,15.5,-0.168,15.5,-0.168,,,15.5,-0.168,15.5,-0.168,15.5,-0.168,14.9,-0.134,14.9,-0.134
658527,,,,,,,,,,,,,,,,,,,,,
658528,14.5,14.5,0,14.5,0,14.5,0,14.5,0,14.5,0,14.5,0,14.5,0,14.5,0,15,-0.0333,15,-0.0333
658529,14.5,14.5,0,14.5,0,14.5,0,14.5,0,14.5,0,14.5,0,14.5,0,14.5,0,15,-0.0333,15,-0.0333
658530,15.9,15.9,0,18.5,-0.141,18.5,-0.141,18.5,-0.141,18.5,-0.141,18.5,-0.141,18.5,-0.141,18.5,-0.141,18,-0.117,14.9,0.0671
658537,18.5,18.5,0,18.5,0,18.5,0,18.5,0,18.5,0,18.5,0,15.9,0.164,18.5,0,16.5,0.121,18.5,0
658539,,,,,,,,,,,,,,,,,,,,,
658550,34.4,34.4,0,34.4,0,34.4,0,34.4,0,34.4,0,34.4,0,,,,,,,34.4,0
658551,33.8,33.8,0,33.8,0,,,,,,,33.8,0,33.8,0,33.8,0,33.8,0,33.8,0
658552,25,25,0,25,0,25,0,25,0,25,0,25,0,25,0,25,0,22.5,0.111,22.5,0.111
658553,26,26,0,26,0,,,,,,,26,0,26,0,26,0,,,26,0
658560,445,445,0,445,0,,,445,0,445,0,445,0,445,0,445,0,445,0,445,0
658589,24,24,0,24,0,24,0,24,0,24,0,24,0,24,0,24,0,24,0,24,0
658591,,,,,,,,,,,,,,,,,,,,,
658593,10,10,0,10,0,,,10,0,10,0,10,0,11.1,-0.0991,11.1,-0.0991,11.1,-0.0991,,
658594,10,10,0,10,0,10,0,10,0,10,0,,,,,,,,,,
658636,,,,,,,,,,,,,,,,,,,,,
658645,162,162,0,162,0,162,0,162,0,162,0,,,174,-0.0688,174,-0.0688,174,-0.0688,,
658654,10.8,10.8,0,10.8,0,10.8,0,10,0.08,,,,,8,0.35,8.5,0.271,17.7,-0.39,17.7,-0.39
658655,,,,,,,,,,,,,,,,,,,,,
658657,,,,,,,,,,,,,,,,,,,,,
658659,37.5,37.5,0,37.5,0,37.5,0,37.5,0,37.5,0,37.5,0,37.5,0,37.5,0,,,,
658660,,,,,,,,,,,,,,,,,,,,,
658667,,,,,,,,,,,,,,,,,,,,,
658673,19,19,0,19,0,19,0,19,0,19,0,19,0,17,0.118,31.2,-0.391,31.2,-0.391,31.2,-0.391
658674,20.8,20.8,0,20.8,0,20.8,0,20.8,0,20.8,0,17,0.224,17,0.224,,,,,31.2,-0.333
658675,,,,,,,,,,,,,,,,,,,,,
658676,,,,,,,,,,,,,,,,,,,,,
658687,15.5,15.5,0,15.5,0,15.5,0,15.5,0,15.5,0,15.5,0,15.5,0,17.5,-0.114,16.8,-0.0774,16.8,-0.0774
658703,32.5,32.5,0,32.5,0,32.5,0,32.5,0,32.5,0,32.5,0,32.5,0,32.5,0,32.5,0,32.5,0
658707,9,9,0,9,0,9,0,9,0,9,0,,,9,0,9,0,6.9,0.304,9,0
658708,8.9,8.9,0,8.9,0,8.9,0,8.9,0,,,,,,,,,,,,
658709,9,9,0,9,0,9,0,9,0,9,0,9,0,9,0,9,0,6.9,0.304,9,0
658715,,,,,,,,,,,,,,,,,,,,,
658716,11.5,11.5,0,11.5,0,,,,,,,,,,,,,,,,
658731,15.5,15.5,0,15.5,0,15.5,0,15.5,0,15.5,0,15.5,0,15.5,0,12.5,0.24,18.5,-0.162,18.5,-0.162
658734,11.5,11.5,0,11.5,0,11.5,0,11.5,0,11.5,0,8.9,0.292,,,,,11.3,0.0177,11.3,0.0177
658735,,,,,,,,,,,,,,,,,,,,,
658736,,,,,,,,,,,,,,,,,,,,,
658737,,,,,,,,,,,,,,,,,,,,,
658739,38,38,0,38,0,,,38,0,38,0,38,0,38,0,38,0,38,0,,
658741,17,17,0,17,0,17,0,17,0,,,,,17,0,18.6,-0.086,18.6,-0.086,18.6,-0.086
658745,29.5,29.5,0,29.5,0,29.5,0,29.5,0,29.5,0,28,0.0536,28,0.0536,28,0.0536,25.5,0.157,23,0.283
658746,21.9,21.9,0,21.9,0,21.9,0,21.9,0,21.9,0,21.9,0,21.9,0,21.9,0,19,0.153,19,0.153
658747,38,38,0,38,0,38,0,38,0,38,0,36,0.0556,36,0.0556,36,0.0556,33,0.152,33,0.152
658748,24.5,24.5,0,24.5,0,24.5,0,24.5,0,24.5,0,24.5,0,24.5,0,24.5,0,21,0.167,21,0.167
658749,21.9,21.9,0,21.9,0,21.9,0,21.9,0,21.9,0,21.9,0,21.9,0,21.9,0,19.5,0.123,19.5,0.123
658777,94,94,0,94,0,,,94,0,94,0,83.5,0.126,83.5,0.126,,,,,,
658780,14.5,14.5,0,14.5,0,14.5,0,14.5,0,14.5,0,14.5,0,14.5,0,14.5,0,13,0.115,13,0.115
658781,29,29,0,29,0,29,0,29,0,29,0,29,0,29,0,28.5,0.0175,25.9,0.12,33.5,-0.134
658783,50.5,50.5,0,48,0.0521,48,0.0521,48,0.0521,,,,,,,,,,,,
658826,,,,,,,,,,,,,,,,,,,,,
658827,,,,,,,,,,,,,,,,,,,,,
658835,,,,,,,,,,,,,,,,,,,,,
658848,,,,,,,,,,,,,,,,,,,,,
658861,149,149,0,149,0,,,149,0,149,0,149,0,149,0,149,0,135,0.104,135,0.104
658862,31,31,0,31,0,31,0,31,0,31,0,31,0,31,0,31,0,31,0,31,0
658863,31,31,0,31,0,31,0,31,0,31,0,31,0,31,0,31,0,31,0,31,0
658864,30,30,0,30,0,30,0,30,0,30,0,30,0,30,0,30,0,30,0,30,0
658865,31,31,0,31,0,,,31,0,31,0,31,0,31,0,31,0,31,0,31,0
658870,,,,,,,,,,,,,,,,,,,,,
658872,14.5,14.5,0,14.5,0,,,14.5,0,14.5,0,14.5,0,14.5,0,14.5,0,13.9,0.0432,13.9,0.0432
658873,15,15,0,15,0,,,15,0,15,0,15,0,15,0,15,0,14.5,0.0345,14.5,0.0345
658874,16,16,0,16,0,,,16,0,16,0,16,0,16,0,16,0,15.5,0.0323,15.5,0.0323
658875,18,18,0,18,0,,,18,0,18,0,18,0,18,0,18,0,17.5,0.0286,17.5,0.0286
658876,,,,,,,,,,,,,,,,,,,,,
658877,,,,,,,,,,,,,,,,,,,,,
658879,,,,,,,,,,,,,,,,,,,,,
658901,,,,,,,,,,,,,,,,,,,,,
658928,15,15,0,15,0,15,0,15,0,15,0,15,0,15,0,15,0,15,0,15,0
658935,11.5,11.5,0,11.5,0,11.5,0,11.5,0,11.5,0,8.9,0.292,8.9,0.292,11.3,0.0177,11.3,0.0177,11.3,0.0177
658943,,,,,,,,,,,,,,,,,,,,,
658945,,,,,,,,,,,,,,,,,,,,,
658950,,,,,,,,,,,,,,,,,,,,,
658951,,,,,,,,,,,,,,,,,,,,,
658979,4.3,4.3,0,4.3,0,4.3,0,4.3,0,4.3,0,4.3,0,4.3,0,4.3,0,4,0.075,4,0.075
658980,4.3,4.3,0,4.3,0,4.3,0,4.3,0,4.3,0,4.3,0,4.3,0,4.3,0,4,0.075,4,0.075
658981,27.5,27.5,0,,,,,27.5,0,27.5,0,27.5,0,27.5,0,27.5,0,25,0.1,25,0.1
658982,27.5,27.5,0,27.5,0,27.5,0,27.5,0,27.5,0,27.5,0,27.5,0,27.5,0,25,0.1,25,0.1
658983,4,4,0,4,0,4,0,4,0,4,0,4,0,4,0,4,0,3.7,0.0811,3.7,0.0811
658984,13.5,13.5,0,,,,,,,13.5,0,13.5,0,13.5,0,13.5,0,12.5,0.08,12.5,0.08
658985,13.5,13.5,0,13.5,0,13.5,0,13.5,0,13.5,0,13.5,0,13.5,0,13.5,0,12.5,0.08,12.5,0.08
658986,5,5,0,5,0,5,0,5,0,5,0,5,0,5,0,5,0,5,0,5,0
658987,27.5,27.5,0,27.5,0,27.5,0,27.5,0,27.5,0,27.5,0,27.5,0,27.5,0,26,0.0577,26,0.0577
658988,4,4,0,4,0,4,0,4,0,4,0,4,0,4,0,4,0,4,0,4,0
658989,28.5,28.5,0,28.5,0,28.5,0,28.5,0,28.5,0,28.5,0,28.5,0,28.5,0,27.5,0.0364,27.5,0.0364
658992,12,12,0,12,0,12,0,12,0,12,0,12,0,12,0,,,,,10.5,0.143
658997,,,,,,,,,,,,,,,,,,,,,
659006,12.4,12.4,0,12.4,0,12.4,0,12.4,0,12.4,0,12.4,0,12.4,0,14.5,-0.145,11.9,0.042,14.7,-0.156
659007,6,6,0,6,0,6,0,6,0,6,0,6,0,,,6,0,4.8,0.25,6,0
659014,,,,,,,,,,,,,,,,,,,,,
659017,,,,,,,,,,,,,,,,,,,,,
659018,,,,,,,,,,,,,,,,,,,,,
659028,,,,,,,,,,,,,,,,,,,,,
659036,,,,,,,,,,,,,,,,,,,,,
659042,,,,,,,,,,,,,,,,,,,,,
659048,7.5,7.5,0,7.5,0,,,7.5,0,7.5,0,7.5,0,7.5,0,7.5,0,,,,
659051,,,,,,,,,,,,,,,,,,,,,
659052,46,46,0,46,0,46,0,44.5,0.0337,44.5,0.0337,44.5,0.0337,44.5,0.0337,,,65.5,-0.298,65.5,-0.298
659062,58,58,0,55.5,0.045,55.5,0.045,55.5,0.045,,,,,45,0.289,51,0.137,51,0.137,51,0.137
659066,,,,,,,,,,,,,,,,,,,,,
659067,,,,,,,,,,,,,,,,,,,,,
659077,49,49,0,49,0,49,0,49,0,70,-0.3,70,-0.3,70,-0.3,70,-0.3,70,-0.3,70,-0.3
659952,,,,,,,,,,,,,,,,,,,,,
659955,32,32,0,32,0,32,0,32,0,32,0,32,0,32,0,32,0,28,0.143,28,0.143
659956,32,32,0,32,0,32,0,32,0,32,0,32,0,32,0,32,0,28,0.143,28,0.143
659957,,,,,,,,,,,,,,,,,,,,,
659963,36.5,36.5,0,36.5,0,36.5,0,36.5,0,36.5,0,36.5,0,36.5,0,36.5,0,36.5,0,36.5,0
659964,31,31,0,31,0,31,0,31,0,31,0,31,0,31,0,31,0,31,0,31,0
659965,28.5,28.5,0,28.5,0,28.5,0,28.5,0,28.5,0,28.5,0,28.5,0,28.5,0,28.5,0,28.5,0
659966,24.5,24.5,0,24.5,0,24.5,0,24.5,0,24.5,0,24.5,0,24.5,0,,,,,,
659968,29,29,0,29,0,29,0,29,0,29,0,29,0,29,0,29,0,29,0,29,0
659971,250,250,0,250,0,250,0,250,0,287,-0.129,287,-0.129,287,-0.129,287,-0.129,240,0.0417,270,-0.0741
659974,15.3,15.3,0,15.3,0,15.3,0,15.3,0,15.3,0,15.3,0,15.3,0,15.3,0,19.7,-0.223,19.7,-0.223
659975,,,,,,,,,,,,,,,,,,,,,
659976,15.3,15.3,0,15.3,0,15.3,0,15.3,0,15.3,0,15.3,0,,,15.3,0,22.5,-0.32,22.5,-0.32
659977,18.4,18.4,0,18.4,0,18.4,0,18.4,0,18.4,0,18.4,0,,,18.4,0,25.5,-0.278,25.5,-0.278
659978,,,,,,,,,,,,,,,,,,,,,
659979,,,,,,,,,,,,,,,,,,,,,
659980,,,,,,,,,,,,,,,,,,,,,
659982,,,,,,,,,,,,,,,,,,,,,
659985,25,25,0,25,0,25,0,25,0,25,0,25,0,,,,,39.6,-0.369,39.6,-0.369
659989,20.5,20.5,0,20.5,0,20.5,0,20.5,0,20.5,0,20.5,0,20.5,0,23.9,-0.142,28.5,-0.281,28.5,-0.281
659990,20.5,20.5,0,20.5,0,20.5,0,20.5,0,20.5,0,20.5,0,,,24.9,-0.177,30,-0.317,30,-0.317
659991,20.5,20.5,0,20.5,0,20.5,0,20.5,0,20.5,0,20.5,0,20.5,0,30,-0.317,30,-0.317,30,-0.317
659998,,,,,,,,,,,,,,,,,,,,,
659999,,,,,,,,,,,,,,,,,,,,,
660002,38.5,38.5,0,38.5,0,38.5,0,38.5,0,38.5,0,38.5,0,38.5,0,38.5,0,38.5,0,38.5,0
660012,,,,,,,,,,,,,,,,,,,,,
660018,,,,,,,,,,,,,,,,,,,,,
660022,87.5,87.5,0,87.5,0,87.5,0,87.5,0,87.5,0,87.5,0,87.5,0,,,62,0.411,62,0.411
660023,25,25,0,25,0,25,0,25,0,25,0,25,0,25,0,25,0,25,0,,
660030,48,48,0,48,0,48,0,48,0,48,0,48,0,,,48,0,48,0,48,0
660031,,,,,,,,,,,,,,,,,,,,,
660032,48,48,0,48,0,48,0,48,0,48,0,48,0,,,48,0,48,0,48,0
660038,10,10,0,10,0,10,0,10,0,10,0,8.5,0.176,8.5,0.176,9.9,0.0101,9.9,0.0101,9.9,0.0101
660039,10,10,0,10,0,10,0,10,0,10,0,8.5,0.176,8.5,0.176,9.8,0.0204,9.8,0.0204,11,-0.0909
660040,10,10,0,10,0,10,0,10,0,10,0,8.5,0.176,8.5,0.176,9.8,0.0204,9.8,0.0204,11,-0.0909
660047,39.5,39.5,0,39.5,0,39.5,0,39.5,0,39.5,0,39.5,0,,,39.5,0,39.5,0,36.5,0.0822
660048,39.5,39.5,0,,,,,39.5,0,39.5,0,39.5,0,,,39.5,0,39.5,0,36.5,0.0822
660049,22,22,0,22,0,22,0,22,0,22,0,22,0,,,22,0,22,0,,
660050,,,,,,,,,,,,,,,,,,,,,
660060,30,30,0,30,0,30,0,30,0,30,0,,,,,23,0.304,23,0.304,,
660061,22.5,22.5,0,22.5,0,22.5,0,22.5,0,22.5,0,22.5,0,22.5,0,22.5,0,19.9,0.131,22.5,0
660064,49.9,49.9,0,49.9,0,49.9,0,49.9,0,,,19.9,1.51,49.9,0,49.9,0,49.9,0,49.9,0
660065,38.9,38.9,0,38.9,0,38.9,0,38.9,0,,,,,,,38.9,0,38.9,0,,
660066,22.9,22.9,0,22.9,0,22.9,0,22.9,0,22.9,0,22.9,0,22.9,0,22.9,0,22.9,0,,
660067,23.9,23.9,0,23.9,0,23.9,0,23.9,0,,,,,,,23.9,0,23.9,0,,
660068,,,,,,,,,,,,,,,,,,,,,
660069,61.9,61.9,0,61.9,0,61.9,0,61.9,0,61.9,0,61.9,0,61.9,0,61.9,0,61.9,0,61.9,0
660070,61.9,61.9,0,61.9,0,61.9,0,61.9,0,61.9,0,61.9,0,61.9,0,61.9,0,61.9,0,61.9,0
660071,46.9,46.9,0,46.9,0,46.9,0,46.9,0,46.9,0,46.9,0,46.9,0,46.9,0,46.9,0,,
660081,54,54,0,54,0,,,54,0,54,0,54,0,54,0,92,-0.413,92,-0.413,,
660082,54,54,0,54,0,,,54,0,54,0,54,0,54,0,92,-0.413,92,-0.413,92,-0.413
660084,,,,,,,,,,,,,,,,,,,,,
660086,23,23,0,23,0,23,0,23,0,23,0,23,0,23,0,23,0,23,0,23,0
660088,14.5,14.5,0,14.5,0,14.5,0,14.5,0,14.5,0,14.5,0,14.5,0,,,11.9,0.218,,
660089,22.5,22.5,0,22.5,0,22.5,0,22.5,0,22.5,0,22.5,0,22.5,0,,,22.5,0,22.5,0
660091,36.5,36.5,0,36.5,0,36.5,0,36.5,0,36.5,0,36.5,0,36.5,0,,,,,,
660092,32,32,0,32,0,32,0,32,0,32,0,32,0,32,0,,,,,,
660093,35.5,35.5,0,35.5,0,35.5,0,35.5,0,35.5,0,35.5,0,35.5,0,,,,,,
660094,81,81,0,81,0,81,0,81,0,81,0,81,0,81,0,81,0,81,0,70.5,0.149
660096,116,116,0,116,0,116,0,116,0,116,0,116,0,116,0,116,0,116,0,,
660100,,,,,,,,,,,,,,,,,,,,,
660109,67.9,67.9,0,67.9,0,67.9,0,67.9,0,,,,,,,,,,,,
660113,61.3,61.3,0,61.3,0,,,,,,,,,,,61.3,0,61.3,0,61.3,0
660118,,,,,,,,,,,,,,,,,,,,,
660122,,,,,,,,,,,,,,,,,,,,,
660123,,,,,,,,,,,,,,,,,,,,,
660124,44.9,44.9,0,44.9,0,44.9,0,44.9,0,,,,,,,,,,,,
660142,80.9,80.9,0,80.9,0,80.9,0,80.9,0,80.9,0,80.9,0,,,,,,,,
660143,49.9,49.9,0,49.9,0,49.9,0,45,0.109,45,0.109,45,0.109,,,,,,,,
660144,38.9,,,,,38.9,0,35.9,0.0836,35.9,0.0836,35.9,0.0836,34.9,0.115,,,,,,
660147,42.3,42.3,0,42.3,0,42.3,0,42.3,0,42.3,0,42.3,0,42.3,0,,,,,,
660149,38,38,0,38,0,38,0,38,0,38,0,38,0,38,0,,,,,,
660151,38,38,0,38,0,38,0,38,0,38,0,38,0,38,0,,,,,,
660153,11.9,11.9,0,11.9,0,11.9,0,11.9,0,11.9,0,11.9,0,11.9,0,,,,,,
660154,21.3,21.3,0,21.3,0,21.3,0,21.3,0,21.3,0,21.3,0,21.3,0,,,,,,
660159,5,5,0,5,0,5,0,5,0,5,0,5,0,5,0,,,,,,
660162,11.9,11.9,0,11.9,0,11.9,0,11.9,0,11.9,0,11.9,0,,,,,,,,
660164,21.3,21.3,0,21.3,0,21.3,0,21.3,0,21.3,0,21.3,0,21.3,0,,,,,,
660166,8,8,0,8,0,8,0,8,0,8,0,8,0,8,0,,,,,,
660169,,,,,,,,,,,,,,,,,,,,,
660172,,,,,,,,,,,,,,,,,,,,,
660180,10,10,0,10,0,10,0,10,0,10,0,10,0,10,0,10,0,13,-0.231,13,-0.231
660186,6,6,0,,,6,0,6,0,6,0,6,0,6,0,,,,,,
660189,20,20,0,20,0,20,0,20,0,20,0,20,0,20,0,,,,,,
660192,24,24,0,24,0,24,0,24,0,24,0,24,0,24,0,,,,,,
660193,10.7,10.7,0,10.7,0,10.7,0,10.7,0,,,10.7,0,10.7,0,,,,,,
660197,106,106,0,106,0,106,0,106,0,106,0,106,0,106,0,,,,,,
660199,25.9,25.9,0,25.9,0,25.9,0,25.9,0,25.9,0,25.9,0,,,,,,,,
660200,,,,,,,,,,,,,,,,,,,,,
660203,10.9,10.9,0,10.9,0,10.9,0,10.9,0,10.9,0,10.9,0,10.9,0,10.9,0,10.9,0,10.9,0
660207,25.9,25.9,0,25.9,0,25.9,0,25.9,0,25.9,0,25.9,0,24.9,0.0402,,,,,,
660212,26,26,0,26,0,26,0,26,0,26,0,26,0,26,0,26,0,26,0,26,0
660220,26,26,0,26,0,30.9,-0.159,30.9,-0.159,30.9,-0.159,30.9,-0.159,29,-0.103,,,,,,
660221,36.9,36.9,0,36.9,0,36.9,0,34.9,0.0573,34.9,0.0573,34.9,0.0573,33.9,0.0885,,,,,,
660224,27.9,27.9,0,27.9,0,27.9,0,27.9,0,27.9,0,,,,,,,,,,
660225,45.9,45.9,0,45.9,0,45.9,0,45.9,0,45.9,0,45.9,0,,,,,,,,
660229,17,17,0,17,0,17,0,17,0,17,0,17,0,18.3,-0.071,,,,,,
660230,,,,,,,,,,,,,,,,,,,,,
660231,37.9,37.9,0,37.9,0,37.9,0,37.9,0,37.9,0,37.9,0,,,,,,,,
660234,38.9,,,,,,,,,,,,,,,,,,,,
660235,46.9,46.9,0,46.9,0,46.9,0,46.9,0,46.9,0,46.9,0,46.9,0,,,,,,
660236,20.9,20.9,0,20.9,0,20.9,0,20.9,0,20.9,0,20.9,0,20.9,0,,,,,,
660246,31.5,31.5,0,31.5,0,31.5,0,,,,,31.5,0,27,0.167,,,,,,
660247,31.5,31.5,0,31.5,0,31.5,0,31.5,0,31.5,0,31.5,0,31.5,0,,,,,,
660248,21,21,0,21,0,21,0,21,0,21,0,21,0,,,,,,,,
660249,6.6,6.6,0,6.6,0,6.6,0,6.6,0,6.6,0,6.6,0,6.5,0.0154,,,,,,
660250,6.6,6.6,0,6.6,0,6.6,0,6.6,0,6.6,0,6.6,0,6.5,0.0154,,,,,,
660251,6.6,6.6,0,6.6,0,6.6,0,6.6,0,6.6,0,6.6,0,6.5,0.0154,,,,,,
660252,6.6,6.6,0,6.6,0,6.6,0,6.6,0,6.6,0,6.6,0,6.5,0.0154,,,,,,
660253,17,17,0,,,,,17.5,-0.0286,17.5,-0.0286,,,17.5,-0.0286,,,,,,
660254,255,255,0,255,0,255,0,255,0,255,0,195,0.308,215,0.186,,,,,,
660255,37.4,37.4,0,37.4,0,37.4,0,37.4,0,37.4,0,,,,,,,,,,
660256,37.4,37.4,0,37.4,0,37.4,0,37.4,0,37.4,0,,,,,,,,,,
660257,37.4,37.4,0,37.4,0,37.4,0,37.4,0,,,,,,,,,,,,
660258,62.5,62.5,0,62.5,0,62.5,0,62.5,0,62.5,0,62.5,0,62.5,0,,,,,,
660259,62.5,62.5,0,62.5,0,62.5,0,62.5,0,62.5,0,62.5,0,62.5,0,,,,,,
660260,85,85,0,85,0,85,0,85,0,85,0,85,0,85,0,,,,,,
660261,,,,,,,,,,,,,,,,,,,,,
660262,62.5,62.5,0,62.5,0,62.5,0,62.5,0,62.5,0,62.5,0,62.5,0,,,,,,
660264,288,288,0,288,0,288,0,288,0,,,,,288,0,,,,,,
660265,288,288,0,288,0,288,0,,,288,0,288,0,288,0,,,,,,
660266,288,288,0,288,0,288,0,288,0,288,0,288,0,288,0,,,,,,
660267,288,288,0,288,0,288,0,288,0,288,0,288,0,288,0,,,,,,
660272,70,70,0,70,0,70,0,65.9,0.0622,87.5,-0.2,,,53,0.321,,,,,,
660276,72.5,72.5,0,72.5,0,72.5,0,72.5,0,72.5,0,72.5,0,72.5,0,,,,,,
660277,99,99,0,99,0,99,0,99,0,99,0,99,0,99,0,,,,,,
660278,72,72,0,72,0,72,0,72,0,72,0,72,0,72,0,,,,,,
660279,63.8,63.8,0,63.8,0,63.8,0,63.8,0,63.8,0,63.8,0,63.8,0,,,,,,
660287,22.5,22.5,0,22.5,0,22.5,0,22.5,0,22.5,0,22.5,0,,,,,,,,
660288,32,32,0,32,0,32,0,32,0,32,0,32,0,32,0,,,,,,
660289,47.5,47.5,0,47.5,0,47.5,0,47.5,0,47.5,0,47.5,0,47.5,0,,,,,,
660290,42.5,42.5,0,42.5,0,42.5,0,,,,,,,42.5,0,,,,,,
660291,42.5,42.5,0,42.5,0,42.5,0,,,,,,,,,,,,,,
660292,20.8,20.8,0,20.8,0,20.8,0,20.8,0,20.8,0,20.8,0,,,,,,,,
660299,37.5,37.5,0,37.5,0,37.5,0,,,,,37.5,0,,,,,,,,
660307,42.5,42.5,0,42.5,0,42.5,0,,,,,,,,,,,,,,
660308,42.5,42.5,0,42.5,0,42.5,0,,,,,42.5,0,,,,,,,,
660309,43.8,43.8,0,43.8,0,43.8,0,43.8,0,43.8,0,,,,,,,,,,
660310,42,42,0,42,0,42,0,42,0,42,0,32,0.312,,,,,,,,
660311,18,18,0,18,0,18,0,,,18,0,18,0,,,,,,,,
660312,25,25,0,25,0,25,0,,,,,18,0.389,,,,,,,,
660313,35,35,0,35,0,35,0,35,0,35,0,24,0.458,,,,,,,,
660314,49.9,49.9,0,49.9,0,49.9,0,49.9,0,49.9,0,,,,,,,,,,
660315,33,33,0,33,0,33,0,33,0,,,33,0,,,,,,,,
660316,135,135,0,135,0,135,0,135,0,135,0,,,,,,,,,,
660320,135,135,0,135,0,135,0,135,0,135,0,,,,,,,,,,
660321,56,56,0,56,0,56,0,56,0,56,0,56,0,,,,,,,,
660322,39.9,39.9,0,39.9,0,39.9,0,39.9,0,39.9,0,,,,,,,,,,
660323,,,,,,,,,,,,,,,,,,,,,
660324,,,,,,,,,,,,,,,,,,,,,
660325,,,,,,,,,,,,,,,,,,,,,
660326,64.8,64.8,0,64.8,0,64.8,0,64.8,0,64.8,0,64.8,0,,,,,,,,
660327,48,48,0,48,0,48,0,48,0,48,0,48,0,,,,,,,,
660328,46.8,46.8,0,46.8,0,46.8,0,46.8,0,46.8,0,46.8,0,,,,,,,,
660329,22.1,22.1,0,22.1,0,22.1,0,22.1,0,22.1,0,22.1,0,,,,,,,,
660330,,,,,,,,,,,,,,,,,,,,,
660331,22.1,22.1,0,22.1,0,22.1,0,22.1,0,22.1,0,22.1,0,,,,,,,,
660334,19,19,0,,,,,20,-0.05,20,-0.05,20,-0.05,,,,,,,,
660335,11.2,11.2,0,11.2,0,11.2,0,11.2,0,,,,,,,,,,,,
660336,10.2,10.2,0,10.2,0,10.2,0,9.3,0.0968,,,,,,,,,,,,
660337,6.8,6.8,0,6.8,0,6.8,0,6.8,0,,,,,,,,,,,,
660338,8.9,8.9,0,8.9,0,8.9,0,8.9,0,,,,,,,,,,,,
660339,33.9,33.9,0,33.9,0,33.9,0,33.9,0,,,,,,,,,,,,
660340,44.7,44.7,0,44.7,0,44.7,0,44.7,0,,,,,,,,,,,,
660341,29.5,29.5,0,29.5,0,29.5,0,25.8,0.143,,,,,,,,,,,,
660342,,,,,,,,,,,,,,,,,,,,,
660343,,,,,,,,,,,,,,,,,,,,,
660345,23.9,23.9,0,23.9,0,23.9,0,23.9,0,,,,,,,,,,,,
660346,,,,,,,,,,,,,,,,,,,,,
660347,,,,,,,,,,,,,,,,,,,,,
660348,,,,,,,,,,,,,,,,,,,,,
660349,,,,,,,,,,,,,,,,,,,,,
660358,,,,,,,,,,,,,,,,,,,,,
660359,16.7,16.7,0,16.7,0,16.7,0,16.7,0,,,19,-0.121,,,,,,,,
660360,7.9,7.9,0,7.9,0,7.9,0,7.9,0,,,9,-0.122,,,,,,,,
660361,30.2,30.2,0,30.2,0,30.2,0,30.2,0,30.2,0,,,,,,,,,,
660362,22.7,22.7,0,22.7,0,22.7,0,22.7,0,22.7,0,,,,,,,,,,
660364,42.9,42.9,0,42.9,0,42.9,0,42,0.0214,46.9,-0.0853,,,,,,,,,,
660365,18.2,18.2,0,18.2,0,18.2,0,18.2,0,18.2,0,,,,,,,,,,
660366,11,11,0,11,0,11,0,11,0,,,,,,,,,,,,
660367,21.5,21.5,0,21.5,0,21.5,0,21.5,0,21.5,0,,,,,,,,,,
660368,18,18,0,18,0,18,0,18,0,18,0,,,,,,,,,,
660369,,,,,,,,,,,,,,,,,,,,,
660370,15,15,0,15,0,15,0,15,0,15,0,,,,,,,,,,
660371,24.5,24.5,0,24.5,0,24.5,0,24.5,0,24.5,0,,,,,,,,,,
660372,42.9,42.9,0,42.9,0,42.9,0,39.9,0.0752,39.9,0.0752,,,,,,,,,,
660373,49.9,49.9,0,49.9,0,49.9,0,49.9,0,49.9,0,,,,,,,,,,
660374,49.9,49.9,0,49.9,0,49.9,0,49.9,0,49.9,0,,,,,,,,,,
660375,94.9,94.9,0,94.9,0,94.9,0,94.9,0,94.9,0,,,,,,,,,,
660376,32,32,0,32,0,32,0,32,0,32,0,,,,,,,,,,
660377,,,,,,,,,,,,,,,,,,,,,
660378,14.5,14.5,0,14.5,0,14.5,0,14.5,0,14,0.0357,,,,,,,,,,
660379,14.5,14.5,0,14.5,0,14.5,0,14.5,0,14,0.0357,,,,,,,,,,
660380,,,,,,,,,,,,,,,,,,,,,
660381,,,,,,,,,,,,,,,,,,,,,
660382,8.5,8.5,0,8.5,0,8.5,0,8.5,0,8,0.0625,,,,,,,,,,
660389,94,94,0,94,0,94,0,94,0,,,,,,,,,,,,
660432,63,63,0,63,0,63,0,63,0,,,,,,,,,,,,
660433,30,30,0,,,,,,,,,,,,,,,,,,
660434,62.5,62.5,0,,,,,,,,,,,,,,,,,,
660435,55,55,0,,,,,,,,,,,,,,,,,,
660437,60,60,0,,,,,,,,,,,,,,,,,,
660438,41.5,41.5,0,,,,,,,,,,,,,,,,,,
660439,56.3,56.3,0,,,,,,,,,,,,,,,,,,
660440,56.9,56.9,0,,,,,,,,,,,,,,,,,,
660441,56.9,56.9,0,,,,,,,,,,,,,,,,,,
660442,56.9,56.9,0,,,,,,,,,,,,,,,,,,
660447,46.9,46.9,0,46.9,0,46.9,0,,,,,,,,,,,,,,
660448,25.9,25.9,0,25.9,0,25.9,0,,,,,,,,,,,,,,
660450,11.1,11.1,0,11.1,0,11.1,0,11.5,-0.0348,,,,,,,,,,,,
660451,14.4,14.4,0,16.5,-0.127,16.5,-0.127,16.5,-0.127,,,,,,,,,,,,
660454,25,,,,,,,,,,,,,,,,,,,,
660455,22.9,,,,,,,,,,,,,,,,,,,,
660459,45.5,,,,,,,,,,,,,,,,,,,,
660462,140,,,,,,,,,,,,,,,,,,,,
660548,58.9,58.9,0,58.9,0,58.9,0,58.9,0,58.9,0,58.9,0,58.9,0,58.9,0,57.5,0.0243,57.5,0.0243
660711,,,,,,,,,,,,,,,,,,,,,
661151,77.4,77.4,0,77.4,0,77.4,0,77.4,0,77.4,0,65,0.191,65,0.191,68.8,0.125,89.3,-0.133,89.2,-0.132
661297,,,,,,,,,,,,,,,,,,,,,
661422,19.9,19.9,0,19.9,0,19.9,0,26.5,-0.249,26.5,-0.249,26,-0.235,26,-0.235,26.5,-0.249,26.5,-0.249,29.9,-0.334
661438,9.9,9.9,0,9.9,0,9.9,0,9.9,0,9.9,0,9.9,0,9.9,0,9.9,0,9.9,0,9.9,0
661453,11.5,11.5,0,11.5,0,11.5,0,11.5,0,11.5,0,8.9,0.292,,,11.3,0.0177,11.3,0.0177,11.3,0.0177
661478,44.9,44.9,0,44.9,0,44.9,0,44.9,0,44.9,0,46.9,-0.0426,46.9,-0.0426,46.9,-0.0426,,,49,-0.0837
661519,12,12,0,12,0,12,0,12,0,12,0,12,0,12,0,15,-0.2,15,-0.2,15,-0.2
661653,42,42,0,42,0,42,0,42,0,42,0,42,0,40,0.05,40,0.05,40,0.05,40,0.05
661654,,,,,,,,,,,,,,,,,,,,,
661655,,,,,,,,,,,,,,,,,,,,,
661771,,,,,,,,,,,,,,,,,,,,,
661845,26,26,0,26,0,26,0,26,0,26,0,26,0,,,26,0,26,0,,
661852,20,20,0,20,0,20,0,20,0,20,0,20,0,20,0,20,0,20,0,20,0
661891,,,,,,,,,,,,,,,,,,,,,
661892,,,,,,,,,,,,,,,,,,,,,
661895,,,,,,,,,,,,,,,,,,,,,
661896,,,,,,,,,,,,,,,,,,,,,
661897,,,,,,,,,,,,,,,,,,,,,
661898,599,599,0,599,0,599,0,599,0,599,0,,,,,,,,,489,0.225
661904,,,,,,,,,,,,,,,,,,,,,
661907,,,,,,,,,,,,,,,,,,,,,
661960,13,13,0,13,0,13,0,13,0,13,0,13,0,13,0,13,0,13,0,13,0
662140,11.5,11.5,0,11.5,0,11.5,0,11.5,0,,,9.5,0.211,,,,,11.3,0.0177,11.3,0.0177
662141,11.5,,,,,,,,,,,,,,,11.3,0.0177,11.3,0.0177,11.3,0.0177
662142,11.5,11.5,0,11.5,0,11.5,0,11.5,0,11.5,0,8.9,0.292,8.9,0.292,11.3,0.0177,11.3,0.0177,11.3,0.0177
662145,11.5,11.5,0,11.5,0,11.5,0,11.5,0,,,9.5,0.211,9.5,0.211,11.3,0.0177,11.3,0.0177,11.3,0.0177
664527,,,,,,,,,,,,,,,,,,,,,
664796,89,89,0,89,0,89,0,89,0,89,0,89,0,89,0,,,,,,
664797,29.5,29.5,0,29.5,0,29.5,0,29.5,0,26.5,0.113,26.5,0.113,26.5,0.113,,,,,,
664798,257,257,0,257,0,257,0,,,257,0,240,0.0708,240,0.0708,,,,,,
664799,25.9,25.9,0,25.9,0,25.9,0,19.9,0.302,25.9,0,25.9,0,24.9,0.0402,27.9,-0.0717,,,,
664800,25.9,25.9,0,25.9,0,25.9,0,19.9,0.302,25.9,0,25.9,0,24.9,0.0402,27.9,-0.0717,,,,
664813,218,218,0,218,0,218,0,218,0,218,0,199,0.0955,199,0.0955,,,,,,
664814,62.5,62.5,0,62.5,0,62.5,0,62.5,0,62.5,0,62.5,0,62.5,0,,,,,,
664815,62.5,62.5,0,62.5,0,62.5,0,62.5,0,62.5,0,62.5,0,62.5,0,,,,,,
664816,62.5,62.5,0,62.5,0,62.5,0,62.5,0,62.5,0,62.5,0,62.5,0,,,,,,
664817,,,,,,,,,,,,,,,,,,,,,
664818,62.5,62.5,0,62.5,0,62.5,0,62.5,0,,,,,,,,,,,,
664819,50,50,0,50,0,50,0,50,0,50,0,50,0,50,0,,,,,,
664820,50,50,0,50,0,50,0,50,0,50,0,50,0,50,0,,,,,,
664821,50,50,0,,,50,0,50,0,50,0,50,0,50,0,,,,,,
664822,50,50,0,50,0,50,0,50,0,50,0,50,0,50,0,,,,,,
664825,37.5,37.5,0,37.5,0,37.5,0,37.5,0,37.5,0,37.5,0,37.5,0,,,39.9,-0.0602,,
664894,31.9,31.9,0,31.9,0,31.9,0,29.9,0.0669,29.9,0.0669,29.9,0.0669,28.9,0.104,31.9,0,,,,
664895,30.9,30.9,0,30.9,0,30.9,0,29,0.0655,29,0.0655,29,0.0655,29,0.0655,29,0.0655,,,,
664896,,,,,,,,,,,,,,,,,,,,,
664897,25.9,25.9,0,25.9,0,25.9,0,24.9,0.0402,24.9,0.0402,24.9,0.0402,24.9,0.0402,,,,,,
664898,53.9,53.9,0,53.9,0,53.9,0,53.9,0,53.9,0,53.9,0,52.5,0.0267,52.5,0.0267,,,,
664899,77.9,77.9,0,77.9,0,77.9,0,73.9,0.0541,73.9,0.0541,73.9,0.0541,68,0.146,68,0.146,,,,
664900,77.9,,,,,,,,,,,,,,,,,,,,
664902,77.9,77.9,0,77.9,0,77.9,0,73.9,0.0541,73.9,0.0541,73.9,0.0541,68,0.146,,,,,,
664904,66,66,0,66,0,66,0,66,0,66,0,66,0,80,-0.175,,,,,,
664905,88,88,0,88,0,88,0,88,0,88,0,88,0,110,-0.2,,,,,,
664906,82.5,82.5,0,82.5,0,82.5,0,82.5,0,82.5,0,82.5,0,103,-0.199,,,,,,
665026,,,,,,,,,,,,,,,,,,,,,
665027,,,,,,,,,,,,,,,,,,,,,
665029,,,,,,,,,,,,,,,,,,,,,
665030,,,,,,,,,,,,,,,,,,,,,
665057,,,,,,,,,,,,,,,,,,,,,
665066,29.5,29.5,0,29.5,0,29.5,0,29.5,0,29.5,0,,,,,29.5,0,29.5,0,29.5,0
665067,29.5,29.5,0,29.5,0,29.5,0,29.5,0,29.5,0,29.5,0,29.5,0,29.5,0,29.5,0,29.5,0
665068,50,50,0,50,0,,,40.9,0.222,40.9,0.222,50,0,44.9,0.114,50,0,44.9,0.114,42.9,0.166
665246,81,81,0,81,0,81,0,81,0,81,0,81,0,,,68,0.191,,,,
665541,,,,,,,,,,,,,,,,,,,,,
665853,25.9,25.9,0,25.9,0,25.9,0,25.9,0,25.9,0,25.9,0,26.4,-0.0189,35.4,-0.268,28,-0.075,32,-0.191
665876,,,,,,,,,,,,,,,,,,,,,
665878,,,,,,,,,,,,,,,,,,,,,
666102,72,72,0,72,0,72,0,,,,,57.6,0.25,,,72,0,,,,
666103,75,75,0,75,0,,,,,75,0,75,0,,,75,0,,,,
666109,42.9,42.9,0,42.9,0,42.9,0,42.9,0,42.9,0,42.9,0,42.9,0,42.9,0,42.9,0,46,-0.0674
666112,68.6,68.6,0,68.6,0,68.6,0,50,0.372,50,0.372,64.9,0.057,64.9,0.057,65,0.0554,65,0.0554,48.7,0.409
666127,27.9,27.9,0,27.9,0,27.9,0,25.9,0.0772,25.9,0.0772,25.9,0.0772,24.9,0.12,27.9,0,31.9,-0.125,39.9,-0.301
666129,27.9,27.9,0,27.9,0,27.9,0,25.9,0.0772,25.9,0.0772,25.9,0.0772,24.9,0.12,27.9,0,31.9,-0.125,33.9,-0.177
666133,,,,,,,,,,,,,,,,,,,,,
666135,25,25,0,25,0,25,0,25,0,25,0,25,0,25,0,25,0,25,0,25,0
666136,60,60,0,60,0,60,0,60,0,60,0,60,0,,,63,-0.0476,63,-0.0476,63,-0.0476
666137,60,60,0,60,0,60,0,60,0,60,0,60,0,60,0,63,-0.0476,63,-0.0476,63,-0.0476
666140,51,51,0,51,0,51,0,51,0,51,0,51,0,51,0,53,-0.0377,53,-0.0377,53,-0.0377
666141,,,,,,,,,,,,,,,,,,,,,
666146,74.8,74.8,0,74.8,0,74.8,0,74.8,0,74.8,0,74.8,0,74.8,0,,,74.8,0,74.8,0
666154,15,15,0,15,0,15,0,,,,,,,,,20,-0.25,20,-0.25,20,-0.25
666157,,,,,,,,,,,,,,,,,,,,,
666161,13.7,13.7,0,13.7,0,13.7,0,13.7,0,13.7,0,13.7,0,,,13.7,0,13.7,0,13.7,0
666162,25,25,0,25,0,25,0,25,0,25,0,25,0,25,0,25.2,-0.00794,25.2,-0.00794,25.2,-0.00794
666163,42,42,0,42,0,42,0,42,0,42,0,42,0,42,0,42.3,-0.00709,42.3,-0.00709,42.3,-0.00709
666196,,,,,,,,,,,,,,,,,,,,,
666201,,,,,,,,,,,,,,,,,,,,,
666247,,,,,,,,,,,,,,,,,,,,,
666249,,,,,,,,,,,,,,,,,,,,,
666256,,,,,,,,,,,,,,,,,,,,,
666290,29.9,29.9,0,36.9,-0.19,36.9,-0.19,36.9,-0.19,36.9,-0.19,27.7,0.0794,29.5,0.0136,37,-0.192,37,-0.192,42,-0.288
666299,85,85,0,,,85,0,85,0,85,0,85,0,66.5,0.278,85,0,85,0,,
666300,63,63,0,63,0,63,0,63,0,63,0,63,0,49.9,0.263,63,0,63,0,63,0
666302,66,66,0,66,0,66,0,66,0,73,-0.0959,73,-0.0959,73,-0.0959,73,-0.0959,73,-0.0959,73,-0.0959
666306,21.8,21.8,0,21.8,0,21.8,0,21.8,0,21.8,0,21.8,0,21.8,0,21.8,0,21.8,0,19.1,0.141
666309,18.3,18.3,0,18.3,0,18.3,0,18.3,0,18.3,0,18.3,0,18.3,0,18.3,0,18.3,0,18.3,0
666310,22.4,22.4,0,22.4,0,22.4,0,22.4,0,22.4,0,22.4,0,22.4,0,22.4,0,22.4,0,22.4,0
666311,26.5,26.5,0,26.5,0,26.5,0,26.5,0,26.5,0,26.5,0,26.5,0,26.5,0,26.5,0,26.5,0
666321,42.9,42.9,0,42.9,0,42.9,0,42.9,0,42.9,0,42.9,0,42.9,0,42.9,0,42.9,0,46,-0.0674
666326,43.3,43.3,0,43.3,0,43.3,0,43.3,0,43.3,0,43.3,0,43.3,0,43.3,0,43.3,0,46.5,-0.0688
666327,43.3,43.3,0,43.3,0,43.3,0,43.3,0,43.3,0,43.3,0,43.3,0,43.3,0,43.3,0,46.5,-0.0688
666330,61,61,0,61,0,61,0,61,0,61,0,61,0,61,0,61,0,61,0,61,0
666333,191,191,0,191,0,191,0,191,0,191,0,191,0,191,0,191,0,191,0,191,0
666334,,,,,,,,,,,,,,,,,,,,,
666361,22.2,22.2,0,22.2,0,22.2,0,22.2,0,22.2,0,22.2,0,22.2,0,,,22.2,0,22.2,0
666369,25.5,25.5,0,25.5,0,25.5,0,25.5,0,,,,,,,,,,,,
666386,31.9,31.9,0,31.9,0,31.9,0,34,-0.0618,34,-0.0618,34,-0.0618,34,-0.0618,34,-0.0618,41.9,-0.239,41.9,-0.239
666390,43,43,0,43,0,43,0,43,0,43,0,39,0.103,39,0.103,39,0.103,48.9,-0.121,55.5,-0.225
666401,,,,,,,,,,,,,,,,,,,,,
666403,,,,,,,,,,,,,,,,,,,,,
666404,,,,,,,,,,,,,,,,,,,,,
666407,,,,,,,,,,,,,,,,,,,,,
666408,17,17,0,17,0,17,0,17,0,17,0,17,0,17,0,17,0,17,0,,
666410,17.5,17.5,0,17.5,0,17.5,0,17.5,0,17.5,0,17.5,0,17.5,0,17.5,0,,,,
666412,,,,,,,,,,,,,,,,,,,,,
666413,,,,,,,,,,,,,,,,,,,,,
666415,,,,,,,,,,,,,,,,,,,,,
666421,,,,,,,,,,,,,,,,,,,,,
666436,33,33,0,33,0,33,0,33,0,33,0,28.9,0.142,24.2,0.364,28.9,0.142,27.5,0.2,29.9,0.104
666437,33,33,0,33,0,33,0,28,0.179,33,0,28.9,0.142,28.9,0.142,28.9,0.142,41.4,-0.203,41.4,-0.203
666449,28,28,0,31.9,-0.122,31.9,-0.122,28.7,-0.0244,28.7,-0.0244,31.9,-0.122,31.9,-0.122,32,-0.125,32,-0.125,,
666451,38.9,38.9,0,38.9,0,38.9,0,38.9,0,38.9,0,38.9,0,38.9,0,38.9,0,38.9,0,41.9,-0.0716
666468,26,26,0,26,0,26,0,22,0.182,26,0,23.6,0.102,,,23.6,0.102,34.1,-0.238,34,-0.235
666481,25,25,0,25,0,25,0,25,0,25,0,25,0,25,0,25,0,22,0.136,22,0.136
666482,,,,,,,,,,,,,,,,,,,,,
666488,5.8,5.8,0,5.8,0,5.8,0,5.8,0,5.8,0,,,5.8,0,5.8,0,5.8,0,5.8,0
666489,12.8,12.8,0,12.8,0,12.8,0,12.8,0,12.8,0,12.8,0,12.8,0,12.8,0,12.8,0,12.8,0
666490,20,20,0,,,20,0,20,0,20,0,,,20,0,20,0,20,0,19.2,0.0417
666491,28,28,0,28,0,28,0,,,,,,,28,0,28,0,28,0,,
666492,7.9,7.9,0,7.9,0,7.9,0,7.9,0,7.9,0,,,7.9,0,7.9,0,7.9,0,,
666505,31.9,31.9,0,31.9,0,31.9,0,29.9,0.0669,29.9,0.0669,,,,,34,-0.0618,41.9,-0.239,41.9,-0.239
666513,75,75,0,75,0,75,0,75,0,75,0,75,0,75,0,,,75,0,75,0
666516,,,,,,,,,,,,,,,,,,,,,
666528,35.5,35.5,0,35.5,0,,,35.5,0,35.5,0,35.5,0,35.5,0,35.5,0,35.5,0,35.5,0
666529,35.5,35.5,0,35.5,0,35.5,0,35.5,0,35.5,0,35.5,0,35.5,0,35.5,0,35.5,0,,
666530,35.5,35.5,0,35.5,0,35.5,0,35.5,0,35.5,0,35.5,0,35.5,0,35.5,0,35.5,0,35.5,0
666531,35.5,35.5,0,35.5,0,35.5,0,35.5,0,35.5,0,35.5,0,35.5,0,35.5,0,35.5,0,,
666534,35.5,35.5,0,35.5,0,35.5,0,35.5,0,35.5,0,35.5,0,35.5,0,35.5,0,35.5,0,35.5,0
666535,35.5,35.5,0,35.5,0,35.5,0,35.5,0,35.5,0,35.5,0,35.5,0,35.5,0,,,35.5,0
666536,35.5,35.5,0,35.5,0,35.5,0,35.5,0,35.5,0,35.5,0,35.5,0,35.5,0,35.5,0,,
666537,35.5,35.5,0,35.5,0,35.5,0,35.5,0,35.5,0,35.5,0,35.5,0,35.5,0,35.5,0,35.5,0
666540,35.5,35.5,0,35.5,0,35.5,0,35.5,0,35.5,0,,,35.5,0,35.5,0,35.5,0,35.5,0
666542,35.5,35.5,0,35.5,0,35.5,0,35.5,0,35.5,0,35.5,0,35.5,0,,,35.5,0,35.5,0
666543,35.5,35.5,0,35.5,0,35.5,0,35.5,0,35.5,0,35.5,0,35.5,0,35.5,0,35.5,0,,
666549,35.5,35.5,0,35.5,0,35.5,0,35.5,0,35.5,0,35.5,0,35.5,0,35.5,0,35.5,0,35.5,0
666550,35.5,35.5,0,35.5,0,35.5,0,35.5,0,35.5,0,35.5,0,35.5,0,,,35.5,0,35.5,0
666553,35.5,35.5,0,35.5,0,35.5,0,35.5,0,35.5,0,35.5,0,35.5,0,35.5,0,35.5,0,,
666559,,,,,,,,,,,,,,,,,,,,,
666565,19,19,0,19,0,19,0,19,0,19,0,19,0,19,0,19,0,14.5,0.31,14.5,0.31
666586,,,,,,,,,,,,,,,,,,,,,
666587,,,,,,,,,,,,,,,,,,,,,
666588,,,,,,,,,,,,,,,,,,,,,
666596,46.9,46.9,0,46.9,0,46.9,0,46.9,0,46.9,0,46.9,0,46.9,0,46.9,0,,,46.9,0
666597,46.9,46.9,0,46.9,0,46.9,0,46.9,0,46.9,0,46.9,0,46.9,0,46.9,0,46.9,0,46.9,0
666598,46.9,46.9,0,46.9,0,46.9,0,46.9,0,46.9,0,46.9,0,46.9,0,46.9,0,46.9,0,46.9,0
666600,,,,,,,,,,,,,,,,,,,,,
666602,46.9,46.9,0,46.9,0,46.9,0,46.9,0,46.9,0,46.9,0,46.9,0,46.9,0,46.9,0,46.9,0
666603,46.9,46.9,0,46.9,0,46.9,0,46.9,0,46.9,0,46.9,0,46.9,0,46.9,0,,,46.9,0
666604,46.9,46.9,0,46.9,0,46.9,0,46.9,0,46.9,0,46.9,0,46.9,0,46.9,0,46.9,0,46.9,0
666605,46.9,46.9,0,46.9,0,46.9,0,46.9,0,46.9,0,46.9,0,46.9,0,46.9,0,46.9,0,46.9,0
666606,46.9,46.9,0,46.9,0,46.9,0,46.9,0,46.9,0,46.9,0,46.9,0,46.9,0,46.9,0,46.9,0
666607,46.9,46.9,0,46.9,0,46.9,0,46.9,0,46.9,0,46.9,0,46.9,0,46.9,0,46.9,0,46.9,0
666608,46.9,46.9,0,46.9,0,46.9,0,46.9,0,46.9,0,46.9,0,46.9,0,46.9,0,46.9,0,46.9,0
666610,46.9,46.9,0,46.9,0,46.9,0,46.9,0,46.9,0,46.9,0,46.9,0,46.9,0,46.9,0,46.9,0
666611,46.9,46.9,0,46.9,0,46.9,0,46.9,0,46.9,0,46.9,0,46.9,0,46.9,0,46.9,0,46.9,0
666612,46.9,46.9,0,46.9,0,46.9,0,46.9,0,,,46.9,0,46.9,0,46.9,0,46.9,0,46.9,0
666614,46.9,46.9,0,46.9,0,46.9,0,46.9,0,46.9,0,46.9,0,46.9,0,46.9,0,46.9,0,46.9,0
666617,21.5,21.5,0,21.5,0,21.5,0,21.5,0,,,21.5,0,21.5,0,,,,,,
666633,55.9,55.9,0,55.9,0,55.9,0,55.9,0,55.9,0,55.9,0,59.4,-0.0589,59.4,-0.0589,59.4,-0.0589,64.5,-0.133
666635,102,102,0,102,0,102,0,102,0,102,0,102,0,102,0,102,0,,,,
666644,,,,,,,,,,,,,,,,,,,,,
666654,127,127,0,127,0,127,0,127,0,127,0,127,0,127,0,127,0,127,0,140,-0.0929
666666,106,106,0,106,0,106,0,106,0,106,0,106,0,,,113,-0.0619,113,-0.0619,113,-0.0619
666667,123,123,0,123,0,123,0,123,0,123,0,123,0,,,136,-0.0956,136,-0.0956,136,-0.0956
666668,38.7,38.7,0,38.7,0,38.7,0,38.7,0,38.7,0,38.7,0,46.2,-0.162,46.2,-0.162,46.2,-0.162,46.2,-0.162
666671,,,,,,,,,,,,,,,,,,,,,
666689,25,25,0,25,0,25,0,25,0,25,0,,,25,0,,,24,0.0417,,
666690,42,42,0,42,0,,,42,0,42,0,,,42,0,42.3,-0.00709,42.3,-0.00709,42.3,-0.00709
666692,87.5,87.5,0,87.5,0,87.5,0,87.5,0,87.5,0,87.5,0,87.5,0,87.5,0,87.5,0,98.3,-0.11
666694,,,,,,,,,,,,,,,,,,,,,
666695,,,,,,,,,,,,,,,,,,,,,
666696,,,,,,,,,,,,,,,,,,,,,
666697,268,268,0,268,0,268,0,268,0,268,0,268,0,268,0,268,0,268,0,283,-0.0526
666743,,,,,,,,,,,,,,,,,,,,,
666761,,,,,,,,,,,,,,,,,,,,,
666770,102,102,0,102,0,102,0,102,0,102,0,102,0,102,0,102,0,,,,
666772,87.5,87.5,0,87.5,0,87.5,0,87.5,0,87.5,0,87.5,0,87.5,0,87.5,0,87.5,0,98.3,-0.11
666773,87.5,87.5,0,87.5,0,87.5,0,87.5,0,87.5,0,87.5,0,87.5,0,87.5,0,87.5,0,98.3,-0.11
666774,,,,,,,,,,,,,,,,,,,,,
666775,,,,,,,,,,,,,,,,,,,,,
666787,,,,,,,,,,,,,,,,,,,,,
666799,,,,,,,,,,,,,,,,,,,,,
666800,25,25,0,25,0,25,0,25,0,25,0,25,0,25,0,25,0,25,0,30,-0.167
666812,,,,,,,,,,,,,,,,,,,,,
666813,85.4,85.4,0,85.4,0,85.4,0,79.3,0.0769,79.3,0.0769,76.8,0.112,65.9,0.296,90.7,-0.0584,90.7,-0.0584,,
666818,20.9,20.9,0,20.9,0,20.9,0,20.9,0,20.9,0,20.9,0,20.9,0,21,-0.00476,21,-0.00476,20.9,0
666825,64.9,64.9,0,64.9,0,64.9,0,64.9,0,64.9,0,64.9,0,64.9,0,64.9,0,64.9,0,64.9,0
666828,,,,,,,,,,,,,,,,,,,,,
666836,,,,,,,,,,,,,,,,,,,,,
666839,,,,,,,,,,,,,,,,,,,,,
666840,39,39,0,39,0,39,0,39,0,39,0,39,0,39,0,39,0,39,0,,
666841,39,39,0,39,0,39,0,39,0,39,0,39,0,39,0,39,0,39,0,39,0
666842,39,39,0,39,0,39,0,39,0,39,0,39,0,39,0,39,0,39,0,39,0
666852,8,8,0,8,0,8,0,7,0.143,7,0.143,8,0,8,0,8,0,9,-0.111,9,-0.111
666866,8,8,0,8,0,8,0,8,0,8,0,8,0,8,0,8,0,9,-0.111,9,-0.111
666867,8,8,0,8,0,8,0,8,0,8,0,8,0,8,0,8,0,9,-0.111,9,-0.111
666868,,,,,,,,,,,,,,,,,,,,,
666879,,,,,,,,,,,,,,,,,,,,,
666903,,,,,,,,,,,,,,,,,,,,,
666909,17.5,17.5,0,17.5,0,17.5,0,17.5,0,18,-0.0278,,,,,,,,,,
666910,,,,,,,,,,,,,,,,,,,,,
666911,,,,,,,,,,,,,,,,,,,,,
666919,17.5,17.5,0,17.5,0,17.5,0,17.5,0,17.5,0,,,,,,,,,,
666925,17.5,17.5,0,17.5,0,17.5,0,17.5,0,18,-0.0278,,,,,,,,,,
666948,56.6,56.6,0,56.6,0,56.6,0,52.5,0.0781,48.8,0.16,48.8,0.16,43.4,0.304,59.4,-0.0471,59.4,-0.0471,58.6,-0.0341
666953,,,,,,,,,,,,,,,,,,,,,
666961,,,,,,,,,,,,,,,,,,,,,
666967,,,,,,,,,,,,,,,,,,,,,
666969,,,,,,,,,,,,,,,,,,,,,
666980,,,,,,,,,,,,,,,,,,,,,
667002,,,,,,,,,,,,,,,,,,,,,
667101,14,14,0,19.3,-0.275,19.3,-0.275,19.3,-0.275,19.3,-0.275,19.3,-0.275,19.3,-0.275,19.3,-0.275,19.3,-0.275,20.3,-0.31
667110,39.9,39.9,0,39.9,0,39.9,0,39.9,0,39.9,0,35.1,0.137,39.9,0,39.9,0,36.5,0.0932,43,-0.0721
667111,36,36,0,39.9,-0.0977,39.9,-0.0977,39.9,-0.0977,39.9,-0.0977,35.1,0.0256,39.9,-0.0977,43,-0.163,36.5,-0.0137,43,-0.163
667112,,,,,,,,,,,,,,,,,,,,,
667113,77,77,0,77,0,77,0,77,0,77,0,77,0,77,0,61,0.262,79,-0.0253,79,-0.0253
667117,23.9,23.9,0,23.9,0,23.9,0,23.9,0,23.9,0,23.9,0,23.9,0,23.9,0,23.9,0,31,-0.229
667129,,,,,,,,,,,,,,,,,,,,,
667131,35.5,35.5,0,35.5,0,35.5,0,35.5,0,35.5,0,35.5,0,35.5,0,35.5,0,35.5,0,38.1,-0.0682
667140,,,,,,,,,,,,,,,,,,,,,
667142,18,18,0,,,18,0,18,0,,,,,,,20,-0.1,20,-0.1,20,-0.1
667143,,,,,,,,,,,,,,,,,,,,,
667144,,,,,,,,,,,,,,,,,,,,,
667145,,,,,,,,,,,,,,,,,,,,,
667147,,,,,,,,,,,,,,,,,,,,,
667148,,,,,,,,,,,,,,,,,,,,,
667161,,,,,,,,,,,,,,,,,,,,,
667165,128,128,0,128,0,128,0,128,0,128,0,128,0,102,0.25,128,0,128,0,128,0
667166,128,128,0,128,0,128,0,128,0,128,0,128,0,102,0.25,128,0,128,0,128,0
667167,128,128,0,128,0,128,0,128,0,128,0,128,0,102,0.25,128,0,128,0,128,0
667168,128,128,0,128,0,128,0,128,0,128,0,128,0,102,0.25,128,0,128,0,128,0
667172,128,128,0,128,0,128,0,128,0,128,0,128,0,102,0.25,128,0,128,0,128,0
667174,,,,,,,,,,,,,,,,,,,,,
667196,,,,,,,,,,,,,,,,,,,,,
667197,79.9,79.9,0,79.9,0,79.9,0,79.9,0,79.9,0,79.9,0,79.9,0,79.9,0,79.9,0,86.1,-0.072
667198,41.3,41.3,0,41.3,0,41.3,0,41.3,0,41.3,0,41.3,0,41.3,0,41.3,0,41.3,0,44.4,-0.0698
667210,,,,,,,,,,,,,,,,,,,,,
667213,,,,,,,,,,,,,,,,,,,,,
667215,21,21,0,21,0,21,0,17.8,0.18,17.8,0.18,21,0,16.7,0.257,19.7,0.066,19.8,0.0606,28.9,-0.273
667216,13,13,0,13,0,13,0,12,0.0833,12,0.0833,12,0.0833,11,0.182,12,0.0833,12,0.0833,14.4,-0.0972
667217,59.4,59.4,0,59.4,0,59.4,0,59.4,0,59.4,0,59.4,0,59.4,0,59.4,0,59.4,0,64.5,-0.0791
667219,,,,,,,,,,,,,,,,,,,,,
667220,,,,,,,,,,,,,,,,,,,,,
667224,38,38,0,38,0,38,0,38,0,38,0,38,0,38,0,38.2,-0.00524,38.2,-0.00524,38.2,-0.00524
667226,25,25,0,25,0,25,0,25,0,25,0,25,0,,,25.2,-0.00794,25.2,-0.00794,25.2,-0.00794
667232,,,,,,,,,,,,,,,,,,,,,
667245,,,,,,,,,,,,,,,,,,,,,
667247,12.5,12.5,0,12.5,0,12.5,0,12.5,0,12.5,0,12.5,0,12.5,0,9.5,0.316,,,10.5,0.19
667248,12.5,12.5,0,12.5,0,12.5,0,12.5,0,12.5,0,12.5,0,12.5,0,9.5,0.316,,,10.5,0.19
667249,12.5,12.5,0,12.5,0,12.5,0,12.5,0,12.5,0,12.5,0,12.5,0,,,,,10.5,0.19
667250,,,,,,,,,,,,,,,,,,,,,
667251,,,,,,,,,,,,,,,,,,,,,
667253,,,,,,,,,,,,,,,,,,,,,
667261,76.3,76.3,0,76.3,0,76.3,0,76.3,0,76.3,0,,,76.3,0,76.3,0,76.3,0,76.3,0
667263,76.3,76.3,0,76.3,0,76.3,0,76.3,0,76.3,0,76.3,0,76.3,0,76.3,0,76.3,0,76.3,0
667264,76.3,76.3,0,76.3,0,76.3,0,76.3,0,76.3,0,76.3,0,76.3,0,76.3,0,76.3,0,76.3,0
667266,76.3,76.3,0,76.3,0,76.3,0,76.3,0,76.3,0,76.3,0,76.3,0,76.3,0,76.3,0,76.3,0
667267,76.3,76.3,0,76.3,0,76.3,0,76.3,0,76.3,0,76.3,0,76.3,0,76.3,0,76.3,0,76.3,0
667269,76.3,76.3,0,76.3,0,76.3,0,76.3,0,76.3,0,76.3,0,76.3,0,76.3,0,76.3,0,76.3,0
667270,76.3,76.3,0,76.3,0,76.3,0,76.3,0,76.3,0,76.3,0,76.3,0,76.3,0,76.3,0,76.3,0
667271,76.3,76.3,0,76.3,0,76.3,0,76.3,0,76.3,0,76.3,0,76.3,0,76.3,0,,,,
667272,76.3,76.3,0,76.3,0,76.3,0,76.3,0,76.3,0,76.3,0,76.3,0,76.3,0,76.3,0,76.3,0
667273,76.2,76.2,0,76.2,0,76.2,0,76.2,0,,,76.2,0,76.2,0,76.2,0,76.2,0,76.2,-0.000656
667274,76.3,76.3,0,76.3,0,76.3,0,76.3,0,76.3,0,76.3,0,76.3,0,76.3,0,76.3,0,76.3,0
667277,,,,,,,,,,,,,,,,,,,,,
667296,,,,,,,,,,,,,,,,,,,,,
667303,,,,,,,,,,,,,,,,,,,,,
667304,15.5,15.5,0,15.5,0,15.5,0,15.5,0,15.5,0,15.5,0,15.5,0,16,-0.0312,16,-0.0312,16,-0.0312
667325,,,,,,,,,,,,,,,,,,,,,
667332,123,123,0,123,0,123,0,123,0,123,0,123,0,,,136,-0.0956,136,-0.0956,136,-0.0956
667338,,,,,,,,,,,,,,,,,,,,,
667340,25.9,25.9,0,25.9,0,25.9,0,25.9,0,25.9,0,23,0.126,16,0.619,23,0.126,23,0.126,45.9,-0.436
667341,,,,,,,,,,,,,,,,,,,,,
667345,,,,,,,,,,,,,,,,,,,,,
667346,,,,,,,,,,,,,,,,,,,,,
667349,,,,,,,,,,,,,,,,,,,,,
667371,24.5,24.5,0,24.5,0,24.5,0,24.5,0,24.5,0,24.5,0,24.5,0,22.5,0.0889,22.5,0.0889,22.5,0.0889
667372,17,17,0,17,0,17,0,17,0,,,17,0,17,0,16,0.0625,16,0.0625,16,0.0625
667373,13,13,0,13,0,13,0,13,0,13,0,13,0,13,0,13,0,13,0,13,0
667374,10.5,10.5,0,10.5,0,10.5,0,10.5,0,10.5,0,10.5,0,10.5,0,,,10.5,0,10.5,0
667378,,,,,,,,,,,,,,,,,,,,,
667381,,,,,,,,,,,,,,,,,,,,,
667382,,,,,,,,,,,,,,,,,,,,,
667384,45.5,45.5,0,45.5,0,45.5,0,45.5,0,45.5,0,45.5,0,45.5,0,45.5,0,45.5,0,45.5,0
667385,45.5,45.5,0,45.5,0,45.5,0,45.5,0,45.5,0,45.5,0,45.5,0,45.5,0,45.5,0,45.5,0
667386,45.5,45.5,0,45.5,0,45.5,0,45.5,0,45.5,0,45.5,0,45.5,0,45.5,0,45.5,0,45.5,0
667387,45.5,45.5,0,45.5,0,45.5,0,45.5,0,45.5,0,45.5,0,45.5,0,45.5,0,45.5,0,45.5,0
667394,86,86,0,86,0,86,0,86,0,86,0,86,0,86,0,86,0,86,0,86,0
667396,,,,,,,,,,,,,,,,,,,,,
667398,25,25,0,25,0,25,0,25,0,25,0,25,0,25,0,25.1,-0.00398,25.1,-0.00398,25.1,-0.00398
667400,25,25,0,,,25,0,25,0,,,,,,,,,,,,
667430,,,,,,,,,,,,,,,,,,,,,
667452,12,12,0,12,0,12,0,12,0,,,,,,,,,,,,
667455,15.6,15.6,0,15.6,0,15.6,0,15.6,0,15.6,0,15.6,0,15.6,0,15.6,0,15.6,0,15.6,0
667460,17,17,0,17,0,17,0,17,0,17,0,17,0,17,0,17.1,-0.00585,,,17.1,-0.00585
667465,,,,,,,,,,,,,,,,,,,,,
667469,,,,,,,,,,,,,,,,,,,,,
667479,,,,,,,,,,,,,,,,,,,,,
667482,,,,,,,,,,,,,,,,,,,,,
667488,22,22,0,22,0,22,0,22,0,22,0,22,0,22,0,22,0,22,0,22,0
667492,15,15,0,15,0,15,0,15,0,15,0,15,0,15,0,15,0,15,0,15,0
667493,14.5,14.5,0,14.5,0,14.5,0,14.5,0,14.5,0,14.5,0,14.5,0,14.5,0,14.5,0,14.5,0
667494,14.5,14.5,0,14.5,0,14.5,0,14.5,0,14.5,0,14.5,0,14.5,0,14.5,0,14.5,0,14.5,0
667495,10.5,10.5,0,10.5,0,10.5,0,10.5,0,10.5,0,10.5,0,10.5,0,10.5,0,10.5,0,10.5,0
667504,,,,,,,,,,,,,,,,,,,,,
667512,,,,,,,,,,,,,,,,,,,,,
667513,,,,,,,,,,,,,,,,,,,,,
667529,43.3,43.3,0,43.3,0,43.3,0,43.3,0,43.3,0,43.3,0,43.3,0,43.3,0,43.3,0,46.5,-0.0688
667531,153,153,0,153,0,153,0,153,0,153,0,153,0,153,0,153,0,153,0,169,-0.0923
667541,98.1,98.1,0,98.1,0,98.1,0,98.1,0,98.1,0,98.1,0,98.1,0,,,98.1,0,104,-0.0567
667544,,,,,,,,,,,,,,,,,,,,,
667547,39.7,,,,,39.7,0,39.7,0,39.7,0,,,39.7,0,,,,,,
667548,,,,,,,,,,,,,,,,,,,,,
667549,,,,,,,,,,,,,,,,,,,,,
667550,,,,,,,,,,,,,,,,,,,,,
667551,,,,,,,,,,,,,,,,,,,,,
667552,,,,,,,,,,,,,,,,,,,,,
667553,,,,,,,,,,,,,,,,,,,,,
667554,,,,,,,,,,,,,,,,,,,,,
667555,,,,,,,,,,,,,,,,,,,,,
667556,,,,,,,,,,,,,,,,,,,,,
667566,140,140,0,140,0,140,0,140,0,140,0,140,0,140,0,154,-0.091,154,-0.091,154,-0.091
667567,19,19,0,19,0,19,0,19,0,19,0,19,0,19,0,19.9,-0.0452,19.9,-0.0452,19,0
667568,18.5,18.5,0,18.5,0,18.5,0,18.5,0,18.5,0,18.5,0,18.5,0,19,-0.0263,,,19,-0.0263
667570,23.5,23.5,0,23.5,0,23.5,0,23.5,0,23.5,0,23.5,0,,,23.5,0,23.5,0,23.5,0
667571,22.5,22.5,0,22.5,0,22.5,0,22.5,0,22.5,0,22.5,0,22.5,0,22.5,0,19.9,0.131,22.5,0
667572,23.5,23.5,0,23.5,0,23.5,0,23.5,0,23.5,0,23.5,0,23.5,0,23.5,0,23.5,0,23.5,0
667573,22.5,22.5,0,22.5,0,22.5,0,22.5,0,22.5,0,22.5,0,22.5,0,22.5,0,19.9,0.131,22.5,0
667574,15.5,15.5,0,18.5,-0.162,18.5,-0.162,18.5,-0.162,18.5,-0.162,18.5,-0.162,18.5,-0.162,18.5,-0.162,17.5,-0.114,18.5,-0.162
667575,20.9,20.9,0,20.9,0,20.9,0,20.9,0,20.9,0,20.9,0,20.9,0,20.9,0,22.9,-0.0873,22.5,-0.0711
667578,7.5,7.5,0,7.5,0,7.5,0,7.5,0,7.5,0,7.5,0,7.5,0,,,8,-0.0625,8,-0.0625
667583,31,31,0,31,0,31,0,31,0,31,0,31,0,31,0,31,0,31,0,31,0
667584,31,31,0,31,0,31,0,31,0,31,0,31,0,31,0,31,0,31,0,31,0
667586,60.9,60.9,0,60.9,0,60.9,0,60.9,0,60.9,0,60.9,0,60.9,0,66.9,-0.0897,73,-0.166,73,-0.166
667587,26,26,0,26,0,26,0,26,0,26,0,26,0,26,0,28,-0.0714,31,-0.161,31,-0.161
667592,6,6,0,6,0,,,,,6,0,6,0,6,0,6,0,6,0,6,0
667602,,,,,,,,,,,,,,,,,,,,,
667603,18.9,18.9,0,18.9,0,18.9,0,18.9,0,18.9,0,18.9,0,18.9,0,18.9,0,18.9,0,18.9,0
667616,259,259,0,259,0,,,259,0,259,0,259,0,259,0,259,0,310,-0.165,310,-0.165
667617,19.9,19.9,0,19.9,0,19.9,0,19.9,0,19.9,0,19.9,0,19.9,0,19.9,0,,,,
667620,12,12,0,12,0,12,0,12,0,12,0,12,0,12,0,12,0,10.9,0.101,13.5,-0.111
667621,,,,,,,,,,,,,,,,,,,,,
667639,,,,,,,,,,,,,,,,,,,,,
667648,,,,,,,,,,,,,,,,,,,,,
667651,,,,,,,,,,,,,,,,,,,,,
667652,,,,,,,,,,,,,,,,,,,,,
667662,52,52,0,52,0,52,0,52,0,52,0,52,0,52,0,50.3,0.0338,46.8,0.111,43.5,0.195
667663,,,,,,,,,,,,,,,,,,,,,
667665,61,61,0,61,0,61,0,61,0,61,0,61,0,61,0,61,0,,,61,0
667672,37.9,37.9,0,37.9,0,37.9,0,37.9,0,37.9,0,31,0.223,34,0.115,34,0.115,35,0.0829,35,0.0829
667673,,,,,,,,,,,,,,,,,,,,,
667674,99,99,0,99,0,99,0,99,0,99,0,75.9,0.304,75.9,0.304,75.9,0.304,75.9,0.304,75.9,0.304
667675,,,,,,,,,,,,,,,,,,,,,
667684,18,18,0,18,0,18,0,18,0,18,0,18,0,18,0,18,0,18,0,,
667692,113,113,0,113,0,113,0,113,0,113,0,113,0,113,0,149,-0.243,149,-0.243,149,-0.243
667693,,,,,,,,,,,,,,,,,,,,,
667704,,,,,,,,,,,,,,,,,,,,,
667720,,,,,,,,,,,,,,,,,,,,,
667722,65,65,0,65,0,65,0,65,0,65,0,65,0,65,0,65,0,87.3,-0.255,87.3,-0.255
667723,,,,,,,,,,,,,,,,,,,,,
667724,14,14,0,14,0,14,0,14,0,14,0,14,0,14,0,14,0,14,0,14,0
667725,200,200,0,200,0,266,-0.25,266,-0.25,266,-0.25,266,-0.25,266,-0.25,266,-0.25,266,-0.25,266,-0.25
667740,66,66,0,66,0,66,0,66,0,76.8,-0.141,76.8,-0.141,76.8,-0.141,76.8,-0.141,76.8,-0.141,76.8,-0.141
667741,66,66,0,66,0,66,0,66,0,76.8,-0.141,76.8,-0.141,76.8,-0.141,76.8,-0.141,76.8,-0.141,,
667742,,,,,,,,,,,,,,,,,,,,,
667744,,,,,,,,,,,,,,,,,,,,,
667745,43,43,0,43,0,43,0,43,0,43,0,,,43,0,43,0,43,0,43,0
667747,43,43,0,43,0,43,0,43,0,43,0,43,0,43,0,43,0,43,0,43,0
667748,66,66,0,66,0,66,0,66,0,66,0,66,0,66,0,66,0,66,0,66,0
667749,66,66,0,66,0,66,0,66,0,66,0,66,0,66,0,66,0,66,0,66,0
667750,66,66,0,66,0,66,0,66,0,66,0,66,0,66,0,66,0,66,0,66,0
667751,61,61,0,61,0,61,0,61,0,61,0,61,0,61,0,61,0,61,0,61,0
667752,85,85,0,85,0,85,0,85,0,85,0,85,0,85,0,85,0,85,0,85,0
667753,90,90,0,90,0,90,0,90,0,90,0,90,0,90,0,90,0,90,0,90,0
667754,,,,,,,,,,,,,,,,,,,,,
667755,85,85,0,85,0,85,0,85,0,85,0,85,0,85,0,85,0,85,0,85,0
667756,61,61,0,61,0,61,0,61,0,61,0,61,0,61,0,61,0,61,0,61,0
667757,85,85,0,85,0,85,0,85,0,85,0,85,0,85,0,85,0,85,0,85,0
667758,53.9,53.9,0,53.9,0,53.9,0,53.9,0,53.9,0,43.1,0.251,53.9,0,53.9,0,40.5,0.331,53.9,0
667759,14.4,14.4,0,14.4,0,14.4,0,,,15,-0.04,,,,,,,,,15,-0.04
667760,25.2,25.2,0,25.2,0,25.2,0,25.2,0,22,0.145,25.2,0,25.2,0,25.2,0,25.2,0,25.2,0
667761,59,59,0,59,0,59,0,57.6,0.0243,50,0.18,59,0,59,0,59,0,59,0,,
667774,14.4,14.4,0,14.4,0,14.4,0,,,,,,,,,,,15,-0.04,15,-0.04
667775,25.2,25.2,0,25.2,0,25.2,0,25.2,0,22,0.145,25.2,0,25.2,0,25.2,0,25.2,0,25.2,0
667776,59,59,0,59,0,59,0,57.6,0.0243,50,0.18,59,0,59,0,59,0,,,,
667780,29,29,0,29,0,29,0,29,0,29,0,29,0,29,0,29,0,29,0,29,0
667782,,,,,,,,,,,,,,,,,,,,,
667783,,,,,,,,,,,,,,,,,,,,,
667784,,,,,,,,,,,,,,,,,,,,,
667788,13.5,13.5,0,13.5,0,13.5,0,13.5,0,13.5,0,13.5,0,13.5,0,13.5,0,13.5,0,13.5,0
667789,,,,,,,,,,,,,,,,,,,,,
667790,,,,,,,,,,,,,,,,,,,,,
667791,,,,,,,,,,,,,,,,,,,,,
667792,,,,,,,,,,,,,,,,,,,,,
667793,,,,,,,,,,,,,,,,,,,,,
667794,85,85,0,85,0,85,0,85,0,85,0,85,0,85,0,,,120,-0.292,120,-0.292
667795,,,,,,,,,,,,,,,,,,,,,
667796,,,,,,,,,,,,,,,,,,,,,
667797,,,,,,,,,,,,,,,,,,,,,
667798,,,,,,,,,,,,,,,,,,,,,
667802,,,,,,,,,,,,,,,,,,,,,
667803,186,186,0,186,0,,,186,0,186,0,186,0,186,0,186,0,186,0,186,0
667804,186,186,0,186,0,186,0,186,0,186,0,186,0,186,0,186,0,,,186,0
667805,,,,,,,,,,,,,,,,,,,,,
667806,159,159,0,159,0,159,0,159,0,159,0,159,0,159,0,159,0,159,0,181,-0.12
667807,159,159,0,159,0,159,0,159,0,159,0,159,0,159,0,159,0,159,0,180,-0.115
667808,159,159,0,159,0,159,0,159,0,159,0,159,0,159,0,159,0,159,0,180,-0.115
667809,135,135,0,135,0,135,0,135,0,135,0,135,0,135,0,135,0,153,-0.12,172,-0.214
667810,135,135,0,135,0,135,0,135,0,135,0,135,0,135,0,135,0,153,-0.12,171,-0.212
667811,71.5,71.5,0,71.5,0,71.5,0,71.5,0,71.5,0,71.5,0,71.5,0,71.5,0,87.5,-0.183,100,-0.285
667814,,,,,,,,,,,,,,,,,,,,,
667817,135,135,0,135,0,135,0,135,0,135,0,135,0,135,0,135,0,153,-0.12,172,-0.214
667825,,,,,,,,,,,,,,,,,,,,,
667829,,,,,,,,,,,,,,,,,,,,,
667839,76.4,76.4,0,76.4,0,76.4,0,76.4,0,76.4,0,76.4,0,76.4,0,76.4,0,76.4,0,81.9,-0.0672
667846,24.5,24.5,0,24.5,0,24.5,0,24.5,0,24.5,0,,,24.5,0,24.5,0,24.5,0,24.5,0
667847,23.5,23.5,0,23.5,0,23.5,0,23.5,0,23.5,0,23.5,0,23.5,0,23.5,0,23,0.0217,23,0.0217
667848,23.5,23.5,0,23.5,0,23.5,0,23.5,0,23.5,0,23.5,0,23.5,0,23.5,0,22.5,0.0444,22.5,0.0444
667874,56,56,0,56,0,56,0,56,0,56,0,56,0,56,0,56,0,56,0,56,0
667879,,,,,,,,,,,,,,,,,,,,,
667880,,,,,,,,,,,,,,,,,,,,,
667881,99,99,0,99,0,99,0,99,0,99,0,,,,,72.9,0.358,72.9,0.358,72.9,0.358
667882,99,99,0,99,0,99,0,99,0,99,0,72.9,0.358,72.9,0.358,72.9,0.358,72.9,0.358,72.9,0.358
667883,,,,,,,,,,,,,,,,,,,,,
667885,85,85,0,85,0,85,0,85,0,85,0,59.9,0.419,59.9,0.419,59.9,0.419,59.9,0.419,60,0.417
667890,86,86,0,86,0,86,0,86,0,86,0,,,86,0,,,,,,
667891,86,86,0,86,0,86,0,86,0,86,0,,,,,,,,,,
667892,159,159,0,159,0,159,0,159,0,159,0,159,0,159,0,159,0,159,0,180,-0.115
667893,159,159,0,159,0,159,0,159,0,159,0,159,0,159,0,159,0,159,0,180,-0.115
667894,135,135,0,135,0,135,0,135,0,135,0,135,0,135,0,135,0,153,-0.12,172,-0.214
667895,,,,,,,,,,,,,,,,,,,,,
667896,,,,,,,,,,,,,,,,,,,,,
667897,,,,,,,,,,,,,,,,,,,,,
667899,20.2,20.2,0,20.2,0,20.2,0,20.2,0,20.2,0,13.7,0.474,13.7,0.474,,,,,14.1,0.433
667900,60.5,60.5,0,60.5,0,60.5,0,60.5,0,60.5,0,60.5,0,60.5,0,60.5,0,60.5,0,,
667901,74.4,74.4,0,74.4,0,74.4,0,74.4,0,74.4,0,74.4,0,74.4,0,74.4,0,,,,
667904,51.6,51.6,0,51.6,0,51.6,0,51.6,0,51.6,0,60,-0.14,60,-0.14,60,-0.14,60,-0.14,60,-0.14
667905,,,,,,,,,,,,,,,,,,,,,
667907,,,,,,,,,,,,,,,,,,,,,
667911,25,25,0,25,0,25,0,25,0,25,0,25,0,25,0,25.1,-0.00438,25.1,-0.00438,25.1,-0.00438
667913,,,,,,,,,,,,,,,,,,,,,
667914,25,25,0,25,0,25,0,25,0,25,0,25,0,25,0,,,,,,
667915,38,38,0,38,0,38,0,38,0,38,0,38,0,38,0,38.2,-0.00524,38.2,-0.00524,38.2,-0.00524
667916,,,,,,,,,,,,,,,,,,,,,
667917,62.4,62.4,0,62.4,0,62.4,0,62.4,0,62.4,0,62.4,0,62.4,0,72,-0.133,72,-0.133,75.4,-0.172
667944,185,185,0,185,0,185,0,174,0.0596,174,0.0596,164,0.129,142,0.301,188,-0.0144,188,-0.0144,201,-0.0783
667945,62.4,62.4,0,62.4,0,62.4,0,62.4,0,62.4,0,62.4,0,62.4,0,,,,,,
667951,,,,,,,,,,,,,,,,,,,,,
667952,,,,,,,,,,,,,,,,,,,,,
667953,,,,,,,,,,,,,,,,,,,,,
667954,,,,,,,,,,,,,,,,,,,,,
667969,51.7,51.7,0,51.7,0,51.7,0,51.7,0,51.7,0,51.7,0,51.7,0,51.7,0,51.7,0,50,0.034
667970,51.7,51.7,0,51.7,0,51.7,0,51.7,0,51.7,0,51.7,0,51.7,0,51.7,0,51.7,0,50,0.034
667971,44,44,0,44,0,44,0,40,0.1,,,44.1,-0.00227,44.1,-0.00227,44.1,-0.00227,53.1,-0.171,48,-0.0833
667986,,,,,,,,,,,,,,,,,,,,,
667987,,,,,,,,,,,,,,,,,,,,,
667988,,,,,,,,,,,,,,,,,,,,,
667994,11.1,11.1,0,11.1,0,11.1,0,11.1,0,11.1,0,10.5,0.0571,10.5,0.0571,11.9,-0.0672,11.9,-0.0672,11.9,-0.0672
667995,11.1,11.1,0,11.1,0,11.1,0,11.1,0,11.1,0,11.1,0,11.1,0,11.9,-0.0672,11.9,-0.0672,11.9,-0.0672
667996,11.1,11.1,0,11.1,0,11.1,0,11.1,0,11.1,0,11.9,-0.0672,11.9,-0.0672,11.9,-0.0672,11.9,-0.0672,,
667997,,,,,,,,,,,,,,,,,,,,,
667998,11.1,11.1,0,11.1,0,11.1,0,11.1,0,11.1,0,,,,,11.9,-0.0672,11.9,-0.0672,11.9,-0.0672
667999,11.1,11.1,0,11.1,0,11.1,0,11.1,0,11.1,0,11.9,-0.0672,11.9,-0.0672,11.9,-0.0672,11.9,-0.0672,11.9,-0.0672
668000,,,,,,,,,,,,,,,,,,,,,
668001,,,,,,,,,,,,,,,,,,,,,
668003,11.1,11.1,0,11.1,0,11.1,0,11.1,0,11.1,0,,,11.9,-0.0672,11.9,-0.0672,11.9,-0.0672,11.9,-0.0672
668004,11.1,11.1,0,11.1,0,11.1,0,11.1,0,11.1,0,10.9,0.0183,10.9,0.0183,11.9,-0.0672,11.9,-0.0672,11.9,-0.0672
668005,11.1,11.1,0,11.1,0,11.1,0,11.1,0,,,10.7,0.0374,10.7,0.0374,11.9,-0.0672,11.9,-0.0672,11.9,-0.0672
668006,,,,,,,,,,,,,,,,,,,,,
668007,11.1,11.1,0,11.1,0,11.1,0,11.1,0,11.1,0,11.9,-0.0672,11.9,-0.0672,11.9,-0.0672,11.9,-0.0672,,
668008,,,,,,,,,,,,,,,,,,,,,
668009,11.1,11.1,0,11.1,0,11.1,0,11.1,0,11.1,0,11.9,-0.0672,11.9,-0.0672,11.9,-0.0672,11.9,-0.0672,11.9,-0.0672
668010,11.1,11.1,0,11.1,0,11.1,0,11.1,0,11.1,0,11.9,-0.0672,11.9,-0.0672,11.9,-0.0672,11.9,-0.0672,11.9,-0.0672
668011,11.1,11.1,0,11.1,0,11.1,0,11.1,0,11.1,0,11.9,-0.0672,11.9,-0.0672,11.9,-0.0672,11.9,-0.0672,11.9,-0.0672
668012,11.1,11.1,0,11.1,0,11.1,0,11.1,0,11.1,0,11.2,-0.00893,11.2,-0.00893,11.9,-0.0672,11.9,-0.0672,11.9,-0.0672
668013,11.1,11.1,0,11.1,0,11.1,0,11.1,0,11.1,0,11.9,-0.0672,11.9,-0.0672,11.9,-0.0672,11.9,-0.0672,11.9,-0.0672
668014,11.1,11.1,0,11.1,0,11.1,0,11.1,0,11.1,0,11.9,-0.0672,11.9,-0.0672,11.9,-0.0672,11.9,-0.0672,11.9,-0.0672
668015,11.1,11.1,0,11.1,0,11.1,0,11.1,0,11.1,0,11.9,-0.0672,11.9,-0.0672,11.9,-0.0672,11.9,-0.0672,11.9,-0.0672
668016,,,,,,,,,,,,,,,,,,,,,
668018,11.1,11.1,0,11.1,0,11.1,0,11.1,0,11.1,0,11.9,-0.0672,11.9,-0.0672,11.9,-0.0672,11.9,-0.0672,11.9,-0.0672
668019,,,,,,,,,,,,,,,,,,,,,
668020,11.1,11.1,0,11.1,0,11.1,0,,,11.1,0,10.6,0.0472,10.6,0.0472,11.9,-0.0672,11.9,-0.0672,11.9,-0.0672
668021,11.1,11.1,0,11.1,0,11.1,0,11.1,0,11.1,0,10.5,0.0571,10.5,0.0571,11.9,-0.0672,11.9,-0.0672,11.9,-0.0672
668022,11.1,11.1,0,11.1,0,11.1,0,11.1,0,11.1,0,11.9,-0.0672,11.9,-0.0672,11.9,-0.0672,11.9,-0.0672,11.9,-0.0672
668023,11.1,11.1,0,11.1,0,11.1,0,11.1,0,11.1,0,11.9,-0.0672,11.9,-0.0672,11.9,-0.0672,11.9,-0.0672,11.9,-0.0672
668024,11.1,11.1,0,11.1,0,11.1,0,11.1,0,11.1,0,11.9,-0.0672,11.9,-0.0672,11.9,-0.0672,11.9,-0.0672,11.9,-0.0672
668025,,,,,,,,,,,,,,,,,,,,,
668027,,,,,,,,,,,,,,,,,,,,,
668028,11.1,11.1,0,11.1,0,11.1,0,11.1,0,11.1,0,11.9,-0.0672,11.9,-0.0672,11.9,-0.0672,11.9,-0.0672,11.9,-0.0672
668029,11.1,11.1,0,11.1,0,11.1,0,11.1,0,11.1,0,11,0.00909,11,0.00909,11.9,-0.0672,11.9,-0.0672,,
668031,,,,,,,,,,,,,,,,,,,,,
668032,11.1,11.1,0,11.1,0,11.1,0,11.1,0,11.1,0,11.9,-0.0672,11.9,-0.0672,11.9,-0.0672,11.9,-0.0672,11.9,-0.0672
668033,11.1,11.1,0,11.1,0,11.1,0,11.1,0,11.1,0,11.9,-0.0672,11.9,-0.0672,11.9,-0.0672,11.9,-0.0672,11.9,-0.0672
668034,,,,,,,,,,,,,,,,,,,,,
668035,,,,,,,,,,,,,,,,,,,,,
668036,,,,,,,,,,,,,,,,,,,,,
668037,11.1,11.1,0,11.1,0,11.1,0,11.1,0,11.1,0,11.9,-0.0672,11.9,-0.0672,11.9,-0.0672,11.9,-0.0672,11.9,-0.0672
668038,11.1,11.1,0,11.1,0,11.1,0,11.1,0,11.1,0,11.9,-0.0672,11.9,-0.0672,11.9,-0.0672,11.9,-0.0672,11.9,-0.0672
668039,11.1,11.1,0,11.1,0,11.1,0,11.1,0,11.1,0,11.2,-0.00893,11.2,-0.00893,11.9,-0.0672,11.9,-0.0672,11.9,-0.0672
668040,11.1,11.1,0,11.1,0,11.1,0,11.1,0,11.1,0,11.1,0,11.1,0,11.9,-0.0672,11.9,-0.0672,11.9,-0.0672
668041,11.1,11.1,0,11.1,0,11.1,0,11.1,0,11.1,0,11.9,-0.0672,11.9,-0.0672,11.9,-0.0672,11.9,-0.0672,11.9,-0.0672
668042,11.1,11.1,0,11.1,0,11.1,0,11.1,0,11.1,0,11.9,-0.0672,11.9,-0.0672,11.9,-0.0672,11.9,-0.0672,11.9,-0.0672
668043,11.1,11.1,0,11.1,0,11.1,0,11.1,0,11.1,0,11.9,-0.0672,11.9,-0.0672,11.9,-0.0672,11.9,-0.0672,11.9,-0.0672
668044,,,,,,,,,,,,,,,,,,,,,
668045,11.1,11.1,0,11.1,0,11.1,0,11.1,0,11.1,0,11.9,-0.0672,11.9,-0.0672,11.9,-0.0672,11.9,-0.0672,11.9,-0.0672
668046,11.1,11.1,0,11.1,0,11.1,0,11.1,0,11.1,0,11,0.00909,11,0.00909,11.9,-0.0672,11.9,-0.0672,11.9,-0.0672
668047,,,,,,,,,,,,,,,,,,,,,
668048,,,,,,,,,,,,,,,,,,,,,
668049,11.1,11.1,0,11.1,0,11.1,0,11.1,0,11.1,0,11.2,-0.00893,11.2,-0.00893,11.9,-0.0672,11.9,-0.0672,,
668050,11.1,11.1,0,11.1,0,11.1,0,11.1,0,11.1,0,10.7,0.0374,10.7,0.0374,11.9,-0.0672,11.9,-0.0672,11.9,-0.0672
668051,11.1,11.1,0,11.1,0,11.1,0,11.1,0,11.1,0,10.5,0.0571,10.5,0.0571,11.9,-0.0672,11.9,-0.0672,,
668052,11.1,11.1,0,11.1,0,11.1,0,11.1,0,11.1,0,11.2,-0.00893,11.2,-0.00893,11.9,-0.0672,11.9,-0.0672,11.9,-0.0672
668053,11.1,11.1,0,11.1,0,11.1,0,11.1,0,11.1,0,11,0.00909,11,0.00909,11.9,-0.0672,11.9,-0.0672,11.9,-0.0672
668055,11.1,11.1,0,11.1,0,11.1,0,11.1,0,11.1,0,11.9,-0.0672,11.9,-0.0672,11.9,-0.0672,11.9,-0.0672,11.9,-0.0672
668056,35.6,35.6,0,35.6,0,35.6,0,35.6,0,35.6,0,31.9,0.116,31.9,0.116,31.9,0.116,31.9,0.116,,
668057,35.6,35.6,0,35.6,0,35.6,0,35.6,0,35.6,0,31.9,0.116,31.9,0.116,31.9,0.116,31.9,0.116,31.9,0.116
668058,35.6,35.6,0,35.6,0,35.6,0,35.6,0,,,31.9,0.116,31.9,0.116,31.9,0.116,31.9,0.116,31.9,0.116
668059,35.6,35.6,0,35.6,0,35.6,0,35.6,0,35.6,0,31.9,0.116,31.9,0.116,31.9,0.116,31.9,0.116,31.9,0.116
668060,,,,,,,,,,,,,,,,,,,,,
668065,61.5,61.5,0,61.5,0,61.5,0,61.5,0,61.5,0,61.5,0,71.3,-0.137,71.3,-0.137,71.3,-0.137,77.5,-0.206
668066,15.5,15.5,0,15.5,0,15.5,0,15.5,0,15.5,0,15.5,0,15.5,0,15.5,0,15.5,0,15.5,0
668072,,,,,,,,,,,,,,,,,,,,,
668073,135,135,0,135,0,135,0,135,0,135,0,135,0,135,0,135,0,153,-0.12,172,-0.214
668076,,,,,,,,,,,,,,,,,,,,,
668077,,,,,,,,,,,,,,,,,,,,,
668079,,,,,,,,,,,,,,,,,,,,,
668081,46.6,46.6,0,46.6,0,46.6,0,46.6,0,46.6,0,46.6,0,46.6,0,46.6,0,46.6,0,39,0.195
668082,46.6,46.6,0,46.6,0,46.6,0,46.6,0,46.6,0,46.6,0,46.6,0,46.6,0,46.6,0,39,0.195
668089,,,,,,,,,,,,,,,,,,,,,
668091,60.8,60.8,0,60.8,0,60.8,0,60.8,0,60.8,0,60.8,0,60.8,0,60.8,0,60.8,0,65.1,-0.0661
668092,62,62,0,62,0,62,0,62,0,62,0,62,0,62,0,62,0,62,0,66.5,-0.0677
668094,39,39,0,39,0,39,0,39,0,39,0,39,0,39,0,37.7,0.0345,34.8,0.12,33.7,0.157
668096,52,52,0,52,0,52,0,52,0,52,0,52,0,52,0,50.3,0.0338,43.8,0.187,43.5,0.195
668099,,,,,,,,,,,,,,,,,,,,,
668100,22,22,0,23.6,-0.0678,26.3,-0.163,26.3,-0.163,26.3,-0.163,32.4,-0.321,32.4,-0.321,38.3,-0.426,38.3,-0.426,38.3,-0.426
668101,26.3,26.3,0,26.3,0,26.3,0,26.3,0,26.3,0,32,-0.178,32,-0.178,38.3,-0.313,38.3,-0.313,38.3,-0.313
668102,,,,,,,,,,,,,,,,,,,,,
668105,,,,,,,,,,,,,,,,,,,,,
668111,,,,,,,,,,,,,,,,,,,,,
668112,,,,,,,,,,,,,,,,,,,,,
668114,,,,,,,,,,,,,,,,,,,,,
668115,,,,,,,,,,,,,,,,,,,,,
668116,,,,,,,,,,,,,,,,,,,,,
668117,,,,,,,,,,,,,,,,,,,,,
668120,46.5,46.5,0,46.5,0,46.5,0,49.5,-0.0606,49.5,-0.0606,59.5,-0.218,59.5,-0.218,59.5,-0.218,74.5,-0.376,84.5,-0.45
668124,99,99,0,99,0,99,0,99,0,,,,,,,,,,,99,0
668125,22.9,22.9,0,22.9,0,22.9,0,19.9,0.151,19.9,0.151,22.9,0,22.9,0,22.9,0,22.9,0,22.9,0
668130,32.9,32.9,0,32.9,0,32.9,0,29.9,0.1,29.9,0.1,33,-0.00303,33,-0.00303,33,-0.00303,,,33,-0.00303
668131,,,,,,,,,,,,,,,,,,,,,
668132,,,,,,,,,,,,,,,,,,,,,
668137,65,65,0,65,0,65,0,65,0,65,0,65,0,65,0,77,-0.156,67,-0.0299,67,-0.0299
668138,,,,,,,,,,,,,,,,,,,,,
668139,80,80,0,80,0,80,0,80,0,80,0,80,0,80,0,90,-0.111,83,-0.0361,83,-0.0361
668140,,,,,,,,,,,,,,,,,,,,,
668143,80,80,0,80,0,80,0,80,0,80,0,80,0,80,0,90,-0.111,,,83,-0.0361
668144,35,35,0,35,0,35,0,35,0,35,0,35,0,35,0,42,-0.167,37,-0.0541,,
668145,35,35,0,35,0,35,0,35,0,35,0,35,0,35,0,42,-0.167,37,-0.0541,37,-0.0541
668146,35,35,0,35,0,35,0,35,0,35,0,35,0,35,0,42,-0.167,37,-0.0541,37,-0.0541
668147,,,,,,,,,,,,,,,,,,,,,
668148,65,65,0,65,0,65,0,65,0,65,0,65,0,65,0,67,-0.0299,,,,
668150,65,65,0,65,0,65,0,65,0,65,0,65,0,65,0,77,-0.156,67,-0.0299,67,-0.0299
668151,65,65,0,65,0,65,0,65,0,65,0,65,0,65,0,,,,,,
668152,35,35,0,35,0,35,0,35,0,35,0,35,0,35,0,42,-0.167,37,-0.0541,37,-0.0541
668153,65,65,0,65,0,65,0,65,0,65,0,65,0,65,0,80,-0.188,,,70,-0.0714
668154,,,,,,,,,,,,,,,,,,,,,
668155,65,65,0,65,0,65,0,65,0,65,0,65,0,65,0,80,-0.188,70,-0.0714,70,-0.0714
668164,31.2,31.2,0,31.2,0,31.2,0,31.2,0,38.4,-0.188,38.4,-0.188,38.4,-0.188,38.4,-0.188,38.4,-0.188,38.4,-0.188
668166,33,33,0,33,0,33,0,33,0,33,0,28.9,0.142,28.9,0.142,28.9,0.142,38.6,-0.145,38.6,-0.145
668170,18,18,0,18,0,18,0,18,0,18,0,18,0,18,0,,,18,0,18,0
668171,,,,,,,,,,,,,,,,,,,,,
668172,15.5,15.5,0,15.5,0,15.5,0,15.5,0,15.5,0,15.5,0,15.5,0,15.5,0,15.5,0,15.5,0
668173,73.1,73.1,0,73.1,0,73.1,0,73.1,0,73.1,0,73.1,0,73.1,0,68.9,0.061,68.9,0.061,,
668174,59.4,59.4,0,59.4,0,59.4,0,59.4,0,59.4,0,59.4,0,59.4,0,,,51.2,0.16,51.2,0.16
668175,73.1,73.1,0,73.1,0,73.1,0,73.1,0,73.1,0,73.1,0,73.1,0,,,63.7,0.148,,
668179,67.1,67.1,0,67.1,0,67.1,0,67.1,0,67.1,0,63.8,0.0517,63.8,0.0517,55,0.22,76.5,-0.123,76.5,-0.123
668180,,,,,,,,,,,,,,,,,,,,,
668181,16.2,16.2,0,14,0.157,14,0.157,14,0.157,14,0.157,14,0.157,14,0.157,18.5,-0.124,18.5,-0.124,18.5,-0.124
668182,16.2,16.2,0,16.2,0,16.2,0,16.2,0,14,0.157,14,0.157,14,0.157,18.5,-0.124,18.5,-0.124,,
668183,16.2,16.2,0,14,0.157,14,0.157,14,0.157,14,0.157,14,0.157,14,0.157,18.5,-0.124,,,18.5,-0.124
668184,16.2,16.2,0,16.2,0,16.2,0,16.2,0,14,0.157,14,0.157,14,0.157,18.5,-0.124,18.5,-0.124,18.5,-0.124
668185,11.5,11.5,0,11.5,0,11.5,0,11.5,0,11.5,0,,,,,13.4,-0.142,13.4,-0.142,13.4,-0.142
668186,11.6,11.6,0,11.6,0,11.6,0,11.6,0,11.6,0,9.6,0.208,9.6,0.208,13.4,-0.134,13.4,-0.134,13.4,-0.134
668187,11.6,11.6,0,11.6,0,11.6,0,11.6,0,,,9.6,0.208,9.6,0.208,13.4,-0.134,13.4,-0.134,13.4,-0.134
668188,7.5,7.5,0,7.5,0,7.5,0,7.5,0,7.5,0,6.4,0.172,6.4,0.172,8.9,-0.157,8.9,-0.157,8.9,-0.157
668189,139,139,0,139,0,139,0,139,0,139,0,99.9,0.391,99.9,0.391,99.9,0.391,99.9,0.391,99.9,0.391
668193,40.9,40.9,0,40.9,0,40.9,0,40.9,0,40.9,0,40.9,0,,,,,,,,
668197,,,,,,,,,,,,,,,,,,,,,
668198,,,,,,,,,,,,,,,,,,,,,
668205,80,80,0,80,0,80,0,80,0,80,0,80,0,80,0,90,-0.111,83,-0.0361,,
668206,65,65,0,65,0,65,0,65,0,65,0,65,0,65,0,77,-0.156,67,-0.0299,67,-0.0299
668207,65,65,0,65,0,65,0,65,0,65,0,65,0,65,0,67,-0.0299,67,-0.0299,,
668209,165,165,0,165,0,165,0,165,0,165,0,165,0,165,0,195,-0.154,171,-0.0351,,
668210,,,,,,,,,,,,,,,,,,,,,
668211,,,,,,,,,,,,,,,,,,,,,
668213,80,80,0,80,0,80,0,80,0,80,0,80,0,80,0,90,-0.111,83,-0.0361,83,-0.0361
668214,,,,,,,,,,,,,,,,,,,,,
668215,,,,,,,,,,,,,,,,,,,,,
668221,,,,,,,,,,,,,,,,,,,,,
668225,,,,,,,,,,,,,,,,,,,,,
668236,75,75,0,75,0,75,0,75,0,75,0,75,0,75,0,85,-0.118,74,0.0135,,
668237,31,31,0,31,0,31,0,31,0,31,0,30,0.0333,30,0.0333,30,0.0333,30,0.0333,,
668240,20,20,0,20,0,20,0,20,0,20,0,20,0,20,0,20,0,20,0,20,0
668241,12,12,0,12,0,12,0,12,0,12,0,12,0,12,0,12,0,12,0,12,0
668242,22.4,22.4,0,30,-0.253,30,-0.253,30,-0.253,30,-0.253,30,-0.253,30,-0.253,,,30,-0.253,30,-0.253
668243,22.9,22.9,0,22.9,0,22.9,0,19.9,0.151,19.9,0.151,23.5,-0.0255,23.5,-0.0255,23.5,-0.0255,22.9,0,22.9,0
668244,12,12,0,12,0,12,0,12,0,12,0,,,,,,,,,,
668250,,,,,,,,,,,,,,,,,,,,,
668251,,,,,,,,,,,,,,,,,,,,,
668252,,,,,,,,,,,,,,,,,,,,,
668253,140,140,0,140,0,140,0,105,0.333,105,0.333,140,0,112,0.25,140,0,140,0,140,0
668254,140,140,0,140,0,140,0,140,0,140,0,140,0,112,0.25,140,0,140,0,140,0
668255,,,,,,,,,,,,,,,,,,,,,
668256,140,140,0,140,0,140,0,140,0,140,0,140,0,112,0.25,140,0,140,0,140,0
668257,140,140,0,140,0,140,0,140,0,140,0,140,0,112,0.25,140,0,140,0,140,0
668264,,,,,,,,,,,,,,,,,,,,,
668265,,,,,,,,,,,,,,,,,,,,,
668266,,,,,,,,,,,,,,,,,,,,,
668267,51.9,51.9,0,51.9,0,51.9,0,51.9,0,51.9,0,51.9,0,61,-0.149,61,-0.149,61,-0.149,66.5,-0.22
668268,51.9,51.9,0,51.9,0,51.9,0,51.9,0,51.9,0,51.9,0,61,-0.149,61,-0.149,61,-0.149,66.5,-0.22
668270,51.9,51.9,0,51.9,0,51.9,0,51.9,0,51.9,0,51.9,0,61,-0.149,61,-0.149,61,-0.149,66.5,-0.22
668271,61,61,0,61,0,61,0,61,0,61,0,61,0,61,0,61,0,61,0,66.5,-0.0827
668272,51.9,51.9,0,51.9,0,51.9,0,51.9,0,51.9,0,51.9,0,61,-0.149,61,-0.149,61,-0.149,66.5,-0.22
668273,51.9,51.9,0,51.9,0,51.9,0,51.9,0,51.9,0,51.9,0,61,-0.149,61,-0.149,61,-0.149,66.5,-0.22
668274,,,,,,,,,,,,,,,,,,,,,
668275,,,,,,,,,,,,,,,,,,,,,
668276,,,,,,,,,,,,,,,,,,,,,
668277,,,,,,,,,,,,,,,,,,,,,
668278,22.9,22.9,0,22.9,0,22.9,0,19.9,0.151,19.9,0.151,22.9,0,22.9,0,22.9,0,22.9,0,22.9,0
668279,22.9,22.9,0,22.9,0,22.9,0,22.9,0,22.9,0,22.9,0,22.9,0,22.9,0,22.9,0,22.9,0
668280,,,,,,,,,,,,,,,,,,,,,
668281,25,25,0,25,0,25,0,25,0,25,0,,,,,33,-0.242,33,-0.242,33,-0.242
668282,,,,,,,,,,,,,,,,,,,,,
668283,,,,,,,,,,,,,,,,,,,,,
668289,,,,,,,,,,,,,,,,,,,,,
668290,,,,,,,,,,,,,,,,,,,,,
668293,,,,,,,,,,,,,,,,,,,,,
668294,,,,,,,,,,,,,,,,,,,,,
668298,,,,,,,,,,,,,,,,,,,,,
668300,43.5,42.9,0.014,42.9,0.014,42.9,0.014,42.9,0.014,42.9,0.014,31.9,0.364,31.9,0.364,31.9,0.364,49.7,-0.125,49.7,-0.125
668355,,,,,,,,,,,,,,,,,,,,,
668356,,,,,,,,,,,,,,,,,,,,,
668357,,,,,,,,,,,,,,,,,,,,,
668358,,,,,,,,,,,,,,,,,,,,,
668359,,,,,,,,,,,,,,,,,,,,,
668360,240,240,0,240,0,240,0,240,0,240,0,240,0,240,0,112,1.14,112,1.14,112,1.14
668362,,,,,,,,,,,,,,,,,,,,,
668363,,,,,,,,,,,,,,,,,,,,,
668364,,,,,,,,,,,,,,,,,,,,,
668365,,,,,,,,,,,,,,,,,,,,,
668366,,,,,,,,,,,,,,,,,,,,,
668368,,,,,,,,,,,,,,,,,,,,,
668370,,,,,,,,,,,,,,,,,,,,,
668371,,,,,,,,,,,,,,,,,,,,,
668372,,,,,,,,,,,,,,,,,,,,,
668378,,,,,,,,,,,,,,,,,,,,,
668380,,,,,,,,,,,,,,,,,,,,,
668381,,,,,,,,,,,,,,,,,,,,,
668384,,,,,,,,,,,,,,,,,,,,,
668391,,,,,,,,,,,,,,,,,,,,,
668394,,,,,,,,,,,,,,,,,,,,,
668396,42.9,42.9,0,42.9,0,42.9,0,40.9,0.0489,40.9,0.0489,40.9,0.0489,40.9,0.0489,41,0.0463,50,-0.142,,
668403,21.9,21.9,0,21.9,0,21.9,0,20.9,0.0478,20.9,0.0478,20.9,0.0478,20.9,0.0478,20.9,0.0478,28.3,-0.226,28.3,-0.226
668404,139,139,0,139,0,139,0,139,0,139,0,139,0,159,-0.126,159,-0.126,159,-0.126,159,-0.126
668410,,,,,,,,,,,,,,,,,,,,,
668418,,,,,,,,,,,,,,,,,,,,,
668419,,,,,,,,,,,,,,,,,,,,,
668420,,,,,,,,,,,,,,,,,,,,,
668421,,,,,,,,,,,,,,,,,,,,,
668426,,,,,,,,,,,,,,,,,,,,,
668436,,,,,,,,,,,,,,,,,,,,,
668447,,,,,,,,,,,,,,,,,,,,,
668448,,,,,,,,,,,,,,,,,,,,,
668449,,,,,,,,,,,,,,,,,,,,,
668454,,,,,,,,,,,,,,,,,,,,,
668458,,,,,,,,,,,,,,,,,,,,,
668460,,,,,,,,,,,,,,,,,,,,,
668461,,,,,,,,,,,,,,,,,,,,,
668486,34.6,34.6,0,34.6,0,34.6,0,34.6,0,34.6,0,34.6,0,34.6,0,34.6,0,34.6,0,34.6,0
668487,,,,,,,,,,,,,,,,,,,,,
668488,29,29,0,29,0,29,0,29,0,29,0,29,0,29,0,35.5,-0.183,35.5,-0.183,35.5,-0.183
668501,27,27,0,27,0,27,0,27,0,23.2,0.164,23.2,0.164,,,23.2,0.164,31.4,-0.14,35,-0.229
668503,14.5,14.5,0,27,-0.463,27,-0.463,27,-0.463,27,-0.463,27,-0.463,27,-0.463,27,-0.463,27,-0.463,32.4,-0.552
668504,14.5,14.5,0,27,-0.463,27,-0.463,27,-0.463,27,-0.463,27,-0.463,27,-0.463,27,-0.463,27,-0.463,32.4,-0.552
668505,75.1,75.1,0,75.1,0,75.1,0,75.1,0,75.1,0,75.1,0,93.9,-0.2,93.9,-0.2,93.9,-0.2,93.9,-0.2
668506,75.1,75.1,0,75.1,0,75.1,0,75.1,0,75.1,0,75.1,0,93.9,-0.2,,,,,,
668508,34.4,34.4,0,34.4,0,34.4,0,34.4,0,34.4,0,34.4,0,39.5,-0.129,39.5,-0.129,39.5,-0.129,42.5,-0.191
668509,72.5,72.5,0,72.5,0,72.5,0,72.5,0,72.5,0,72.5,0,72.5,0,72.5,0,72.5,0,77.9,-0.0693
668512,,,,,,,,,,,,,,,,,,,,,
668513,,,,,,,,,,,,,,,,,,,,,
668514,,,,,,,,,,,,,,,,,,,,,
668516,,,,,,,,,,,,,,,,,,,,,
668517,29,29,0,,,29,0,29,0,,,,,,,,,48,-0.396,48,-0.396
668522,,,,,,,,,,,,,,,,,,,,,
668524,140,140,0,140,0,140,0,140,0,140,0,140,0,112,0.25,140,0,140,0,140,0
668526,191,191,0,191,0,191,0,191,0,191,0,191,0,191,0,,,,,,
668527,142,142,0,142,0,142,0,142,0,142,0,142,0,142,0,,,,,,
668533,77.5,77.5,0,77.5,0,77.5,0,77.5,0,77.5,0,77.5,0,,,77.5,0,77.5,0,77.5,0
668534,,,,,,,,,,,,,,,,,,,,,
668535,45.5,45.5,0,45.5,0,45.5,0,45.5,0,38.7,0.176,45.5,0,45.5,0,45.5,0,45.5,0,45.5,0
668536,45.5,45.5,0,45.5,0,45.5,0,45.5,0,45.5,0,45.5,0,45.5,0,45.5,0,45.5,0,45.5,0
668537,45.5,45.5,0,45.5,0,45.5,0,45.5,0,45.5,0,45.5,0,45.5,0,45.5,0,45.5,0,45.5,0
668538,45.5,45.5,0,45.5,0,45.5,0,45.5,0,45.5,0,45.5,0,45.5,0,45.5,0,45.5,0,45.5,0
668539,45.5,45.5,0,45.5,0,45.5,0,45.5,0,45.5,0,45.5,0,45.5,0,45.5,0,45.5,0,45.5,0
668540,45.5,45.5,0,45.5,0,45.5,0,45.5,0,38.7,0.176,45.5,0,45.5,0,45.5,0,45.5,0,45.5,0
668541,,,,,,,,,,,,,,,,,,,,,
668543,,,,,,,,,,,,,,,,,,,,,
668546,26,26,0,26,0,26,0,26,0,26,0,,,,,21.4,0.215,34.8,-0.253,,
668551,3.6,3.6,0,3.6,0,3.6,0,3.6,0,4.2,-0.143,4.2,-0.143,4.2,-0.143,4.2,-0.143,4.2,-0.143,4.2,-0.143
668555,15.6,15.6,0,15.6,0,15.6,0,15.6,0,15.6,0,15.6,0,15.6,0,15.6,0,12,0.3,15,0.04
668556,31.2,31.2,0,31.2,0,31.2,0,24,0.3,21,0.486,31.2,0,31.2,0,21,0.486,25,0.248,30,0.04
668557,60,60,0,60,0,60,0,50.4,0.19,48,0.25,60,0,60,0,42,0.429,60,0,60,0
668558,,,,,,,,,,,,,,,,,,,,,
668559,8.4,8.4,0,8.4,0,8.4,0,8.4,0,9.9,-0.152,9.9,-0.152,9.9,-0.152,9.9,-0.152,9.9,-0.152,9.9,-0.152
668561,,,,,,,,,,,,,,,,,,,,,
668563,,,,,,,,,,,,,,,,,,,,,
668566,68,68,0,68,0,68,0,68,0,68,0,68,0,68,0,68,0,109,-0.376,109,-0.376
668574,,,,,,,,,,,,,,,,,,,,,
668575,132,132,0,132,0,132,0,132,0,132,0,132,0,132,0,,,132,0,157,-0.158
668576,12.1,12.1,0,12.1,0,12.1,0,12.1,0,12.1,0,17.2,-0.297,17.2,-0.297,17.2,-0.297,17.2,-0.297,17.2,-0.297
668577,96.6,96.6,0,96.6,0,,,,,,,138,-0.3,138,-0.3,,,,,138,-0.3
668583,50.9,50.9,0,50.9,0,50.9,0,50.9,0,50.9,0,50.9,0,50.9,0,50.9,0,,,78.4,-0.351
668588,,,,,,,,,,,,,,,,,,,,,
668589,,,,,,,,,,,,,,,,,,,,,
668600,,,,,,,,,,,,,,,,,,,,,
668603,,,,,,,,,,,,,,,,,,,,,
668605,,,,,,,,,,,,,,,,,,,,,
668606,,,,,,,,,,,,,,,,,,,,,
668607,,,,,,,,,,,,,,,,,,,,,
668608,,,,,,,,,,,,,,,,,,,,,
668609,,,,,,,,,,,,,,,,,,,,,
668610,,,,,,,,,,,,,,,,,,,,,
668611,,,,,,,,,,,,,,,,,,,,,
668612,,,,,,,,,,,,,,,,,,,,,
668613,,,,,,,,,,,,,,,,,,,,,
668614,,,,,,,,,,,,,,,,,,,,,
668615,,,,,,,,,,,,,,,,,,,,,
668616,,,,,,,,,,,,,,,,,,,,,
668617,,,,,,,,,,,,,,,,,,,,,
668618,86.9,86.9,0,86.9,0,86.9,0,65,0.337,65,0.337,86.9,0,86.9,0,86.9,0,96,-0.0948,127,-0.317
668619,,,,,,,,,,,,,,,,,,,,,
668622,7,7,0,7,0,7,0,7,0,7,0,7,0,6,0.167,8,-0.125,7.7,-0.0909,,
668624,138,138,0,138,0,138,0,138,0,138,0,138,0,138,0,138,0,,,,
668628,,,,,,,,,,,,,,,,,,,,,
668629,,,,,,,,,,,,,,,,,,,,,
668630,38.9,38.9,0,38.9,0,38.9,0,35.9,0.0836,35.9,0.0836,35.9,0.0836,34.9,0.115,36.9,0.0542,36.9,0.0542,46.9,-0.171
668631,,,,,,,,,,,,,,,,,,,,,
668632,38.9,38.9,0,38.9,0,38.9,0,,,36.9,0.0542,,,,,38.9,0,44.9,-0.134,51.9,-0.25
668633,42.9,42.9,0,42.9,0,42.9,0,39.9,0.0752,39.9,0.0752,39.9,0.0752,,,44.9,-0.0445,49.9,-0.14,54.5,-0.213
668634,29.7,29.7,0,29.7,0,29.7,0,29.7,0,29.7,0,29.7,0,29.7,0,29.7,0,29.7,0,29.7,0
668635,19.8,19.8,0,19.8,0,19.8,0,19.8,0,19.8,0,19.8,0,19.8,0,18,0.1,18,0.1,18,0.1
668636,21.3,21.3,0,21.3,0,21.3,0,21.3,0,21.3,0,21.3,0,21.3,0,21.3,0,21.3,0,21.3,0
668637,18.5,18.5,0,21.3,-0.131,21.3,-0.131,21.3,-0.131,21.3,-0.131,21.3,-0.131,21.3,-0.131,21.3,-0.131,21.3,-0.131,21.3,-0.131
668638,21.3,21.3,0,21.3,0,21.3,0,21.3,0,21.3,0,21.3,0,21.3,0,21,0.0143,21,0.0143,21,0.0143
668639,18.5,18.5,0,21.3,-0.131,21.3,-0.131,21.3,-0.131,21.3,-0.131,21.3,-0.131,21.3,-0.131,21.3,-0.131,21.3,-0.131,21.3,-0.131
668644,,,,,,,,,,,,,,,,,,,,,
668645,53.5,53.5,0,53.5,0,53.5,0,53.5,0,53.5,0,53.5,0,53.5,0,60,-0.108,60,-0.108,76.4,-0.3
668649,,,,,,,,,,,,,,,,,,,,,
668654,,,,,,,,,,,,,,,,,,,,,
668656,,,,,,,,,,,,,,,,,,,,,
668658,,,,,,,,,,,,,,,,,,,,,
668670,21.5,21.5,0,21.5,0,21.5,0,21.5,0,21.5,0,21.5,0,21.5,0,17.2,0.25,17.2,0.25,17.2,0.25
668675,31,,,,,,,,,,,,,,,,,,,,
668677,45.5,45.5,0,45.5,0,45.5,0,45.5,0,45.5,0,45.5,0,45.5,0,45.5,0,45.5,0,45.5,0
668678,45.5,45.5,0,45.5,0,45.5,0,45.5,0,45.5,0,45.5,0,45.5,0,45.5,0,45.5,0,45.5,0
668679,45.5,45.5,0,45.5,0,45.5,0,45.5,0,45.5,0,45.5,0,45.5,0,45.5,0,45.5,0,45.5,0
668680,45.5,45.5,0,45.5,0,45.5,0,45.5,0,45.5,0,45.5,0,45.5,0,45.5,0,45.5,0,45.5,0
668681,45.5,45.5,0,45.5,0,45.5,0,45.5,0,45.5,0,45.5,0,45.5,0,45.5,0,45.5,0,45.5,0
668682,45.5,45.5,0,45.5,0,45.5,0,45.5,0,,,45.5,0,45.5,0,45.5,0,45.5,0,,
668683,45.5,45.5,0,45.5,0,45.5,0,45.5,0,45.5,0,45.5,0,45.5,0,45.5,0,45.5,0,45.5,0
668684,45.5,45.5,0,45.5,0,45.5,0,45.5,0,45.5,0,45.5,0,45.5,0,45.5,0,45.5,0,45.5,0
668686,,,,,,,,,,,,,,,,,,,,,
668687,,,,,,,,,,,,,,,,,,,,,
668688,,,,,,,,,,,,,,,,,,,,,
668689,,,,,,,,,,,,,,,,,,,,,
668690,58.5,58.5,0,58.5,0,53.5,0.0935,53.5,0.0935,55.9,0.0465,55.9,0.0465,55.9,0.0465,,,55.9,0.0465,59.5,-0.0168
668691,,,,,,,,,,,,,,,,,,,,,
668693,17.8,17.8,0,17.8,0,17.8,0,17.8,0,17.8,0,17.8,0,11.5,0.548,,,10.8,0.648,17.8,0
668694,48,48,0,48,0,48,0,48,0,48,0,48,0,48,0,48,0,48,0,48,0
668695,,,,,,,,,,,,,,,,,,,,,
668696,36.5,36.5,0,36.5,0,36.5,0,36.5,0,36.5,0,36.5,0,36.5,0,,,36.5,0,36.5,0
668697,36.5,36.5,0,36.5,0,36.5,0,36.5,0,36.5,0,36.5,0,36.5,0,36.5,0,36.5,0,36.5,0
668698,,,,,,,,,,,,,,,,,,,,,
668699,,,,,,,,,,,,,,,,,,,,,
668700,40.6,40.6,0,40.6,0,40.6,0,40.6,0,40.6,0,40.6,0,40.6,0,40.6,0,40.6,0,,
668710,,,,,,,,,,,,,,,,,,,,,
668711,,,,,,,,,,,,,,,,,,,,,
668712,,,,,,,,,,,,,,,,,,,,,
668713,,,,,,,,,,,,,,,,,,,,,
668714,,,,,,,,,,,,,,,,,,,,,
668715,,,,,,,,,,,,,,,,,,,,,
668716,55.5,55.5,0,55.5,0,55.5,0,55.5,0,55.5,0,55.5,0,55.5,0,55.5,0,55.5,0,59.9,-0.0735
668717,47.5,47.5,0,47.5,0,47.5,0,47.5,0,47.5,0,47.5,0,47.5,0,60.5,-0.215,60.5,-0.215,65.8,-0.278
668718,43.3,43.3,0,43.3,0,43.3,0,43.3,0,43.3,0,43.3,0,43.3,0,43.3,0,43.3,0,46.5,-0.0688
668719,,,,,,,,,,,,,,,,,,,,,
668720,47.5,47.5,0,47.5,0,47.5,0,47.5,0,47.5,0,47.5,0,47.5,0,60.5,-0.215,60.5,-0.215,65.8,-0.278
668721,87.5,87.5,0,87.5,0,87.5,0,87.5,0,87.5,0,87.5,0,87.5,0,87.5,0,87.5,0,98.3,-0.11
668722,47,47,0,47,0,47,0,47,0,47,0,47,0,47,0,47,0,,,50.5,-0.0693
668723,47,47,0,47,0,47,0,47,0,47,0,47,0,47,0,47,0,47,0,50.5,-0.0693
668724,43.8,43.8,0,43.8,0,43.8,0,43.8,0,43.8,0,43.8,0,43.8,0,43.8,0,43.8,0,47.4,-0.0759
668725,85.1,85.1,0,85.1,0,85.1,0,85.1,0,85.1,0,85.1,0,85.1,0,85.1,0,85.1,0,92.6,-0.081
668726,73.8,73.8,0,73.8,0,73.8,0,73.8,0,73.8,0,73.8,0,85.1,-0.133,85.1,-0.133,85.1,-0.133,92.6,-0.203
668728,18.5,18.5,0,18.5,0,18.5,0,18.5,0,18.5,0,18.5,0,18.5,0,18.5,0,18.5,0,18.5,0
668729,,,,,,,,,,,,,,,,,,,,,
668730,19,19,0,19,0,19,0,19,0,19,0,19,0,19,0,19,0,14.5,0.31,14.5,0.31
668737,81,81,0,81,0,81,0,81,0,81,0,81,0,81,0,81,0,81,0,81,0
668738,38,38,0,38,0,38,0,38,0,38,0,38,0,38,0,38,0,38,0,38.2,-0.00524
668739,12,12,0,12,0,12,0,12,0,12,0,12,0,12,0,12,0,,,,
668741,32.5,32.5,0,32.5,0,32.5,0,32.5,0,32.5,0,30.6,0.0621,30.6,0.0621,35.7,-0.0896,35.7,-0.0896,35.7,-0.0896
668742,34.4,34.4,0,34.4,0,34.4,0,34.4,0,34.4,0,31.9,0.0784,31.9,0.0784,31.9,0.0784,31.9,0.0784,31.9,0.0784
668743,40.3,40.3,0,40.3,0,40.3,0,40.3,0,40.3,0,38.4,0.0495,38.4,0.0495,48.5,-0.169,48.5,-0.169,48.5,-0.169
668744,24.3,24.3,0,24.3,0,24.3,0,24.3,0,24.3,0,,,23,0.0565,26.8,-0.0933,26.8,-0.0933,26.8,-0.0933
668745,,,,,,,,,,,,,,,,,,,,,
668746,,,,,,,,,,,,,,,,,,,,,
668747,49,49,0,49,0,49,0,49,0,49,0,49,0,49,0,47.4,0.0338,44,0.114,,
668748,,,,,,,,,,,,,,,,,,,,,
668752,,,,,,,,,,,,,,,,,,,,,
668753,,,,,,,,,,,,,,,,,,,,,
668754,44,44,0,44,0,44,0,44,0,,,,,,,,,,,53,-0.17
668764,,,,,,,,,,,,,,,,,,,,,
668765,,,,,,,,,,,,,,,,,,,,,
668766,81,81,0,81,0,81,0,81,0,81,0,,,81,0,81,0,81,0,81,0
668771,158,158,0,158,0,158,0,158,0,158,0,158,0,158,0,,,,,169,-0.068
668772,,,,,,,,,,,,,,,,,,,,,
668773,,,,,,,,,,,,,,,,,,,,,
668774,,,,,,,,,,,,,,,,,,,,,
668783,,,,,,,,,,,,,,,,,,,,,
668784,,,,,,,,,,,,,,,,,,,,,
668785,4,4,0,4,0,4,0,4,0,4,0,,,4,0,,,,,,
668786,,,,,,,,,,,,,,,,,,,,,
668788,,,,,,,,,,,,,,,,,,,,,
668789,,,,,,,,,,,,,,,,,,,,,
668800,,,,,,,,,,,,,,,,,,,,,
668801,31.1,31.1,0,31.1,0,31.1,0,31.1,0,31.1,0,31.1,0,31.1,0,31.1,0,,,,
668802,,,,,,,,,,,,,,,,,,,,,
668804,44.9,44.9,0,44.9,0,44.9,0,44.9,0,44.9,0,17.9,1.51,47,-0.0447,47,-0.0447,47,-0.0447,44.9,0
668805,44.9,44.9,0,44.9,0,44.9,0,44.9,0,44.9,0,19.4,1.31,17.9,1.51,47,-0.0447,47,-0.0447,44.9,0
668807,,,,,,,,,,,,,,,,,,,,,
668808,,,,,,,,,,,,,,,,,,,,,
668813,,,,,,,,,,,,,,,,,,,,,
668814,25,25,0,25,0,,,,,,,25,0,,,,,,,,
668815,,,,,,,,,,,,,,,,,,,,,
668816,,,,,,,,,,,,,,,,,,,,,
668818,,,,,,,,,,,,,,,,,,,,,
668819,,,,,,,,,,,,,,,,,,,,,
668820,28.9,28.9,0,31,-0.0677,31,-0.0677,31,-0.0677,31,-0.0677,26.8,0.0784,20,0.445,26.8,0.0784,31.8,-0.0912,31.8,-0.0912
668821,28.9,28.9,0,31,-0.0677,31,-0.0677,31,-0.0677,31,-0.0677,26.8,0.0784,26.8,0.0784,26.8,0.0784,31.9,-0.094,31.8,-0.0912
668822,11.1,11.1,0,11.1,0,11.1,0,11.1,0,11.1,0,11.9,-0.0672,11.9,-0.0672,,,,,11.9,-0.0672
668823,11.1,11.1,0,11.1,0,11.1,0,11.1,0,11.1,0,11.1,0,11.1,0,11.9,-0.0672,,,,
668824,11.1,11.1,0,11.1,0,11.1,0,11.1,0,11.1,0,11.9,-0.0672,,,,,,,11.9,-0.0672
668825,230,230,0,230,0,230,0,230,0,230,0,230,0,230,0,230,0,,,224,0.0263
668826,,,,,,,,,,,,,,,,,,,,,
668827,91.6,91.6,0,91.6,0,91.6,0,91.6,0,91.6,0,91.6,0,91.6,0,91.6,0,,,98.4,-0.0691
668828,58.3,58.3,0,58.3,0,58.3,0,58.3,0,58.3,0,58.3,0,58.3,0,58.3,0,,,62.5,-0.0672
668829,230,230,0,230,0,230,0,230,0,230,0,170,0.351,170,0.351,170,0.351,170,0.351,170,0.351
668830,148,148,0,148,0,148,0,148,0,148,0,148,0,148,0,148,0,148,0,148,0
668832,,,,,,,,,,,,,,,,,,,,,
668833,72.5,72.5,0,72.5,0,72.5,0,72.5,0,72.5,0,72.5,0,72.5,0,72.5,0,72.5,0,72.5,0
668834,98,98,0,98,0,98,0,98,0,98,0,98,0,98,0,98,0,98,0,98,0
668839,,,,,,,,,,,,,,,,,,,,,
668840,71.5,71.5,0,71.5,0,71.5,0,71.5,0,71.5,0,71.5,0,71.5,0,71.5,0,,,,
668841,,,,,,,,,,,,,,,,,,,,,
668842,,,,,,,,,,,,,,,,,,,,,
668843,16.8,16.8,0,16.8,0,16.8,0,16.8,0,16.8,0,16.8,0,16.8,0,,,16.8,0,,
668844,,,,,,,,,,,,,,,,,,,,,
668846,,,,,,,,,,,,,,,,,,,,,
668847,,,,,,,,,,,,,,,,,,,,,
668848,,,,,,,,,,,,,,,,,,,,,
668851,115,115,0,115,0,115,0,115,0,115,0,115,0,115,0,115,0,115,0,,
668853,115,115,0,115,0,115,0,115,0,115,0,115,0,115,0,115,0,,,,
668855,,,,,,,,,,,,,,,,,,,,,
668856,,,,,,,,,,,,,,,,,,,,,
668883,,,,,,,,,,,,,,,,,,,,,
668884,,,,,,,,,,,,,,,,,,,,,
668886,,,,,,,,,,,,,,,,,,,,,
668887,,,,,,,,,,,,,,,,,,,,,
668888,,,,,,,,,,,,,,,,,,,,,
668889,,,,,,,,,,,,,,,,,,,,,
668890,,,,,,,,,,,,,,,,,,,,,
668892,,,,,,,,,,,,,,,,,,,,,
668897,,,,,,,,,,,,,,,,,,,,,
668898,245,245,0,245,0,245,0,245,0,245,0,245,0,245,0,245,0,245,0,245,0
668900,96.6,96.6,0,96.6,0,138,-0.3,138,-0.3,138,-0.3,138,-0.3,138,-0.3,138,-0.3,138,-0.3,138,-0.3
668903,,,,,,,,,,,,,,,,,,,,,
668912,,,,,,,,,,,,,,,,,,,,,
668913,,,,,,,,,,,,,,,,,,,,,
668914,,,,,,,,,,,,,,,,,,,,,
668915,,,,,,,,,,,,,,,,,,,,,
668919,93.8,93.8,0,93.8,0,93.8,0,93.8,0,93.8,0,93.8,0,93.8,0,93.8,0,93.8,0,93.8,0
668920,,,,,,,,,,,,,,,,,,,,,
668922,15,15,0,15,0,15,0,15,0,15,0,15,0,15,0,15,0,15,0,15,0
668923,,,,,,,,,,,,,,,,,,,,,
668924,17.5,17.5,0,17.5,0,17.5,0,17.5,0,17.5,0,17.5,0,17.5,0,17.5,0,17.5,0,17.5,0
668925,13,13,0,13,0,13,0,12,0.0833,12,0.0833,12,0.0833,12,0.0833,12.9,0.00775,12.9,0.00775,14.5,-0.103
668926,12.5,12.5,0,12.5,0,12.5,0,12.5,0,12.5,0,12.5,0,12.5,0,12.5,0,12.5,0,12.5,0
668927,16.5,16.5,0,16.5,0,16.5,0,16.5,0,16.5,0,16.5,0,16.5,0,16.5,0,16.5,0,16.5,0
668928,19.5,19.5,0,19.5,0,19.5,0,19.5,0,19.5,0,19.5,0,19.5,0,19.5,0,19.5,0,19.5,0
668929,168,168,0,199,-0.156,199,-0.156,245,-0.313,245,-0.313,245,-0.313,245,-0.313,172,-0.0233,245,-0.313,205,-0.18
668931,21,21,0,21,0,21,0,21,0,21,0,21,0,21,0,21,0,21,0,21,0
668932,168,168,0,199,-0.156,199,-0.156,191,-0.121,191,-0.121,191,-0.121,,,250,-0.328,250,-0.328,205,-0.18
668933,168,168,0,199,-0.156,199,-0.156,230,-0.269,230,-0.269,230,-0.269,230,-0.269,172,-0.0233,230,-0.269,205,-0.18
668934,34.9,34.9,0,34.9,0,34.9,0,34.9,0,34.9,0,24.7,0.413,33,0.0576,33,0.0576,33,0.0576,,
668935,87.5,87.5,0,87.5,0,87.5,0,87.5,0,87.5,0,87.5,0,87.5,0,87.5,0,87.5,0,98.3,-0.11
668936,87.5,87.5,0,87.5,0,87.5,0,87.5,0,87.5,0,87.5,0,87.5,0,87.5,0,87.5,0,,
668937,87.5,87.5,0,87.5,0,87.5,0,87.5,0,87.5,0,87.5,0,87.5,0,87.5,0,87.5,0,98.3,-0.11
668938,59.4,59.4,0,59.4,0,59.4,0,59.4,0,59.4,0,59.4,0,59.4,0,59.4,0,59.4,0,64.5,-0.0791
668939,87.5,87.5,0,87.5,0,87.5,0,87.5,0,87.5,0,87.5,0,87.5,0,87.5,0,87.5,0,98.3,-0.11
668940,,,,,,,,,,,,,,,,,,,,,
668941,,,,,,,,,,,,,,,,,,,,,
668942,,,,,,,,,,,,,,,,,,,,,
668943,,,,,,,,,,,,,,,,,,,,,
668944,,,,,,,,,,,,,,,,,,,,,
668959,,,,,,,,,,,,,,,,,,,,,
668963,,,,,,,,,,,,,,,,,,,,,
668964,,,,,,,,,,,,,,,,,,,,,
668965,,,,,,,,,,,,,,,,,,,,,
668966,,,,,,,,,,,,,,,,,,,,,
668967,,,,,,,,,,,,,,,,,,,,,
668968,,,,,,,,,,,,,,,,,,,,,
668969,,,,,,,,,,,,,,,,,,,,,
668970,,,,,,,,,,,,,,,,,,,,,
668971,,,,,,,,,,,,,,,,,,,,,
668972,,,,,,,,,,,,,,,,,,,,,
668974,,,,,,,,,,,,,,,,,,,,,
668979,,,,,,,,,,,,,,,,,,,,,
668987,,,,,,,,,,,,,,,,,,,,,
668988,,,,,,,,,,,,,,,,,,,,,
668990,35.6,35.6,0,35.6,0,35.6,0,35.6,0,35.6,0,30,0.187,30,0.187,30,0.187,43.3,-0.178,43,-0.172
668991,,,,,,,,,,,,,,,,,,,,,
668992,,,,,,,,,,,,,,,,,,,,,
668995,,,,,,,,,,,,,,,,,,,,,
668996,,,,,,,,,,,,,,,,,,,,,
668997,32.2,31.7,0.0158,31.7,0.0158,31.7,0.0158,31.7,0.0158,31.7,0.0158,31.9,0.0094,31.9,0.0094,31.9,0.0094,40.8,-0.211,40.8,-0.211
668998,27.1,27.1,0,27.1,0,27.1,0,27.1,0,27.1,0,25.8,0.0504,25.8,0.0504,29.3,-0.0751,29.3,-0.0751,,
668999,10.5,10.1,0.0396,10.1,0.0396,10.1,0.0396,10.1,0.0396,10.1,0.0396,8.9,0.18,8.9,0.18,8.9,0.18,12.7,-0.173,10,0.05
669002,60,60,0,60,0,60,0,60,0,60,0,60,0,,,,,,,,
669005,49.6,49.6,0,49.6,0,62,-0.2,62,-0.2,62,-0.2,62,-0.2,62,-0.2,62,-0.2,62,-0.2,62,-0.2
669007,59.9,59.9,0,59.9,0,59.9,0,59.9,0,59.9,0,59.9,0,59.9,0,,,,,,
669008,45,45,0,45,0,45,0,45,0,45,0,27,0.667,45,0,45,0,45,0,,
669009,,,,,,,,,,,,,,,,,,,,,
669010,34.5,34.5,0,34.5,0,34.5,0,34.5,0,34.5,0,34.5,0,34.5,0,,,,,,
669011,,,,,,,,,,,,,,,,,,,,,
669012,,,,,,,,,,,,,,,,,,,,,
669013,,,,,,,,,,,,,,,,,,,,,
669014,,,,,,,,,,,,,,,,,,,,,
669015,24.5,24.5,0,24.5,0,24.5,0,24.5,0,24.5,0,24.5,0,24.5,0,24.5,0,,,,
669028,,,,,,,,,,,,,,,,,,,,,
669029,,,,,,,,,,,,,,,,,,,,,
669030,,,,,,,,,,,,,,,,,,,,,
669031,,,,,,,,,,,,,,,,,,,,,
669032,,,,,,,,,,,,,,,,,,,,,
669033,,,,,,,,,,,,,,,,,,,,,
669034,74.9,74.9,0,74.9,0,74.9,0,74.9,0,74.9,0,74.9,0,74.9,0,81.5,-0.081,81.5,-0.081,81.5,-0.081
669035,33.5,33.5,0,33.5,0,33.5,0,33.5,0,33.5,0,33.5,0,33.5,0,36,-0.0694,36,-0.0694,36,-0.0694
669036,74.9,74.9,0,74.9,0,74.9,0,74.9,0,74.9,0,74.9,0,74.9,0,81.5,-0.081,81.5,-0.081,81.5,-0.081
669038,33.5,33.5,0,33.5,0,33.5,0,33.5,0,33.5,0,33.5,0,,,36,-0.0694,36,-0.0694,36,-0.0694
669039,19.5,19.5,0,19.5,0,19.5,0,19.5,0,19.5,0,,,,,,,,,,
669040,74.9,74.9,0,74.9,0,74.9,0,74.9,0,74.9,0,74.9,0,74.9,0,81.5,-0.081,81.5,-0.081,81.5,-0.081
669041,33.5,33.5,0,33.5,0,33.5,0,33.5,0,33.5,0,33.5,0,33.5,0,36,-0.0694,36,-0.0694,36,-0.0694
669042,38.7,38.7,0,38.7,0,38.7,0,38.7,0,38.7,0,38.7,0,38.7,0,38.7,0,38.7,0,38.7,0
669043,17,17,0,17,0,17,0,17,0,,,,,17,0,17.1,-0.00585,17.1,-0.00585,17.1,-0.00585
669044,25,25,0,25,0,25,0,25,0,25,0,25,0,25,0,,,25.1,-0.00398,25.1,-0.00398
669045,38.7,38.7,0,38.7,0,,,38.7,0,38.7,0,38.7,0,,,,,,,,
669046,38.7,38.7,0,38.7,0,38.7,0,38.7,0,38.7,0,38.7,0,38.7,0,,,38.7,0,,
669047,38.7,38.7,0,38.7,0,38.7,0,38.7,0,38.7,0,38.7,0,38.7,0,38.7,0,38.7,0,38.7,0
669048,,,,,,,,,,,,,,,,,,,,,
669049,,,,,,,,,,,,,,,,,,,,,
669054,,,,,,,,,,,,,,,,,,,,,
669056,,,,,,,,,,,,,,,,,,,,,
669058,,,,,,,,,,,,,,,,,,,,,
669065,195,195,0,195,0,195,0,195,0,195,0,195,0,250,-0.22,250,-0.22,225,-0.133,239,-0.184
669067,70,70,0,70,0,70,0,70,0,70,0,70,0,70,0,70,0,70,0,70,0
669068,63,54.2,0.162,54.2,0.162,54.2,0.162,54.2,0.162,54.2,0.162,63.8,-0.0125,,,63.8,-0.0125,63.8,-0.0125,63.8,-0.0125
669069,40.3,40.3,0,40.3,0,40.3,0,40.3,0,40.3,0,48.5,-0.169,48.5,-0.169,,,48.5,-0.169,,
669070,40.3,40.3,0,40.3,0,40.3,0,40.3,0,40.3,0,43.1,-0.065,43.1,-0.065,48.5,-0.169,48.5,-0.169,48.5,-0.169
669071,28.9,28.9,0,31,-0.0677,31,-0.0677,31,-0.0677,31,-0.0677,26.8,0.0784,26.8,0.0784,26.8,0.0784,31.9,-0.094,31.8,-0.0912
669079,,,,,,,,,,,,,,,,,,,,,
669089,87.5,87.5,0,87.5,0,87.5,0,87.5,0,87.5,0,87.5,0,87.5,0,87.5,0,87.5,0,98.3,-0.11
669092,,,,,,,,,,,,,,,,,,,,,
669093,,,,,,,,,,,,,,,,,,,,,
669094,,,,,,,,,,,,,,,,,,,,,
669095,,,,,,,,,,,,,,,,,,,,,
669096,,,,,,,,,,,,,,,,,,,,,
669097,43.8,43.8,0,43.8,0,43.8,0,43.8,0,43.8,0,43.8,0,43.8,0,43.8,0,43.8,0,47.3,-0.074
669098,87.5,87.5,0,87.5,0,87.5,0,87.5,0,87.5,0,87.5,0,87.5,0,87.5,0,87.5,0,98.3,-0.11
669099,56.8,56.8,0,56.8,0,56.8,0,56.8,0,56.8,0,56.8,0,,,56.8,0,56.8,0,61.1,-0.0704
669100,56.8,56.8,0,56.8,0,56.8,0,56.8,0,56.8,0,56.8,0,,,56.8,0,57.8,-0.0173,,
669101,,,,,,,,,,,,,,,,,,,,,
669102,42.5,42.5,0,42.5,0,42.5,0,42.5,0,42.5,0,42.5,0,42.5,0,42.5,0,42.5,0,45.4,-0.0639
669103,333,333,0,333,0,333,0,333,0,333,0,333,0,333,0,333,0,333,0,333,0
669104,333,333,0,333,0,333,0,333,0,333,0,333,0,333,0,333,0,333,0,333,0
669105,,,,,,,,,,,,,,,,,,,,,
669106,,,,,,,,,,,,,,,,,,,,,
669107,,,,,,,,,,,,,,,,,,,,,
669108,104,104,0,104,0,104,0,104,0,104,0,104,0,104,0,104,0,104,0,104,0
669109,333,333,0,333,0,333,0,333,0,333,0,333,0,333,0,333,0,333,0,333,0
669110,193,193,0,193,0,193,0,193,0,193,0,193,0,193,0,193,0,193,0,193,0
669111,193,193,0,193,0,193,0,193,0,193,0,193,0,193,0,193,0,193,0,193,0
669112,,,,,,,,,,,,,,,,,,,,,
669113,193,193,0,193,0,193,0,193,0,193,0,193,0,193,0,193,0,193,0,193,0
669114,,,,,,,,,,,,,,,,,,,,,
669115,,,,,,,,,,,,,,,,,,,,,
669116,,,,,,,,,,,,,,,,,,,,,
669117,,,,,,,,,,,,,,,,,,,,,
669118,,,,,,,,,,,,,,,,,,,,,
669119,,,,,,,,,,,,,,,,,,,,,
669120,,,,,,,,,,,,,,,,,,,,,
669121,,,,,,,,,,,,,,,,,,,,,
669122,,,,,,,,,,,,,,,,,,,,,
669123,,,,,,,,,,,,,,,,,,,,,
669126,87.5,87.5,0,87.5,0,87.5,0,87.5,0,87.5,0,87.5,0,87.5,0,87.5,0,87.5,0,98.3,-0.11
669127,149,149,0,149,0,149,0,149,0,149,0,149,0,149,0,302,-0.507,,,,
669128,120,120,0,120,0,120,0,120,0,120,0,120,0,96.3,0.246,166,-0.278,193,-0.379,,
669129,,,,,,,,,,,,,,,,,,,,,
669130,,,,,,,,,,,,,,,,,,,,,
669131,,,,,,,,,,,,,,,,,,,,,
669132,14.9,14.9,0,14.9,0,14.9,0,14.9,0,14.9,0,14.9,0,,,16,-0.0687,16,-0.0687,18,-0.172
669133,37.9,37.9,0,37.9,0,37.9,0,37.9,0,37.9,0,37.9,0,,,39.9,-0.0501,39.9,-0.0501,45,-0.158
669134,90.9,90.9,0,90.9,0,90.9,0,90.9,0,90.9,0,90.9,0,90.9,0,84.9,0.0707,93.9,-0.0319,99,-0.0818
669135,14.9,14.9,0,14.9,0,14.9,0,14.9,0,14.9,0,14.9,0,,,16,-0.0687,16,-0.0687,18,-0.172
669136,,,,,,,,,,,,,,,,,,,,,
669137,27.5,27.5,0,27.5,0,27.5,0,27.5,0,27.5,0,,,27.5,0,,,,,27.5,0
669138,52.5,52.5,0,52.5,0,52.5,0,52.5,0,52.5,0,60,-0.125,60,-0.125,60,-0.125,60,-0.125,71,-0.261
669139,39.9,39.9,0,39.9,0,36.5,0.0932,36.5,0.0932,36.3,0.0992,36.3,0.0992,36.3,0.0992,,,50.2,-0.205,49.5,-0.194
669140,11,11,0,11,0,11,0,11,0,11,0,11,0,11,0,11,0,11,0,11,0
669141,17.2,17.2,0,17.2,0,17.2,0,17.2,0,17.2,0,17.2,0,17.2,0,,,17.2,0,17.2,0
669142,42.5,42.5,0,42.5,0,42.5,0,42.5,0,42.5,0,42.5,0,46.8,-0.0919,46.8,-0.0919,46.8,-0.0919,,
669143,47.5,47.5,0,47.5,0,47.5,0,47.5,0,47.5,0,47.5,0,47.5,0,60.5,-0.215,,,,
669144,33.9,33.9,0,33.9,0,33.9,0,33.9,0,33.9,0,33.9,0,33.9,0,33.9,0,33.9,0,36.9,-0.0813
669145,20.3,20.3,0,20.3,0,20.3,0,20.3,0,20.3,0,20.3,0,20.3,0,20.3,0,20.3,0,20.3,0
669146,20.3,20.3,0,20.3,0,20.3,0,20.3,0,20.3,0,20.3,0,20.3,0,20.3,0,20.3,0,20.3,0
669147,14.9,14.9,0,14.9,0,14.9,0,14.9,0,14.9,0,14.9,0,,,16,-0.0687,16,-0.0687,18,-0.172
669148,37.9,37.9,0,37.9,0,37.9,0,37.9,0,37.9,0,37.9,0,,,39.9,-0.0501,39.9,-0.0501,45,-0.158
669149,27.9,27.9,0,27.9,0,27.9,0,,,25.9,0.0772,25.9,0.0772,,,27.9,0,31.9,-0.125,31.9,-0.125
669150,14.5,14.5,0,14.5,0,14.5,0,14.5,0,14.5,0,14.5,0,14.5,0,14.5,0,15,-0.0333,21,-0.31
669151,14.5,14.5,0,14.5,0,14.5,0,14.5,0,14.5,0,14.5,0,14.5,0,14.5,0,15,-0.0333,21,-0.31
669152,14.5,14.5,0,14.5,0,14.5,0,14.5,0,14.5,0,14.5,0,14.5,0,14.5,0,15,-0.0333,,
669153,78.5,78.5,0,78.5,0,78.5,0,78.5,0,78.5,0,78.5,0,97.9,-0.198,97.9,-0.198,97.9,-0.198,,
669154,132,132,0,132,0,132,0,132,0,132,0,132,0,164,-0.199,164,-0.199,164,-0.199,,
669155,78.5,78.5,0,78.5,0,78.5,0,78.5,0,78.5,0,78.5,0,97.9,-0.198,97.9,-0.198,97.9,-0.198,,
669156,24.9,24.9,0,24.9,0,24.9,0,24.9,0,24.9,0,24.9,0,23.9,0.0418,23.9,0.0418,27,-0.0778,31.9,-0.219
669159,43,43,0,43,0,43,0,43,0,43,0,39,0.103,39,0.103,39,0.103,48.9,-0.121,,
669160,159,159,0,165,-0.0339,165,-0.0339,159,0,159,0,165,-0.0339,165,-0.0339,165,-0.0339,169,-0.0568,199,-0.199
669161,,,,,,,,,,,,,,,,,,,,,
669162,48,48,0,48,0,48,0,48,0,48,0,48,0,48,0,51,-0.0588,51,-0.0588,51,-0.0588
669163,48,48,0,48,0,48,0,48,0,48,0,48,0,48,0,51,-0.0588,51,-0.0588,51,-0.0588
669164,50.4,50.4,0,50.4,0,50.4,0,50.4,0,50.4,0,56.2,-0.103,56.2,-0.103,56.2,-0.103,56.2,-0.103,57,-0.116
669165,,,,,,,,,,,,,,,,,,,,,
669166,166,166,0,166,0,166,0,166,0,166,0,166,0,166,0,,,,,167,-0.0048
669178,,,,,,,,,,,,,,,,,,,,,
669209,,,,,,,,,,,,,,,,,,,,,
669210,,,,,,,,,,,,,,,,,,,,,
669212,72,72,0,72,0,72,0,72,0,72,0,72,0,72,0,72,0,72,0,,
669215,55,55,0,55,0,55,0,55,0,55,0,55,0,55,0,55,0,55,0,,
669216,,,,,,,,,,,,,,,,,,,,,
669236,42.5,42.5,0,42.5,0,42.5,0,42.5,0,42.5,0,42.5,0,42.5,0,42.5,0,42.5,0,45.4,-0.0639
669237,21.1,21.1,0,21.1,0,21.1,0,21.1,0,21.1,0,21.1,0,24.6,-0.142,24.6,-0.142,24.6,-0.142,24.6,-0.142
669238,,,,,,,,,,,,,,,,,,,,,
669239,,,,,,,,,,,,,,,,,,,,,
669275,10.8,10.8,0,10.8,0,10.8,0,10.8,0,12.5,-0.136,,,12.5,-0.136,12.5,-0.136,12,-0.1,12,-0.1
669276,,,,,,,,,,,,,,,,,,,,,
669277,,,,,,,,,,,,,,,,,,,,,
669278,,,,,,,,,,,,,,,,,,,,,
669290,,,,,,,,,,,,,,,,,,,,,
669294,31,31,0,31,0,31,0,31,0,31,0,,,31,0,31,0,31,0,31,0
669295,96.9,96.9,0,96.9,0,96.9,0,96.9,0,96.9,0,96.9,0,96.9,0,96.9,0,96.9,0,96.9,0
669296,87.2,87.2,0,87.2,0,87.2,0,87.2,0,87.2,0,96.9,-0.1,96.9,-0.1,96.9,-0.1,96.9,-0.1,96.9,-0.1
669297,96.9,96.9,0,96.9,0,96.9,0,96.9,0,96.9,0,96.9,0,96.9,0,96.9,0,96.9,0,96.9,0
669298,,,,,,,,,,,,,,,,,,,,,
669299,25,25,0,25,0,25,0,25,0,25,0,25,0,25,0,25.1,-0.00398,25.1,-0.00398,25.1,-0.00398
669300,38,38,0,38,0,38,0,38,0,38,0,38,0,38,0,38.2,-0.00524,38.2,-0.00524,38.2,-0.00524
669303,,,,,,,,,,,,,,,,,,,,,
669304,,,,,,,,,,,,,,,,,,,,,
669305,,,,,,,,,,,,,,,,,,,,,
669306,,,,,,,,,,,,,,,,,,,,,
669307,,,,,,,,,,,,,,,,,,,,,
669308,,,,,,,,,,,,,,,,,,,,,
669309,,,,,,,,,,,,,,,,,,,,,
669310,,,,,,,,,,,,,,,,,,,,,
669311,,,,,,,,,,,,,,,,,,,,,
669312,35,35,0,35,0,35,0,35,0,35,0,35,0,35,0,35,0,,,35,0
669313,35,35,0,35,0,35,0,35,0,35,0,35,0,35,0,35,0,35,0,35,0
669314,36.4,36.4,0,36.4,0,36.4,0,36.4,0,36.4,0,,,,,,,36.4,0,,
669315,36.4,36.4,0,36.4,0,36.4,0,36.4,0,36.4,0,36.4,0,36.4,0,36.4,0,,,,
669316,,,,,,,,,,,,,,,,,,,,,
669317,,,,,,,,,,,,,,,,,,,,,
669318,,,,,,,,,,,,,,,,,,,,,
669319,,,,,,,,,,,,,,,,,,,,,
669320,,,,,,,,,,,,,,,,,,,,,
669321,101,98.1,0.0306,98.1,0.0306,98.1,0.0306,98.1,0.0306,98.1,0.0306,76.5,0.322,76.5,0.322,111,-0.0884,,,111,-0.0884
669322,34.4,34.4,0,34.4,0,34.4,0,34.4,0,34.4,0,32.2,0.0683,32.2,0.0683,34.4,0,34.4,0,34.4,0
669324,405,405,0,405,0,405,0,405,0,405,0,405,0,405,0,405,0,405,0,354,0.144
669325,430,430,0,430,0,430,0,430,0,430,0,430,0,430,0,430,0,430,0,375,0.147
669326,,,,,,,,,,,,,,,,,,,,,
669327,,,,,,,,,,,,,,,,,,,,,
669328,,,,,,,,,,,,,,,,,,,,,
669330,,,,,,,,,,,,,,,,,,,,,
669331,,,,,,,,,,,,,,,,,,,,,
669332,,,,,,,,,,,,,,,,,,,,,
669335,6,6,0,6,0,6,0,6,0,6,0,6,0,6,0,,,,,,
669336,17,17,0,17,0,17,0,17,0,17,0,17,0,,,,,,,,
669337,17,17,0,17,0,17,0,17,0,17,0,17,0,18.3,-0.071,,,,,,
669338,13.5,13.5,0,13.5,0,13.5,0,13.5,0,13.5,0,13.5,0,13.5,0,13.5,0,13.5,0,13.5,0
669341,13.5,13.5,0,13.5,0,13.5,0,13.5,0,13.5,0,13.5,0,13.5,0,13.5,0,13.5,0,13.5,0
669342,16,16,0,16,0,16,0,16,0,16,0,16,0,16,0,16,0,16,0,16,0
669343,13,13,0,13,0,13,0,13,0,13,0,13,0,13,0,13,0,13,0,13,0
669344,21,21,0,21,0,21,0,21,0,21,0,21,0,21,0,21,0,21,0,21,0
669345,13.5,13.5,0,13.5,0,13.5,0,13.5,0,13.5,0,13.5,0,13.5,0,13.5,0,13.5,0,13.5,0
669346,11,11,0,11,0,11,0,11,0,11,0,11,0,11,0,11,0,11,0,11,0
669347,,,,,,,,,,,,,,,,,,,,,
669348,,,,,,,,,,,,,,,,,,,,,
669351,180,180,0,180,0,180,0,180,0,180,0,,,,,,,,,,
669353,,,,,,,,,,,,,,,,,,,,,
669354,,,,,,,,,,,,,,,,,,,,,
669355,77.5,77.5,0,77.5,0,77.5,0,77.5,0,77.5,0,77.5,0,77.5,0,77.5,0,77.5,0,77.5,0
669356,72,72,0,72,0,72,0,72,0,72,0,,,72,0,72,0,72,0,77.5,-0.071
669357,47.5,47.5,0,47.5,0,47.5,0,47.5,0,47.5,0,47.5,0,47.5,0,47.5,0,47.5,0,51,-0.0686
669358,45.6,45.6,0,45.6,0,45.6,0,45.6,0,45.6,0,45.6,0,45.6,0,45.6,0,45.6,0,45.6,0
669359,65.8,65.8,0,65.8,0,65.8,0,65.8,0,65.8,0,65.8,0,65.8,0,65.8,0,65.8,0,70,-0.06
669360,97.4,97.4,0,97.4,0,97.4,0,97.4,0,97.4,0,97.4,0,97.4,0,97.4,0,97.4,0,100,-0.0279
669361,32.1,32.1,0,32.1,0,32.1,0,32.1,0,32.1,0,32.1,0,35,-0.0829,35,-0.0829,35,-0.0829,37.6,-0.146
669362,47,47,0,47,0,47,0,47,0,47,0,47,0,47,0,47,0,62,-0.242,51.5,-0.0874
669363,38,38,0,38,0,38,0,38,0,38,0,38,0,38,0,38,0,50,-0.24,41.5,-0.0843
669364,130,130,0,130,0,130,0,130,0,130,0,130,0,130,0,130,0,130,0,145,-0.103
669365,130,130,0,130,0,130,0,130,0,130,0,130,0,130,0,130,0,130,0,145,-0.103
669366,65,65,0,65,0,65,0,65,0,65,0,65,0,65,0,65,0,65,0,65,0
669367,23.3,23.3,0,23.3,0,23.3,0,23.3,0,23.3,0,23.3,0,23.3,0,23.3,0,,,23,0.013
669368,23.3,23.3,0,23.3,0,23.3,0,23.3,0,23.3,0,23.3,0,23.3,0,23.3,0,,,23,0.013
669369,21.1,21.1,0,21.1,0,21.1,0,21.1,0,21.1,0,21.1,0,24.6,-0.142,24.6,-0.142,24.6,-0.142,24.6,-0.142
669370,,,,,,,,,,,,,,,,,,,,,
669371,,,,,,,,,,,,,,,,,,,,,
669372,,,,,,,,,,,,,,,,,,,,,
669373,,,,,,,,,,,,,,,,,,,,,
669374,,,,,,,,,,,,,,,,,,,,,
669375,42.9,42.9,0,42.9,0,42.9,0,40.9,0.0489,,,37.6,0.141,40.9,0.0489,46,-0.0674,53,-0.191,,
669376,,,,,,,,,,,,,,,,,,,,,
669377,21,21,0,21,0,21,0,21,0,21,0,21,0,16,0.312,21,0,21,0,16.5,0.273
669378,18.6,18.6,0,18.6,0,18.6,0,18.6,0,18.6,0,18.6,0,18.6,0,15,0.24,21,-0.114,21,-0.114
669379,90,90,0,90,0,90,0,90,0,90,0,90,0,264,-0.659,264,-0.659,264,-0.659,264,-0.659
669380,175,175,0,175,0,175,0,175,0,175,0,175,0,175,0,,,,,,
669381,179,179,0,179,0,179,0,179,0,179,0,179,0,179,0,179,0,,,,
669382,179,179,0,179,0,179,0,179,0,179,0,179,0,179,0,179,0,179,0,,
669383,,,,,,,,,,,,,,,,,,,,,
669384,97,97,0,97,0,97,0,97,0,97,0,97,0,97,0,97,0,97,0,97,0
669385,100,100,0,100,0,100,0,100,0,100,0,100,0,100,0,100,0,100,0,,
669387,21.9,21.9,0,25.5,-0.141,25.5,-0.141,25.5,-0.141,25.5,-0.141,25.5,-0.141,25.5,-0.141,24.9,-0.12,28.5,-0.232,31.4,-0.303
669388,22.9,22.9,0,22.9,0,22.9,0,22.9,0,22.9,0,22.9,0,22.9,0,25,-0.084,25,-0.084,28,-0.182
669389,22.5,22.5,0,22.5,0,22.5,0,22.5,0,22.5,0,22.5,0,22.5,0,22.5,0,25.5,-0.118,28.5,-0.211
669390,22.5,22.5,0,25.5,-0.118,25.5,-0.118,25.5,-0.118,25.5,-0.118,25.5,-0.118,25.5,-0.118,24.9,-0.0964,28.5,-0.211,31.5,-0.286
669391,,,,,,,,,,,,,,,,,,,,,
669392,20.9,20.9,0,20.9,0,20.9,0,20.9,0,20.9,0,20.9,0,20.9,0,19.9,0.0503,23,-0.0913,24,-0.129
669393,,,,,,,,,,,,,,,,,,,,,
669394,38.9,38.9,0,38.9,0,38.9,0,38.9,0,38.9,0,38.9,0,38.9,0,38.9,0,38.9,0,41.9,-0.0716
669395,38.9,38.9,0,38.9,0,38.9,0,38.9,0,38.9,0,38.9,0,38.9,0,38.9,0,38.9,0,41.9,-0.0716
669396,43.3,43.3,0,43.3,0,43.3,0,43.3,0,43.3,0,43.3,0,43.3,0,43.3,0,,,46.5,-0.0688
669397,97.8,97.8,0,97.8,0,97.8,0,97.8,0,97.8,0,97.8,0,97.8,0,97.8,0,97.8,0,,
669398,70.9,70.9,0,70.9,0,70.9,0,102,-0.307,102,-0.307,102,-0.307,102,-0.307,102,-0.307,,,102,-0.307
669399,104,104,0,104,0,104,0,104,0,104,0,104,0,104,0,104,0,104,0,,
669400,64.8,64.8,0,64.8,0,64.8,0,104,-0.374,104,-0.374,104,-0.374,104,-0.374,104,-0.374,104,-0.374,104,-0.374
669500,,,,,,,,,,,,,,,,,,,,,
669503,299,299,0,299,0,299,0,,,,,299,0,299,0,,,,,,
669504,,,,,,,,,,,,,,,,,,,,,
669505,,,,,,,,,,,,,,,,,,,,,
669506,,,,,,,,,,,,,,,,,,,,,
669507,,,,,,,,,,,,,,,,,,,,,
669508,89.6,89.6,0,89.6,0,89.6,0,89.6,0,89.6,0,89.6,0,89.6,0,89.6,0,,,,
669509,42.9,42.9,0,42.9,0,42.9,0,40.9,0.0489,40.9,0.0489,37.6,0.141,40.9,0.0489,46,-0.0674,53,-0.191,52,-0.175
669510,17.9,17.9,0,17.9,0,17.9,0,16.9,0.0592,16.9,0.0592,16.9,0.0592,16.9,0.0592,17.5,0.0229,21.5,-0.167,21.5,-0.167
669511,180,180,0,180,0,180,0,180,0,180,0,180,0,180,0,,,281,-0.359,300,-0.4
669512,180,180,0,180,0,180,0,180,0,180,0,180,0,180,0,180,0,281,-0.359,295,-0.39
669513,180,180,0,180,0,180,0,180,0,180,0,180,0,180,0,180,0,281,-0.359,295,-0.39
669514,,,,,,,,,,,,,,,,,,,,,
669517,,,,,,,,,,,,,,,,,,,,,
669526,,,,,,,,,,,,,,,,,,,,,
669528,,,,,,,,,,,,,,,,,,,,,
669531,,,,,,,,,,,,,,,,,,,,,
669532,,,,,,,,,,,,,,,,,,,,,
669533,,,,,,,,,,,,,,,,,,,,,
669537,,,,,,,,,,,,,,,,,,,,,
669550,,,,,,,,,,,,,,,,,,,,,
669552,,,,,,,,,,,,,,,,,,,,,
669554,,,,,,,,,,,,,,,,,,,,,
669566,,,,,,,,,,,,,,,,,,,,,
669568,,,,,,,,,,,,,,,,,,,,,
669574,,,,,,,,,,,,,,,,,,,,,
669576,36,36,0,36,0,36,0,36,0,36,0,36,0,36,0,,,,,,
669577,102,102,0,102,0,102,0,102,0,102,0,102,0,102,0,,,,,,
669578,,,,,,,,,,,,,,,,,,,,,
669581,,,,,,,,,,,,,,,,,,,,,
669597,9.9,9.9,0,12.3,-0.195,12.3,-0.195,9.9,0,9.9,0,12.3,-0.195,9.9,0,9.2,0.0761,9,0.1,,
669599,27.9,27.9,0,27.9,0,27.9,0,25.9,0.0772,25.9,0.0772,25.9,0.0772,24.9,0.12,22.9,0.218,31.9,-0.125,39.9,-0.301
669600,27.9,27.9,0,27.9,0,27.9,0,25.9,0.0772,25.9,0.0772,25.9,0.0772,24.9,0.12,22.9,0.218,31.9,-0.125,39.9,-0.301
669601,38.9,38.9,0,38.9,0,38.9,0,36.9,0.0542,,,34.9,0.115,,,38.9,0,44.9,-0.134,51.9,-0.25
669602,32.9,32.9,0,32.9,0,32.9,0,29.9,0.1,29.9,0.1,,,,,33.9,-0.0295,41.9,-0.215,45.9,-0.283
669603,11.5,11.5,0,11.5,0,11.5,0,11.5,0,11.5,0,11.5,0,10.5,0.0952,10.5,0.0952,10.5,0.0952,16,-0.281
669625,24,24,0,24,0,24,0,24,0,24,0,24,0,24,0,24,0,24,0,,
669626,24,24,0,24,0,24,0,24,0,24,0,24,0,24,0,24,0,24,0,,
669627,26,26,0,26,0,26,0,26,0,26,0,26,0,26,0,26,0,26,0,,
669628,24,24,0,24,0,24,0,24,0,24,0,24,0,24,0,24,0,24,0,,
669630,27,27,0,27,0,27,0,27,0,,,,,28.9,-0.0657,28.9,-0.0657,42.9,-0.371,,
669631,22.9,22.9,0,22.9,0,22.9,0,22.9,0,22.9,0,22.9,0,22.9,0,21.9,0.0457,25,-0.084,,
669632,180,180,0,180,0,180,0,180,0,180,0,180,0,180,0,180,0,281,-0.359,,
669633,7.2,7.2,0,7.2,0,7.2,0,7.2,0,7.5,-0.04,7.5,-0.04,6,0.2,7.5,-0.04,7.5,-0.04,,
669649,22.5,22.5,0,22.5,0,25,-0.1,22.5,0,22.5,0,22.5,0,22.5,0,22.5,0,22.5,0,,
669650,26,26,0,26,0,26,0,22.5,0.156,22.5,0.156,,,,,22.5,0.156,22.5,0.156,,
669651,45,45,0,45,0,45,0,45,0,45,0,45,0,45,0,45,0,45,0,,
669652,45,45,0,45,0,45,0,45,0,45,0,45,0,45,0,45,0,45,0,,
669654,35,35,0,35,0,35,0,35,0,35,0,35,0,35,0,35,0,35,0,,
669655,35,35,0,35,0,35,0,35,0,35,0,35,0,35,0,,,35,0,,
669657,35,35,0,35,0,35,0,35,0,35,0,35,0,35,0,,,,,,
669658,32.5,32.5,0,32.5,0,32.5,0,32.5,0,32.5,0,32.5,0,32.5,0,,,,,,
669659,32.5,32.5,0,32.5,0,32.5,0,32.5,0,32.5,0,32.5,0,32.5,0,32.5,0,32.5,0,,
669660,32.5,32.5,0,32.5,0,32.5,0,32.5,0,32.5,0,32.5,0,32.5,0,32.5,0,32.5,0,,
669661,32.5,32.5,0,32.5,0,32.5,0,32.5,0,32.5,0,32.5,0,32.5,0,,,,,,
669670,,,,,,,,,,,,,,,,,,,,,
669671,,,,,,,,,,,,,,,,,,,,,
669672,,,,,,,,,,,,,,,,,,,,,
669674,,,,,,,,,,,,,,,,,,,,,
669676,,,,,,,,,,,,,,,,,,,,,
669681,,,,,,,,,,,,,,,,,,,,,
669686,,,,,,,,,,,,,,,,,,,,,
669692,,,,,,,,,,,,,,,,,,,,,
669697,,,,,,,,,,,,,,,,,,,,,
669700,,,,,,,,,,,,,,,,,,,,,
669704,,,,,,,,,,,,,,,,,,,,,
669708,24.9,24.9,0,24.9,0,24.9,0,24.9,0,,,18.1,0.376,25.9,-0.0386,23.6,0.0551,27.7,-0.101,,
669709,,,,,,,,,,,,,,,,,,,,,
669710,,,,,,,,,,,,,,,,,,,,,
669711,14.9,14.9,0,14.9,0,14.9,0,14.9,0,14.9,0,14.9,0,14.9,0,14.9,0,14.9,0,,
669712,,,,,,,,,,,,,,,,,,,,,
669713,12,12,0,12,0,,,12,0,12,0,12,0,12,0,12,0,12,0,,
669714,24,24,0,24,0,24,0,24,0,24,0,24,0,24,0,24,0,24,0,,
669715,18,18,0,18,0,18,0,18,0,18,0,18,0,18,0,18,0,18,0,,
669716,24,24,0,24,0,24,0,24,0,24,0,24,0,24,0,24,0,24,0,,
669717,14,14,0,14,0,14,0,14,0,14,0,14,0,14,0,14,0,14,0,,
669718,18.5,18.5,0,18.5,0,18.5,0,18.5,0,18.5,0,18.5,0,,,18.5,0,,,,
669719,,,,,,,,,,,,,,,,,,,,,
669720,,,,,,,,,,,,,,,,,,,,,
669721,13.9,13.9,0,13.9,0,13.9,0,13.9,0,13.9,0,13.9,0,15.5,-0.103,18,-0.228,19,-0.268,,
669722,18.9,18.9,0,18.9,0,18.9,0,18.9,0,18.9,0,18.9,0,,,21,-0.1,21,-0.1,,
669723,19.9,19.9,0,19.9,0,19.9,0,19.9,0,19.9,0,19.9,0,,,23,-0.135,23,-0.135,,
669724,15.9,15.9,0,15.9,0,15.9,0,15.9,0,15.9,0,15.9,0,15.9,0,16,-0.00625,16,-0.00625,,
669725,45.9,45.9,0,45.9,0,45.9,0,45.9,0,45.9,0,45.9,0,45.9,0,49.9,-0.0802,55.9,-0.179,,
669726,45.9,45.9,0,45.9,0,45.9,0,45.9,0,45.9,0,45.9,0,45.9,0,49.9,-0.0802,55.9,-0.179,,
669738,160,160,0,175,-0.0857,175,-0.0857,175,-0.0857,,,,,,,,,,,,
669739,20.5,20.5,0,20.5,0,20.5,0,20.5,0,20.5,0,20.5,0,,,20.5,0,23.5,-0.128,,
669740,20.5,20.5,0,20.5,0,20.5,0,20.5,0,20.5,0,20.5,0,20.5,0,20.5,0,23.5,-0.128,,
669741,31.5,31.5,0,31.5,0,31.5,0,31.5,0,31.5,0,31.5,0,31.5,0,31.5,0,,,,
669742,31.5,31.5,0,31.5,0,31.5,0,31.5,0,31.5,0,31.5,0,31.5,0,26,0.212,,,,
669744,,,,,,,,,,,,,,,,,,,,,
669746,,,,,,,,,,,,,,,,,,,,,
669747,,,,,,,,,,,,,,,,,,,,,
669748,28.4,28.4,0,28.4,0,28.4,0,28.4,0,28.4,0,,,,,28.5,-0.00351,28.5,-0.00351,,
669749,,,,,,,,,,,,,,,,,,,,,
669750,,,,,,,,,,,,,,,,,,,,,
669751,72,72,0,72,0,72,0,72,0,72,0,72,0,72,0,72,0,72,0,,
669752,,,,,,,,,,,,,,,,,,,,,
669753,26.5,26.5,0,26.5,0,26.5,0,26.5,0,26.5,0,26.5,0,26.5,0,,,,,,
669754,25,25,0,25,0,25,0,25,0,25,0,25,0,28.5,-0.123,28.5,-0.123,,,,
669755,13.5,13.5,0,13.5,0,13.5,0,13.5,0,13.5,0,13.5,0,13.5,0,,,,,,
669756,25,25,0,25,0,25,0,25,0,,,,,,,,,,,,
669757,13.5,13.5,0,13.5,0,13.5,0,13.5,0,,,,,,,,,,,,
669759,26.5,26.5,0,26.5,0,26.5,0,26.5,0,26.5,0,26.5,0,26.5,0,26.5,0,24,0.104,,
669760,16.5,16.5,0,16.5,0,16.5,0,16.5,0,16.5,0,16.5,0,16.5,0,16.5,0,,,,
669817,73,73,0,73,0,73,0,73,0,73,0,73,0,73,0,73,0,,,,
669818,103,103,0,103,0,103,0,103,0,103,0,103,0,103,0,103,0,,,,
669819,103,103,0,103,0,103,0,103,0,103,0,103,0,103,0,,,,,,
669820,49.8,49.8,0,49.8,0,49.8,0,49.8,0,49.8,0,49.8,0,49.8,0,49.8,0,,,,
669821,33.8,33.8,0,33.8,0,33.8,0,33.8,0,33.8,0,33.8,0,33.8,0,33.8,0,,,,
669822,33.8,33.8,0,33.8,0,33.8,0,33.8,0,33.8,0,33.8,0,33.8,0,33.8,0,,,,
669823,49.8,49.8,0,49.8,0,49.8,0,49.8,0,49.8,0,49.8,0,49.8,0,49.8,0,,,,
669824,55.2,55.2,0,55.2,0,55.2,0,55.2,0,55.2,0,55.2,0,55.2,0,55.1,0.00181,,,,
669825,43.1,43.1,0,43.1,0,43.1,0,43.1,0,43.1,0,43.1,0,43.1,0,,,,,,
669827,24.9,24.9,0,24.9,0,24.9,0,24.9,0,24.9,0,24.9,0,24.9,0,24.9,0,,,,
669829,,,,,,,,,,,,,,,,,,,,,
669831,34.9,34.9,0,34.9,0,34.9,0,34.9,0,34.9,0,34.9,0,,,32.9,0.0608,,,,
669832,63,63,0,63,0,63,0,63,0,63,0,63,0,63,0,63,0,,,,
669833,77.9,77.9,0,77.9,0,77.9,0,77.9,0,77.9,0,77.9,0,77.9,0,77.9,0,,,,
669834,77.9,77.9,0,77.9,0,77.9,0,73.9,0.0541,73.9,0.0541,,,,,68,0.146,,,,
669835,77.9,77.9,0,77.9,0,77.9,0,73.9,0.0541,73.9,0.0541,,,,,68,0.146,,,,
669836,32.5,32.5,0,32.5,0,32.5,0,32.5,0,32.5,0,32.5,0,32.5,0,,,,,,
669837,130,130,0,130,0,130,0,130,0,130,0,130,0,130,0,130,0,,,,
669838,110,110,0,110,0,110,0,110,0,110,0,110,0,,,110,0,,,,
669839,110,110,0,110,0,110,0,110,0,110,0,110,0,110,0,110,0,,,,
669840,85,85,0,85,0,85,0,85,0,85,0,85,0,85,0,85,0,,,,
669841,95,95,0,95,0,95,0,95,0,95,0,95,0,95,0,95,0,,,,
669842,,,,,,,,,,,,,,,,,,,,,
669849,135,135,0,135,0,135,0,135,0,135,0,135,0,135,0,135,0,,,,
669850,115,115,0,115,0,115,0,115,0,115,0,115,0,115,0,115,0,,,,
669851,105,105,0,105,0,105,0,105,0,105,0,105,0,105,0,,,,,,
669852,128,128,0,128,0,128,0,128,0,128,0,128,0,128,0,128,0,,,,
669853,135,135,0,135,0,135,0,135,0,135,0,135,0,135,0,135,0,,,,
669856,165,165,0,165,0,165,0,165,0,165,0,165,0,165,0,165,0,,,,
669857,165,165,0,165,0,165,0,165,0,165,0,165,0,165,0,165,0,,,,
669862,81.8,81.8,0,81.8,0,81.8,0,81.8,0,81.8,0,81.8,0,81.8,0,81.8,0,,,,
669901,49.9,49.9,0,49.9,0,49.9,0,49.9,0,49.9,0,49.9,0,,,49.9,0,45.9,0.0871,,
669902,49.9,49.9,0,49.9,0,49.9,0,49.9,0,49.9,0,49.9,0,,,,,45.9,0.0871,45.9,0.0871
669903,49.9,49.9,0,49.9,0,49.9,0,49.9,0,49.9,0,,,,,49.9,0,45.9,0.0871,45.9,0.0871
669904,35,35,0,35,0,35,0,35,0,35,0,35,0,35,0,35,0,35,0,35,0
669905,,,,,,,,,,,,,,,,,,,,,
669906,28.5,28.5,0,28.5,0,28.5,0,28.5,0,28.5,0,28.5,0,28.5,0,28.5,0,28.5,0,28.5,0
669907,,,,,,,,,,,,,,,,,,,,,
669908,,,,,,,,,,,,,,,,,,,,,
669909,27.5,27.5,0,27.5,0,27.5,0,27.5,0,27.5,0,27.5,0,27.5,0,27.5,0,27.5,0,27.5,0
669912,,,,,,,,,,,,,,,,,,,,,
669913,,,,,,,,,,,,,,,,,,,,,
669916,24.9,24.9,0,24.9,0,24.9,0,24.9,0,24.9,0,24.9,0,,,24.9,0,,,,
669917,24.9,24.9,0,24.9,0,24.9,0,,,24.9,0,24.9,0,24.9,0,24.9,0,,,,
669918,,,,,,,,,,,,,,,,,,,,,
669924,10.5,10.1,0.0396,10.1,0.0396,10.1,0.0396,10.1,0.0396,10.1,0.0396,8.9,0.18,8.9,0.18,8.9,0.18,12.7,-0.173,10,0.05
669925,10.5,10.1,0.0396,10.1,0.0396,10.1,0.0396,10.1,0.0396,10.1,0.0396,8.9,0.18,8.9,0.18,8.9,0.18,12.7,-0.173,10,0.05
669991,35,35,0,35,0,39,-0.103,39,-0.103,39,-0.103,39,-0.103,39,-0.103,39,-0.103,39,-0.103,35,0
669992,,,,,,,,,,,,,,,,,,,,,
670002,17.9,17.9,0,17.9,0,17.9,0,17.9,0,17.9,0,,,17.9,0,19,-0.0579,19,-0.0579,19,-0.0579
670003,20.5,20.5,0,20.5,0,20.5,0,20.5,0,,,16.9,0.213,16.9,0.213,26.5,-0.226,26.5,-0.226,26.5,-0.226
670004,16.9,16.9,0,16.9,0,16.9,0,16.9,0,16.9,0,16.9,0,16.9,0,26.5,-0.362,26.5,-0.362,26.5,-0.362
670005,,,,,,,,,,,,,,,,,,,,,
670006,17.5,17.5,0,17.5,0,17.5,0,17.5,0,17.5,0,17.5,0,17.5,0,25.5,-0.314,25.5,-0.314,25.5,-0.314
670007,17.5,17.5,0,17.5,0,17.5,0,17.5,0,17.5,0,17.5,0,17.5,0,19,-0.0789,19,-0.0789,19,-0.0789
670013,29,29,0,29,0,28.5,0.0175,23.9,0.213,23.9,0.213,28.5,0.0175,28.5,0.0175,27,0.0741,27,0.0741,27,0.0741
670026,,,,,,,,,,,,,,,,,,,,,
670042,,,,,,,,,,,,,,,,,,,,,
670045,,,,,,,,,,,,,,,,,,,,,
670046,,,,,,,,,,,,,,,,,,,,,
670047,,,,,,,,,,,,,,,,,,,,,
670048,93,93,0,93,0,93,0,93,0,93,0,93,0,93,0,95.4,-0.0252,95.4,-0.0252,95.4,-0.0252
670050,,,,,,,,,,,,,,,,,,,,,
670054,36.5,36.5,0,36.5,0,,,36.5,0,36.5,0,36.5,0,36.5,0,36.5,0,29.9,0.221,32.5,0.123
670056,37.5,37.5,0,37.5,0,,,37.5,0,37.5,0,37.5,0,37.5,0,37.5,0,26.9,0.394,30,0.25
670057,43.5,43.5,0,43.5,0,,,43.5,0,43.5,0,43.5,0,,,,,,,34.9,0.246
670058,78.5,78.5,0,78.5,0,,,78.5,0,78.5,0,78.5,0,78.5,0,,,,,,
670059,81,81,0,81,0,,,81,0,81,0,81,0,81,0,81,0,69.9,0.159,69.9,0.159
670061,46,46,0,,,,,,,46,0,50,-0.08,50,-0.08,42.5,0.0824,42.5,0.0824,,
670062,112,112,0,,,,,112,0,112,0,112,0,125,-0.1,99,0.136,99,0.136,115,-0.0217
670063,25,25,0,,,,,,,25,0,28.8,-0.132,28.8,-0.132,21.3,0.174,21.3,0.174,25,0
670068,42.9,42.9,0,50.5,-0.15,50.5,-0.15,50.5,-0.15,50.5,-0.15,50.5,-0.15,,,50.5,-0.15,50.5,-0.15,47.2,-0.0911
670072,73.5,64,0.148,64,0.148,64,0.148,64,0.148,64,0.148,64,0.148,,,64,0.148,81.8,-0.101,77,-0.0455
670073,79,69,0.145,69,0.145,69,0.145,69,0.145,69,0.145,,,,,69,0.145,88,-0.102,72,0.0972
670074,,,,,,,,,,,,,,,,,,,,,
670076,,,,,,,,,,,,,,,,,,,,,
670087,98,98,0,98,0,98,0,98,0,98,0,95,0.0316,95,0.0316,86,0.14,86,0.14,86,0.14
670097,125,125,0,125,0,125,0,125,0,125,0,125,0,,,125,0,125,0,125,0
670100,,,,,,,,,,,,,,,,,,,,,
670131,,,,,,,,,,,,,,,,,,,,,
670133,,,,,,,,,,,,,,,,,,,,,
670169,,,,,,,,,,,,,,,,,,,,,
670188,13.5,13.5,0,13.5,0,13.5,0,13.5,0,13.5,0,13.5,0,13.5,0,13.5,0,13.5,0,15,-0.1
670192,18.5,18.5,0,18.5,0,18.5,0,18.5,0,18.5,0,18.5,0,18.5,0,18.5,0,18.5,0,18.5,0
670198,16.9,16.9,0,16.9,0,16.9,0,16.9,0,16.9,0,16.9,0,16.9,0,16.9,0,16.9,0,16.9,0
670203,17.3,17.3,0,17.3,0,17.3,0,17.3,0,17.3,0,17.3,0,,,17.3,0,17.3,0,15.9,0.0881
670204,20,20,0,,,20,0,20,0,20,0,20,0,20,0,20,0,20,0,20,0
670213,152,152,0,152,0,152,0,152,0,152,0,152,0,152,0,152,0,152,0,152,0
670220,21.3,21.3,0,21.3,0,21.3,0,21.3,0,21.3,0,21.3,0,21.3,0,21.3,0,21.3,0,21.3,0
670221,18.8,18.8,0,18.8,0,18.8,0,18.8,0,18.8,0,18.8,0,18.8,0,17.5,0.0743,17.5,0.0743,17.5,0.0743
670222,16.3,16.3,0,16.3,0,16.3,0,16.3,0,16.3,0,16.3,0,16.3,0,15,0.0867,15,0.0867,15,0.0867
670227,,,,,,,,,,,,,,,,,,,,,
670232,,,,,,,,,,,,,,,,,,,,,
670233,75.9,75.9,0,75.9,0,,,75.9,0,,,,,,,75.9,0,63,0.205,63,0.205
670245,7.5,7.5,0,7.5,0,7.5,0,7.5,0,7.5,0,7.5,0,7.5,0,7.5,0,7.5,0,7.5,0
670270,47,47,0,55.5,-0.153,55.5,-0.153,55.5,-0.153,55.5,-0.153,55.5,-0.153,,,55.5,-0.153,55.5,-0.153,51.4,-0.0856
670276,9.5,9.5,0,9.5,0,9.5,0,9.5,0,9.5,0,9.5,0,9.5,0,9.5,0,9.5,0,10.8,-0.12
670291,23.5,23.5,0,23.5,0,23.5,0,23.5,0,23.5,0,23.5,0,23.5,0,32.8,-0.284,32.8,-0.284,32.8,-0.284
670303,8.6,8.6,0,8.6,0,8.6,0,8.6,0,8.6,0,8.6,0,8.1,0.0617,8.1,0.0617,8.1,0.0617,8.1,0.0617
670307,23.8,23.8,0,23.8,0,23.8,0,23.8,0,23.8,0,,,23.8,0,23.8,0,23.8,0,,
670308,23.8,23.8,0,23.8,0,23.8,0,23.8,0,23.8,0,23.8,0,23.8,0,23.8,0,23.8,0,,
670309,23.8,23.8,0,23.8,0,23.8,0,23.8,0,23.8,0,23.8,0,23.8,0,23.8,0,23.8,0,23.8,0
670310,18.8,18.8,0,18.8,0,18.8,0,18.8,0,18.8,0,18.8,0,18.8,0,18.8,0,18.8,0,18.8,0
670311,18.8,18.8,0,18.8,0,18.8,0,18.8,0,18.8,0,18.8,0,18.8,0,18.8,0,18.8,0,18.8,0
670312,18.8,18.8,0,18.8,0,18.8,0,18.8,0,18.8,0,18.8,0,18.8,0,,,18.8,0,18.8,0
670313,23.8,23.8,0,23.8,0,,,23.8,0,23.8,0,,,23.8,0,,,23.8,0,,
670314,23.8,23.8,0,23.8,0,23.8,0,23.8,0,23.8,0,23.8,0,23.8,0,23.8,0,23.8,0,23.8,0
670315,,,,,,,,,,,,,,,,,,,,,
670316,20,20,0,20,0,20,0,20,0,20,0,20,0,,,20,0,20,0,20,0
670317,22.5,22.5,0,22.5,0,22.5,0,22.5,0,22.5,0,22.5,0,22.5,0,22.5,0,22.5,0,22.5,0
670318,21.9,21.9,0,21.9,0,21.9,0,21.9,0,21.9,0,21.9,0,21.9,0,,,21.9,0,21.9,0
670348,18.8,18.8,0,18.8,0,18.8,0,18.8,0,18.8,0,18.8,0,,,18.8,0,18.8,0,18.8,0
670355,,,,,,,,,,,,,,,,,,,,,
670385,,,,,,,,,,,,,,,,,,,,,
670387,,,,,,,,,,,,,,,,,,,,,
670395,,,,,,,,,,,,,,,,,,,,,
670397,,,,,,,,,,,,,,,,,,,,,
670402,187,187,0,187,0,187,0,187,0,187,0,187,0,187,0,187,0,168,0.111,,
670404,,,,,,,,,,,,,,,,,,,,,
670407,,,,,,,,,,,,,,,,,,,,,
670416,39.4,39.4,0,39.4,0,39.4,0,39.4,0,39.4,0,39.4,0,,,,,,,39.4,0
670419,,,,,,,,,,,,,,,,,,,,,
670420,37.5,37.5,0,37.5,0,37.5,0,37.5,0,37.5,0,37.5,0,,,37.5,0,,,37.5,0
670421,,,,,,,,,,,,,,,,,,,,,
670468,19.5,19.5,0,19.5,0,19.5,0,19.5,0,19.5,0,19.5,0,19.5,0,19.5,0,19.5,0,19.5,0
670469,36,36,0,36,0,36,0,36,0,36,0,36,0,36,0,36,0,36,0,36,0
670473,82.5,82.5,0,82.5,0,82.5,0,,,,,82.5,0,,,,,,,,
670474,62.5,62.5,0,62.5,0,62.5,0,62.5,0,62.5,0,62.5,0,,,68,-0.0809,50,0.25,72.5,-0.138
670475,62.5,62.5,0,62.5,0,62.5,0,62.5,0,62.5,0,62.5,0,,,68,-0.0809,55,0.136,72.5,-0.138
670476,,,,,,,,,,,,,,,,,,,,,
670477,,,,,,,,,,,,,,,,,,,,,
670478,,,,,,,,,,,,,,,,,,,,,
670483,,,,,,,,,,,,,,,,,,,,,
670484,164,164,0,164,0,164,0,164,0,164,0,,,,,164,-0.000611,,,122,0.335
670488,,,,,,,,,,,,,,,,,,,,,
670515,,,,,,,,,,,,,,,,,,,,,
670516,,,,,,,,,,,,,,,,,,,,,
670522,110,110,0,130,-0.157,130,-0.157,130,-0.157,130,-0.157,130,-0.157,,,131,-0.159,131,-0.159,131,-0.159
670537,18,18,0,18,0,18,0,18,0,,,18,0,18,0,18,0,,,15.7,0.146
670538,18,18,0,18,0,18,0,18,0,,,18,0,,,,,,,,
670539,,,,,,,,,,,,,,,,,,,,,
670540,18,18,0,18,0,18,0,,,,,18,0,18,0,18,0,,,15.7,0.146
670541,18,18,0,18,0,18,0,18,0,,,18,0,18,0,18,0,15.7,0.146,15.7,0.146
670544,16.2,16.2,0,16.2,0,16.2,0,16.2,0,16.2,0,16.2,0,,,16.2,0,16.2,0,15,0.08
670545,15.4,15.4,0,15.4,0,15.4,0,15.4,0,15.4,0,15.4,0,15.4,0,15.4,0,15.4,0,14.3,0.0769
670552,,,,,,,,,,,,,,,,,,,,,
670560,,,,,,,,,,,,,,,,,,,,,
670561,,,,,,,,,,,,,,,,,,,,,
670562,,,,,,,,,,,,,,,,,,,,,
670567,65,65,0,65,0,65,0,53.8,0.208,53.8,0.208,,,,,68,-0.0441,67.5,-0.037,58.7,0.107
670568,63.6,63.6,0,63.6,0,63.6,0,52.7,0.207,52.7,0.207,,,,,66,-0.0364,66,-0.0364,57.4,0.108
670569,63.6,,,,,63.6,0,,,,,,,,,,,66,-0.0364,57.4,0.108
670570,56,56,0,63.6,-0.119,63.6,-0.119,63.6,-0.119,63.6,-0.119,63.6,-0.119,,,66,-0.152,66,-0.152,57.4,-0.0244
670580,16,16,0,16,0,16,0,16,0,16,0,16,0,16,0,16,0,16,0,16,0
670581,,,,,,,,,,,,,,,,,,,,,
670592,58,58,0,58,0,58,0,58,0,58,0,58,0,,,58,0,,,,
670593,41.3,41.3,0,41.3,0,41.3,0,41.3,0,41.3,0,41.3,0,41.3,0,41.3,0,41.3,0,37.5,0.101
670594,33.8,33.8,0,33.8,0,33.8,0,33.8,0,33.8,0,33.8,0,33.8,0,33.8,0,33.8,0,32.5,0.04
670595,16.8,16.8,0,16.8,0,16.8,0,16.8,0,16.8,0,16.8,0,,,16.8,0,16.8,0,15.6,0.0769
670596,,,,,,,,,,,,,,,,,,,,,
670597,68.6,68.6,0,68.6,0,68.6,0,68.6,0,68.6,0,,,,,71,-0.0338,71,-0.0338,62.4,0.0994
670598,68.6,68.6,0,68.6,0,68.6,0,68.6,0,68.6,0,,,,,71,-0.0338,71,-0.0338,62.4,0.0994
670599,69,69,0,69,0,69,0,69,0,69,0,,,,,71.7,-0.0377,71.7,-0.0377,63,0.0952
670604,32.5,32.5,0,32.5,0,32.5,0,32.5,0,43,-0.244,43,-0.244,43,-0.244,,,43,-0.244,,
670611,14.4,14.4,0,14.4,0,14.4,0,14.4,0,15,-0.04,,,15,-0.04,15,-0.04,15,-0.04,15,-0.04
670613,6,6,0,6,0,6,0,6,0,6,0,6,0,6,0,6,0,5.5,0.0909,5.5,0.0909
670641,37.5,37.5,0,37.5,0,39.9,-0.0602,39.9,-0.0602,39.9,-0.0602,39.9,-0.0602,39.9,-0.0602,42.6,-0.12,37.5,0,37.5,0
670642,37.5,37.5,0,37.5,0,39.5,-0.0506,39.5,-0.0506,39.5,-0.0506,39.5,-0.0506,39.5,-0.0506,42.6,-0.12,38,-0.0132,38,-0.0132
670643,,,,,,,,,,,,,,,,,,,,,
670653,145,145,0,145,0,145,0,145,0,145,0,112,0.289,,,105,0.381,145,0,145,0
670654,,,,,,,,,,,,,,,,,,,,,
670657,,,,,,,,,,,,,,,,,,,,,
670658,34.8,34.8,0,34.8,0,34.8,0,34.8,0,34.8,0,34.8,0,,,,,,,,
670665,13.5,13.5,0,13.5,0,13.5,0,13.5,0,13.5,0,13.5,0,13.5,0,13.5,0,13.5,0,13.5,0
670666,13.5,13.5,0,13.5,0,13.5,0,13.5,0,13.5,0,13.5,0,13.5,0,13.5,0,13.5,0,13.5,0
670669,20.8,20.8,0,20.8,0,20.8,0,20.8,0,20.8,0,20.8,0,20.8,0,20.8,0,20.8,0,20.8,0
670670,20.8,20.8,0,20.8,0,20.8,0,20.8,0,20.8,0,20.8,0,20.8,0,20.8,0,20.8,0,20.8,0
670672,,,,,,,,,,,,,,,,,,,,,
670674,20.8,20.8,0,20.8,0,20.8,0,20.8,0,20.8,0,20.8,0,20.8,0,20.8,0,20.8,0,20.8,0
670675,20.8,20.8,0,,,,,,,,,20.8,0,20.8,0,20.8,0,20.8,0,20.8,0
670694,3.5,3.5,0,3.5,0,3.5,0,3.5,0,3.5,0,3.5,0,,,,,,,,
670716,,,,,,,,,,,,,,,,,,,,,
670721,27.5,27.5,0,27.5,0,27.5,0,27.5,0,27.5,0,27.5,0,37.5,-0.267,37.5,-0.267,37.5,-0.267,37.5,-0.267
670756,,,,,,,,,,,,,,,,,,,,,
670758,,,,,,,,,,,,,,,,,,,,,
670769,27.5,27.5,0,27.5,0,27.5,0,27.5,0,25.5,0.0784,25.5,0.0784,25.5,0.0784,25.5,0.0784,25.5,0.0784,25.5,0.0784
670771,31.5,31.5,0,31.5,0,31.5,0,31.5,0,31.5,0,31.5,0,31.5,0,31.5,0,31.5,0,26.5,0.189
670772,31.5,31.5,0,31.5,0,,,,,31.5,0,31.5,0,31.5,0,31.5,0,31.5,0,26.5,0.189
670778,,,,,,,,,,,,,,,,,,,,,
670790,,,,,,,,,,,,,,,,,,,,,
670791,,,,,,,,,,,,,,,,,,,,,
670792,,,,,,,,,,,,,,,,,,,,,
670793,,,,,,,,,,,,,,,,,,,,,
670794,,,,,,,,,,,,,,,,,,,,,
670795,,,,,,,,,,,,,,,,,,,,,
670797,,,,,,,,,,,,,,,,,,,,,
670810,49.4,49.4,0,49.4,0,49.4,0,49.4,0,49.4,0,49.4,0,49.4,0,49.4,0,44.8,0.103,44.8,0.103
670811,49.4,49.4,0,49.4,0,49.4,0,49.4,0,49.4,0,49.4,0,,,49.4,0,44.8,0.103,44.8,0.103
670812,49.4,49.4,0,49.4,0,49.4,0,49.4,0,49.4,0,49.4,0,49.4,0,49.4,0,44.8,0.103,44.8,0.103
670813,49.4,49.4,0,49.4,0,49.4,0,49.4,0,49.4,0,49.4,0,,,49.4,0,44.8,0.103,44.8,0.103
670814,49.4,49.4,0,49.4,0,49.4,0,49.4,0,49.4,0,49.4,0,,,49.4,0,44.8,0.103,44.8,0.103
670815,,,,,,,,,,,,,,,,,,,,,
670816,,,,,,,,,,,,,,,,,,,,,
670817,,,,,,,,,,,,,,,,,,,,,
670828,30,30,0,30,0,30,0,30,0,30,0,30,0,30,0,23.8,0.261,23.8,0.261,23.8,0.261
670830,22.5,22.5,0,22.5,0,22.5,0,22.5,0,22.5,0,22.5,0,22.5,0,17.5,0.286,17.5,0.286,17.5,0.286
670832,33.7,33.7,0,33.7,0,33.7,0,33.7,0,33.7,0,33.7,0,,,33.7,0,33.7,0,31.4,0.0732
670833,9.4,9.4,0,9.4,0,9.4,0,9.4,0,9.4,0,9.4,0,9.4,0,9.4,0,9.4,0,9.4,0
670834,9.4,9.4,0,9.4,0,9.4,0,9.4,0,9.4,0,9.4,0,,,9.4,0,7.8,0.205,9.4,0
670886,48.9,42.7,0.145,42.7,0.145,42.7,0.145,42.7,0.145,42.7,0.145,42.7,0.145,,,42.7,0.145,54,-0.0944,51,-0.0412
670889,5.4,5.4,0,5.4,0,5.4,0,5.4,0,5.4,0,5.4,0,5.4,0,5.4,0,5.4,0,5.4,0
670892,190,190,0,190,0,190,0,190,0,,,,,190,0,190,0,190,0,,
670893,,,,,,,,,,,,,,,,,,,,,
670899,47,47,0,47,0,47,0,47,0,47,0,,,,,47,0,47,0,47,0
670901,,,,,,,,,,,,,,,,,,,,,
670909,43.6,43.6,0,43.6,0,43.6,0,43.6,0,43.6,0,43.6,0,43.6,0,43.6,0,43.6,0,37.9,0.15
670910,,,,,,,,,,,,,,,,,,,,,
670911,,,,,,,,,,,,,,,,,,,,,
670912,,,,,,,,,,,,,,,,,,,,,
670915,9.8,9.8,0,9.8,0,9.8,0,9.8,0,9.8,0,9.8,0,,,8,0.225,8,0.225,9,0.0889
670916,,,,,,,,,,,,,,,,,,,,,
670935,725,725,0,725,0,,,725,0,725,0,725,0,725,0,725,0,725,0,725,0
670939,37,37,0,37,0,37,0,37,0,37,0,37,0,37,0,37,0,37,0,37,0
670953,81,81,0,81,0,81,0,81,0,81,0,81,0,,,81,0,71,0.141,66,0.227
670956,26,26,0,26,0,26,0,26,0,26,0,26,0,,,24.5,0.0612,24.5,0.0612,19.9,0.307
670960,,,,,,,,,,,,,,,,,,,,,
670968,41.3,41.3,0,41.3,0,41.3,0,41.3,0,56,-0.263,56,-0.263,56,-0.263,50,-0.174,50,-0.174,57.5,-0.282
670982,81,81,0,81,0,81,0,81,0,81,0,81,0,81,0,81,0,56.3,0.439,81,0
670985,31.5,31.5,0,31.5,0,31.5,0,31.5,0,31.5,0,31.5,0,,,31.5,0,31.5,0,31.5,0
670986,58.5,58.5,0,58.5,0,58.5,0,58.5,0,,,,,,,,,,,,
670987,,,,,,,,,,,,,,,,,,,,,
670993,1.5,1.5,0,1.5,0,1.5,0,1.5,0,1.5,0,1.5,0,1.5,0,1.5,0,1.5,0,1.5,0
671003,33.5,33.5,0,33.5,0,33.5,0,33.5,0,33.5,0,33.5,0,,,,,,,33.5,0
671004,,,,,,,,,,,,,,,,,,,,,
671008,,,,,,,,,,,,,,,,,,,,,
671010,,,,,,,,,,,,,,,,,,,,,
671011,34.7,34.7,0,36.8,-0.0571,36.8,-0.0571,42.8,-0.189,47.5,-0.269,35,-0.00857,,,39.9,-0.13,41.5,-0.164,48,-0.277
671038,72.5,72.5,0,72.5,0,72.5,0,,,72.5,0,72.5,0,72.5,0,72.5,0,72.5,0,,
671039,36,36,0,36,0,36,0,36,0,36,0,36,0,36,0,36,0,36,0,36,0
671040,112,112,0,112,0,112,0,112,0,,,112,0,125,-0.1,99,0.136,99,0.136,115,-0.0217
671054,28.9,28.9,0,28.9,0,28.9,0,28.9,0,31.9,-0.094,31.9,-0.094,,,28.2,0.0248,27,0.0704,29,-0.00345
671076,23.2,,,,,23.2,0,23.2,0,23.2,0,23.2,0,,,23.2,0,23,0.0087,21.8,0.0642
671077,31.4,,,31.4,0,31.4,0,31.4,0,31.4,0,31.4,0,,,31.4,0,31.3,0.00319,29.8,0.0537
671079,,,,,,,,,,,,,,,,,,,,,
671080,17.5,,,,,17.5,0,17.5,0,17.5,0,17.5,0,,,17.5,0,17.5,0,15.4,0.136
671081,17.5,17.5,0,17.5,0,17.5,0,17.5,0,17.5,0,17.5,0,,,17.5,0,17.5,0,15.4,0.136
671082,17.5,17.5,0,17.5,0,17.5,0,17.5,0,17.5,0,17.5,0,,,17.5,0,17.5,0,16.9,0.0355
671084,,,,,,,,,,,,,,,,,,,,,
671087,44.7,44.7,0,44.7,0,44.7,0,44.7,0,44.7,0,44.7,0,46.2,-0.0325,46.2,-0.0325,46.2,-0.0325,44.4,0.00676
671088,2.5,2.5,0,2.5,0,2.5,0,2.5,0,2.5,0,2.5,0,2.5,0,2.5,0,2.5,0,2.5,0
671089,2.5,2.5,0,2.5,0,2.5,0,2.5,0,2.5,0,2.5,0,2.5,0,2.5,0,2.5,0,2.5,0
671093,,,,,,,,,,,,,,,,,,,,,
671094,,,,,,,,,,,,,,,,,,,,,
671100,,,,,,,,,,,,,,,,,,,,,
671101,271,271,0,271,0,271,0,271,0,271,0,271,0,271,0,271,0,271,0,271,0
671108,10.7,10.7,0,10.7,0,10.7,0,10.7,0,10.7,0,10.7,0,,,10.7,0,10.7,0,10.7,0
671112,38.5,38.5,0,38.5,0,38.5,0,38.5,0,,,38.5,0,,,38.5,0,38.5,0,38.5,0
671117,22.5,22.5,0,22.5,0,22.5,0,22.5,0,22.5,0,22.5,0,22.5,0,22.5,0,20,0.125,,
671118,20,20,0,20,0,20,0,20,0,20,0,20,0,20,0,,,,,,
671119,20,20,0,20,0,20,0,20,0,20,0,20,0,20,0,20,0,17.5,0.143,17.5,0.143
671120,,,,,,,,,,,,,,,,,,,,,
671123,,,,,,,,,,,,,,,,,,,,,
671127,86,86,0,86,0,86,0,86,0,86,0,,,,,,,,,,
671131,,,,,,,,,,,,,,,,,,,,,
671133,46.9,40.4,0.161,40.4,0.161,40.4,0.161,40.4,0.161,40.4,0.161,40.4,0.161,,,49.5,-0.0525,52,-0.0981,49.2,-0.0467
671135,28.8,28.8,0,28.8,0,28,0.0286,28,0.0286,28,0.0286,,,,,,,25,0.152,,
671145,3.5,3.5,0,3.5,0,3.5,0,3.5,0,3.5,0,3.5,0,3.5,0,3.5,0,3.5,0,3.5,0
671146,3.5,3.5,0,3.5,0,3.5,0,3.5,0,3.5,0,3.5,0,3.5,0,3.5,0,3.5,0,3.5,0
671163,21,21,0,21,0,21,0,21,0,21,0,21,0,,,19.5,0.0769,19.5,0.0769,19.5,0.0769
671179,,,,,,,,,,,,,,,,,,,,,
671196,5,5,0,5,0,5,0,5,0,5,0,5,0,4.5,0.111,4.5,0.111,4.5,0.111,4.5,0.111
671208,19.4,19.4,0,19.4,0,19.4,0,19.4,0,19.4,0,19.4,0,,,19.4,0,19.4,0,17.5,0.109
671215,,,,,,,,,,,,,,,,,,,,,
671216,,,,,,,,,,,,,,,,,,,,,
671217,,,,,,,,,,,,,,,,,,,,,
671273,13.8,13.8,0,13.8,0,13.8,0,13.8,0,13.8,0,13.8,0,,,13.8,0,12.5,0.104,12.5,0.104
671274,29.7,29.7,0,29.7,0,29.7,0,29.7,0,29.7,0,29.7,0,,,29.7,0,26,0.142,26,0.142
671281,,,,,,,,,,,,,,,,,,,,,
671282,,,,,,,,,,,,,,,,,,,,,
671309,,,,,,,,,,,,,,,,,,,,,
671315,,,,,,,,,,,,,,,,,,,,,
671333,,,,,,,,,,,,,,,,,,,,,
671336,,,,,,,,,,,,,,,,,,,,,
671340,9.5,9.5,0,9.5,0,9.5,0,9.5,0,9.5,0,9.5,0,,,7.9,0.203,9.3,0.0215,7,0.357
671341,9.5,9.5,0,9.5,0,9.5,0,9.5,0,9.5,0,9.5,0,,,8.5,0.118,9.3,0.0215,7,0.357
671342,9.5,9.5,0,9.5,0,9.5,0,9.5,0,9.5,0,,,,,8.5,0.118,9.3,0.0215,7,0.357
671357,,,,,,,,,,,,,,,,,,,,,
671358,30,30,0,30,0,30,0,30,0,30,0,30,0,,,,,30,0,30,0
671360,,,,,,,,,,,,,,,,,,,,,
671363,36,36,0,36,0,,,36,0,36,0,36,0,,,36,0,36,0,33.7,0.0682
671364,15.3,15.3,0,15.3,0,15.3,0,15.3,0,15.3,0,15.3,0,15.3,0,15.3,0,16.5,-0.0727,16.5,-0.0727
671365,15.3,15.3,0,15.3,0,15.3,0,15.3,0,15.3,0,15.3,0,15.3,0,15.3,0,16.5,-0.0727,16.5,-0.0727
671366,16.5,16.5,0,16.5,0,16.5,0,16.5,0,16.5,0,16.5,0,16.5,0,,,16.5,0,16.5,0
671367,16.5,16.5,0,16.5,0,16.5,0,16.5,0,16.5,0,16.5,0,16.5,0,16.5,0,16.5,0,16.5,0
671368,15.9,15.9,0,15.9,0,15.9,0,15.9,0,15.9,0,,,,,,,16.5,-0.0364,16.5,-0.0364
671369,12.5,12.5,0,12.5,0,12.5,0,12.5,0,12.5,0,12.5,0,12.5,0,12.4,0.00806,14.5,-0.138,14.5,-0.138
671370,12.4,12.4,0,12.4,0,12.4,0,12.4,0,,,12.4,0,,,12.4,0,14.5,-0.145,14.5,-0.145
671371,12.4,12.4,0,12.4,0,12.4,0,12.4,0,12.4,0,,,,,12.4,0,14.5,-0.145,14.5,-0.145
671372,12.4,12.4,0,12.4,0,12.4,0,12.4,0,12.4,0,,,,,12.4,0,14.5,-0.145,14.5,-0.145
671402,9.4,9.4,0,9.4,0,9.4,0,9.4,0,9.4,0,9.4,0,,,8.5,0.106,9.4,0,7,0.343
671404,,,,,,,,,,,,,,,,,,,,,
671407,131,131,0,131,0,,,,,,,,,,,131,0,131,0,122,0.0695
671408,132,132,0,132,0,,,,,,,,,,,132,0,132,0,123,0.0706
671434,,,,,,,,,,,,,,,,,,,,,
671440,,,,,,,,,,,,,,,,,,,,,
671442,,,,,,,,,,,,,,,,,,,,,
671443,,,,,,,,,,,,,,,,,,,,,
671444,,,,,,,,,,,,,,,,,,,,,
671445,15.9,15.9,0,15.9,0,15.9,0,15.9,0,15.9,0,15.9,0,,,15.9,0,16.5,-0.0364,16.5,-0.0364
671446,9.5,9.5,0,9.5,0,9.5,0,9.5,0,9.5,0,9.5,0,,,,,,,10.6,-0.104
671447,,,,,,,,,,,,,,,,,,,,,
671450,68,68,0,68,0,68,0,68,0,68,0,68,0,68,0,68,0,68,0,64.8,0.0494
671451,61,61,0,61,0,61,0,61,0,61,0,61,0,,,,,61,0,58.2,0.0481
671452,38.4,38.4,0,38.4,0,38.4,0,38.4,0,38.4,0,38.4,0,,,38.4,0,38.4,0,36.6,0.0492
671472,106,106,0,106,0,106,0,106,0,106,0,106,0,106,0,94,0.128,91,0.165,100,0.06
671473,48.8,48.8,0,48.8,0,48.8,0,48.8,0,48.8,0,48.8,0,48.8,0,44,0.109,45,0.0844,54,-0.0963
671492,,,,,,,,,,,,,,,,,,,,,
671518,18.5,18.5,0,18.5,0,18.5,0,18.5,0,,,18.5,0,,,18.5,0,18.5,0,,
671519,18.5,18.5,0,18.5,0,18.5,0,18.5,0,,,18.5,0,18.5,0,18.5,0,18.5,0,,
671520,3.8,3.8,0,3.8,0,3.8,0,3.8,0,3.8,0,3.8,0,3.8,0,2.9,0.31,3.5,0.0857,,
671532,,,,,,,,,,,,,,,,,,,,,
671533,10.6,10.6,0,10.6,0,10.6,0,,,,,,,10.6,0,,,12.5,-0.152,12.5,-0.152
671537,,,,,,,,,,,,,,,,,,,,,
671538,,,,,,,,,,,,,,,,,,,,,
671540,,,,,,,,,,,,,,,,,,,,,
671548,,,,,,,,,,,,,,,,,,,,,
671549,16.9,16.9,0,16.9,0,16.9,0,16.9,0,16.9,0,16.9,0,16.9,0,16.9,0,16.9,0,16.9,0
671570,43.5,43.5,0,43.5,0,43.5,0,43.5,0,43.5,0,43.5,0,43.5,0,43.5,0,43.5,0,43.5,0
671581,,,,,,,,,,,,,,,,,,,,,
671583,,,,,,,,,,,,,,,,,,,,,
671610,,,,,,,,,,,,,,,,,,,,,
671622,22,22,0,22,0,22,0,22,0,22,0,22,0,29.5,-0.254,17.4,0.264,16.7,0.317,16.7,0.317
671623,11.6,11.6,0,11.6,0,11.6,0,11.6,0,11.6,0,11.6,0,15.9,-0.27,9.7,0.196,9.3,0.247,9.3,0.247
671635,42.5,42.5,0,42.5,0,42.5,0,42.5,0,42.5,0,42.5,0,42.5,0,37.5,0.133,37.5,0.133,37.5,0.133
671657,,,,,,,,,,,,,,,,,,,,,
671668,59.9,59.9,0,59.9,0,59.9,0,59.9,0,59.9,0,,,,,,,,,,
671675,11.2,11.2,0,11.2,0,11.2,0,11.2,0,11.2,0,,,,,10.5,0.0667,10.2,0.098,10.2,0.098
671676,15,15,0,15,0,15,0,15,0,15,0,14.4,0.0417,,,14.4,0.0417,14,0.0714,14,0.0714
671680,8.7,8.7,0,9.3,-0.0645,9.3,-0.0645,9.3,-0.0645,9.3,-0.0645,,,8.5,0.0235,,,,,7.5,0.16
671681,,,,,,,,,,,,,,,,,,,,,
671683,,,,,,,,,,,,,,,,,,,,,
671691,,,,,,,,,,,,,,,,,,,,,
671697,88,88,0,88,0,88,0,88,0,88,0,88,0,88,0,88,0,88,0,78,0.128
671699,28.8,28.8,0,28.8,0,28.8,0,28.8,0,28.8,0,28.8,0,28.8,0,28.8,0,34.5,-0.165,28.5,0.0105
671704,72,72,0,72,0,72,0,72,0,72,0,72,0,,,76.4,-0.0576,76.4,-0.0576,67.6,0.0651
671714,,,,,,,,,,,,,,,,,,,,,
671718,,,,,,,,,,,,,,,,,,,,,
671720,13.5,13.5,0,13.5,0,13.5,0,13.5,0,13.5,0,,,,,,,,,,
671721,13.5,13.5,0,13.5,0,13.5,0,13.5,0,13.5,0,,,,,,,,,,
671724,28,28,0,28,0,,,,,28,0,,,,,,,,,25.7,0.0895
671725,32,32,0,32,0,32,0,32,0,32,0,32,0,,,33,-0.0303,33,-0.0303,29.4,0.0884
671726,,,,,,,,,,,,,,,,,,,,,
671727,,,,,,,,,,,,,,,,,,,,,
671728,,,,,,,,,,,,,,,,,,,,,
671734,22.8,22.8,0,22.8,0,22.8,0,22.8,0,22.8,0,22.8,0,,,22.8,0,22.8,0,22.8,0
671769,50.1,50.1,0,50.1,0,50.1,0,50.1,0,50.1,0,50.1,0,,,50.1,0,43.8,0.144,43.8,0.144
671771,,,,,,,,,,,,,,,,,,,,,
671787,16.9,16.9,0,16.9,0,16.9,0,16.9,0,16.9,0,16.9,0,16.9,0,16.9,0,16.9,0,16.9,0
671788,16.9,16.9,0,16.9,0,16.9,0,16.9,0,16.9,0,16.9,0,16.9,0,16.9,0,16.9,0,16.9,0
671789,,,,,,,,,,,,,,,,,,,,,
671790,25.5,25.5,0,25.5,0,25.5,0,25.5,0,,,25.5,0,,,,,25.5,0,,
671791,,,,,,,,,,,,,,,,,,,,,
671792,,,,,,,,,,,,,,,,,,,,,
671793,,,,,,,,,,,,,,,,,,,,,
671794,,,,,,,,,,,,,,,,,,,,,
671797,,,,,,,,,,,,,,,,,,,,,
671798,,,,,,,,,,,,,,,,,,,,,
671799,,,,,,,,,,,,,,,,,,,,,
671800,,,,,,,,,,,,,,,,,,,,,
671801,,,,,,,,,,,,,,,,,,,,,
671808,,,,,,,,,,,,,,,,,,,,,
671810,,,,,,,,,,,,,,,,,,,,,
671812,,,,,,,,,,,,,,,,,,,,,
671818,56,56,0,56,0,56,0,56,0,56,0,56,0,56,0,56,0,56,0,56,0
671821,56,56,0,56,0,56,0,56,0,56,0,,,,,56,0,56,0,56,0
671822,,,,,,,,,,,,,,,,,,,,,
671824,,,,,,,,,,,,,,,,,,,,,
671827,18.8,18.8,0,18.8,0,18.8,0,18.8,0,18.8,0,,,,,18.8,0,18.8,0,18,0.0444
671828,108,108,0,108,0,108,0,108,0,108,0,108,0,,,106,0.0113,98.8,0.0881,114,-0.0529
671857,,,,,,,,,,,,,,,,,,,,,
671865,2.5,2.5,0,2.5,0,2.5,0,,,2.5,0,2.5,0,,,2.5,0,2.5,0,2.5,0
671879,,,,,,,,,,,,,,,,,,,,,
671896,26,26,0,26,0,40,-0.35,40,-0.35,47.5,-0.453,40,-0.35,,,36.3,-0.284,,,41.9,-0.379
671897,35,35,0,35,0,35,0,38.8,-0.0979,50,-0.3,35,0,,,,,41.3,-0.153,45,-0.222
671898,21,21,0,21,0,21,0,26,-0.192,30,-0.3,19.5,0.0769,,,21,0,23.5,-0.106,26.5,-0.208
671899,111,111,0,111,0,111,0,111,0,111,0,111,0,111,0,,,,,,
671900,,,,,,,,,,,,,,,,,,,,,
671902,,,,,,,,,,,,,,,,,,,,,
671905,25,25,0,25,0,25,0,25,0,25,0,25,0,,,25,0,,,25,0
671917,,,,,,,,,,,,,,,,,,,,,
671920,,,,,,,,,,,,,,,,,,,,,
671923,,,,,,,,,,,,,,,,,,,,,
671930,11.4,11.4,0,11.4,0,,,11.4,0,11.4,0,11.4,0,,,11.4,0,,,10.9,0.0459
671935,11.3,11.3,0,11.3,0,11.3,0,11.3,0,11.3,0,11.3,0,11.3,0,,,,,,
671936,,,,,,,,,,,,,,,,,,,,,
671937,,,,,,,,,,,,,,,,,,,,,
671938,,,,,,,,,,,,,,,,,,,,,
671939,26.3,26.3,0,26.3,0,26.3,0,26.3,0,26.3,0,26.3,0,26.3,0,26.3,0,26.3,0,26.3,0
671940,27.5,27.5,0,27.5,0,27.5,0,27.5,0,27.5,0,27.5,0,27.5,0,23.8,0.155,23.8,0.155,23.8,0.155
671941,,,,,,,,,,,,,,,,,,,,,
671947,24,24,0,24,0,24,0,24,0,24,0,24,0,,,24,0,24,0,22.2,0.0811
671952,,,,,,,,,,,,,,,,,,,,,
671953,161,161,0,161,0,161,0,161,0,161,0,161,0,,,161,0,161,0,142,0.137
671954,,,,,,,,,,,,,,,,,,,,,
671956,23.9,23.9,0,22.8,0.0482,22.8,0.0482,22.8,0.0482,22.8,0.0482,22.8,0.0482,,,20.6,0.16,20.6,0.16,20.6,0.16
671976,12.5,12.5,0,12.5,0,12.5,0,12.5,0,12.5,0,12.5,0,12.5,0,12.5,0,12.5,0,12.5,0
671979,,,,,,,,,,,,,,,,,,,,,
671980,,,,,,,,,,,,,,,,,,,,,
671981,,,,,,,,,,,,,,,,,,,,,
671985,45,45,0,45,0,45,0,,,45,0,47.5,-0.0526,47.5,-0.0526,40,0.125,40,0.125,46.3,-0.0281
671992,,,,,,,,,,,,,,,,,,,,,
671993,,,,,,,,,,,,,,,,,,,,,
671994,,,,,,,,,,,,,,,,,,,,,
672000,,,,,,,,,,,,,,,,,,,,,
672009,18.8,18.8,0,18.8,0,18.8,0,18.8,0,18.8,0,18.8,0,,,18.8,0,18.8,0,18.8,0
672011,18.8,18.8,0,18.8,0,18.8,0,18.8,0,18.8,0,18.8,0,,,18.8,0,18.8,0,18.8,0
672013,12.9,12.9,0,12.9,0,12.9,0,12.9,0,12.9,0,12.9,0,12.9,0,12.6,0.0238,12.6,0.0238,11.9,0.084
672015,10.2,10.2,0,10.2,0,10.2,0,10.2,0,,,,,,,10.2,0,8.2,0.244,10.2,0
672019,,,,,,,,,,,,,,,,,,,,,
672064,20.9,20.9,0,20.9,0,20.9,0,20.9,0,20.9,0,20.9,0,20.9,0,19.9,0.0503,19.4,0.0773,19.4,0.0773
672090,40,40,0,40,0,40,0,40,0,40,0,40,0,40,0,35,0.143,35,0.143,35,0.143
672094,,,,,,,,,,,,,,,,,,,,,
672102,,,,,,,,,,,,,,,,,,,,,
672103,,,,,,,,,,,,,,,,,,,,,
672104,,,,,,,,,,,,,,,,,,,,,
672111,,,,,,,,,,,,,,,,,,,,,
672115,23,23,0,23,0,23,0,23,0,23,0,23,0,,,23,0,23,0,23,0
672118,231,231,0,231,0,231,0,231,0,231,0,,,,,,,231,0,,
672127,,,,,,,,,,,,,,,,,,,,,
672140,,,,,,,,,,,,,,,,,,,,,
672155,,,,,,,,,,,,,,,,,,,,,
672156,28.4,28.4,0,28.4,0,28.4,0,28.4,0,28.4,0,28.4,0,,,28.4,0,28.4,0,27,0.0519
672160,,,,,,,,,,,,,,,,,,,,,
672162,,,,,,,,,,,,,,,,,,,,,
672185,15.7,15.7,0,15.7,0,15.7,0,15.7,0,15.7,0,15.7,0,15,0.0467,15,0.0467,15,0.0467,15,0.0467
672190,93.8,93.8,0,93.8,0,93.8,0,93.8,0,93.8,0,93.8,0,93.8,0,93.8,0,93.8,0,,
672191,96,96,0,96,0,96,0,96,0,96,0,96,0,98.8,-0.0283,88,0.0909,86,0.116,95,0.0105
672202,19.9,19.9,0,22.4,-0.112,22.4,-0.112,22.4,-0.112,22.4,-0.112,22.4,-0.112,,,20.8,-0.0433,20.8,-0.0433,20.2,-0.0149
672211,,,,,,,,,,,,,,,,,,,,,
672212,,,,,,,,,,,,,,,,,,,,,
672213,,,,,,,,,,,,,,,,,,,,,
672220,13.8,13.8,0,13.8,0,13.8,0,13.8,0,13.8,0,13.8,0,,,,,13.8,0,13.8,0
672221,14.4,14.4,0,14.4,0,14.4,0,14.4,0,14.4,0,13.6,0.0588,13.6,0.0588,,,13.7,0.0511,13.7,0.0511
672227,,,,,,,,,,,,,,,,,,,,,
672229,,,,,,,,,,,,,,,,,,,,,
672230,,,,,,,,,,,,,,,,,,,,,
672235,4.5,4.5,0,4.5,0,4.5,0,,,4.5,0,4.5,0,4.5,0,4.5,0,4,0.125,4,0.125
672236,4.5,4.5,0,4.5,0,4.5,0,,,4.5,0,4.5,0,4.5,0,4.5,0,4,0.125,4,0.125
672251,,,,,,,,,,,,,,,,,,,,,
672252,,,,,,,,,,,,,,,,,,,,,
672272,90.5,78.8,0.148,78.8,0.148,78.8,0.148,78.8,0.148,78.8,0.148,78.8,0.148,,,78.8,0.148,99.5,-0.0905,75.5,0.199
672273,88.5,77,0.149,77,0.149,77,0.149,77,0.149,77,0.149,77,0.149,,,77,0.149,98.8,-0.104,93,-0.0484
672274,77.5,67.4,0.15,67.4,0.15,67.4,0.15,67.4,0.15,67.4,0.15,67.4,0.15,,,,,86,-0.0988,81,-0.0432
672275,73.5,64,0.148,64,0.148,64,0.148,64,0.148,64,0.148,64,0.148,,,64,0.148,81.8,-0.101,77,-0.0455
672276,,,,,,,,,,,,,,,,,,,,,
672283,,,,,,,,,,,,,,,,,,,,,
672289,13.5,13.5,0,12,0.125,12,0.125,12,0.125,12,0.125,,,12,0.125,12,0.125,12,0.125,12,0.125
672290,117,117,0,117,0,117,0,117,0,117,0,,,,,117,0,117,0,117,0
672291,,,,,,,,,,,,,,,,,,,,,
672292,,,,,,,,,,,,,,,,,,,,,
672293,,,,,,,,,,,,,,,,,,,,,
672294,,,,,,,,,,,,,,,,,,,,,
672295,,,,,,,,,,,,,,,,,,,,,
672296,,,,,,,,,,,,,,,,,,,,,
672298,18.7,18.7,0,18.2,0.0275,18.2,0.0275,18.2,0.0275,18.2,0.0275,18.2,0.0275,18.2,0.0275,18.2,0.0275,18.2,0.0275,18.2,0.0275
672300,17.5,17.5,0,17.5,0,17.5,0,17.5,0,,,,,17.5,0,15.6,0.122,15.6,0.122,15.6,0.122
672301,17.5,17.5,0,17.5,0,17.5,0,17.5,0,17.5,0,17.5,0,17.5,0,15,0.167,15,0.167,15,0.167
672303,,,,,,,,,,,,,,,,,,,,,
672304,9.9,9.9,0,9.9,0,9.9,0,9.9,0,,,,,,,7,0.414,,,9,0.1
672307,4.5,4.5,0,4.5,0,4.5,0,4.5,0,4.5,0,4.5,0,4,0.125,4,0.125,,,4,0.125
672313,18.8,18.8,0,18.8,0,18.8,0,18.8,0,18.8,0,18.8,0,,,18.8,0,18.8,0,18.8,0
672314,,,,,,,,,,,,,,,,,,,,,
672315,,,,,,,,,,,,,,,,,,,,,
672316,,,,,,,,,,,,,,,,,,,,,
672318,,,,,,,,,,,,,,,,,,,,,
672319,,,,,,,,,,,,,,,,,,,,,
672320,15,15,0,15,0,15,0,15,0,,,15,0,,,15,0,,,15,0
672321,15,15,0,15,0,15,0,15,0,15,0,15,0,,,15,0,15,0,15,0
672322,,,,,,,,,,,,,,,,,,,,,
672340,,,,,,,,,,,,,,,,,,,,,
672341,13.5,13.5,0,13.5,0,,,,,,,,,,,13.5,0,13.5,0,13.5,0
672342,13.5,13.5,0,13.5,0,,,,,,,,,,,13.5,0,13.5,0,13.5,0
672343,27,27,0,27,0,,,,,,,,,,,27,0,27,0,27,0
672344,27,27,0,27,0,,,,,,,,,,,27,0,27,0,27,0
672345,47,47,0,47,0,,,,,,,,,47,0,47,0,47,0,47,0
672346,47,47,0,47,0,,,,,,,,,47,0,47,0,47,0,47,0
672363,,,,,,,,,,,,,,,,,,,,,
672364,,,,,,,,,,,,,,,,,,,,,
672373,,,,,,,,,,,,,,,,,,,,,
672380,,,,,,,,,,,,,,,,,,,,,
672381,25,25,0,25,0,25,0,25,0,25,0,28.8,-0.132,,,21.3,0.174,21.3,0.174,,
672382,,,,,,,,,,,,,,,,,,,,,
672383,25.6,25.6,0,25.6,0,25.6,0,25.6,0,25.6,0,25.6,0,,,25.6,0,25.6,0,25.6,0
672398,,,,,,,,,,,,,,,,,,,,,
672405,,,,,,,,,,,,,,,,,,,,,
672412,,,,,,,,,,,,,,,,,,,,,
672415,,,,,,,,,,,,,,,,,,,,,
672416,,,,,,,,,,,,,,,,,,,,,
672419,4,4,0,4,0,4,0,,,4,0,4,0,4,0,3.8,0.0526,3.8,0.0526,3,0.333
672422,,,,,,,,,,,,,,,,,,,,,
672426,6.9,6.9,0,6.9,0,6.9,0,,,,,6.9,0,6.9,0,6.9,0,6.9,0,6.9,0
672427,,,,,,,,,,,,,,,,,,,,,
672428,6.9,6.9,0,6.9,0,6.9,0,6.9,0,6.9,0,6.9,0,6.9,0,6.9,0,6.9,0,6.9,0
672429,,,,,,,,,,,,,,,,,,,,,
672434,15.5,15.5,0,15.5,0,15.5,0,15.5,0,15.5,0,15.5,0,15.5,0,15.5,0,16.5,-0.0606,15,0.0333
672435,15.5,15.5,0,15.5,0,15.5,0,15.5,0,15.5,0,15.5,0,15.5,0,15.5,0,16.5,-0.0606,15,0.0333
672439,,,,,,,,,,,,,,,,,,,,,
672440,,,,,,,,,,,,,,,,,,,,,
672442,67.9,67.9,0,67.9,0,67.9,0,56,0.213,56,0.213,67.9,0,,,61,0.113,67.9,0,63.9,0.0626
672445,63.4,63.4,0,63.4,0,63.4,0,63.4,0,63.4,0,63.4,0,,,64.7,-0.0201,64.7,-0.0201,55.9,0.134
672451,15.3,15.3,0,15.3,0,15.3,0,15.3,0,15.3,0,15.3,0,15.3,0,14.5,0.0552,14,0.0929,14,0.0929
672452,13.6,13.6,0,13.6,0,13.6,0,13.6,0,13.6,0,13.6,0,13.6,0,13,0.0462,12.5,0.088,12.5,0.088
672453,24.5,24.5,0,24.5,0,24.5,0,24.5,0,24.5,0,24.5,0,24.5,0,23.4,0.047,22.5,0.0889,23.8,0.0294
672454,23.3,23.3,0,23.3,0,23.3,0,23.3,0,23.3,0,23.3,0,23.3,0,22,0.0591,21.3,0.0939,21.3,0.0939
672456,,,,,,,,,,,,,,,,,,,,,
672457,,,,,,,,,,,,,,,,,,,,,
672458,53.8,53.8,0,53.8,0,53.8,0,53.8,0,53.8,0,53.8,0,,,53.8,0,48.5,0.109,48.5,0.109
672459,47.5,47.5,0,47.5,0,47.5,0,47.5,0,47.5,0,47.5,0,,,47.5,0,41.3,0.15,41.3,0.15
672460,47.5,47.5,0,47.5,0,47.5,0,47.5,0,47.5,0,47.5,0,,,47.5,0,41.3,0.15,41.3,0.15
672461,,,,,,,,,,,,,,,,,,,,,
672462,,,,,,,,,,,,,,,,,,,,,
672464,22.5,22.5,0,22.5,0,22.5,0,22.5,0,22.5,0,22.5,0,,,22.5,0,20,0.125,20,0.125
672465,,,,,,,,,,,,,,,,,,,,,
672466,,,,,,,,,,,,,,,,,,,,,
672467,,,,,,,,,,,,,,,,,,,,,
672468,,,,,,,,,,,,,,,,,,,,,
672469,,,,,,,,,,,,,,,,,,,,,
672470,,,,,,,,,,,,,,,,,,,,,
672471,,,,,,,,,,,,,,,,,,,,,
672472,,,,,,,,,,,,,,,,,,,,,
672473,,,,,,,,,,,,,,,,,,,,,
672474,,,,,,,,,,,,,,,,,,,,,
672475,,,,,,,,,,,,,,,,,,,,,
672476,,,,,,,,,,,,,,,,,,,,,
672479,,,,,,,,,,,,,,,,,,,,,
672480,,,,,,,,,,,,,,,,,,,,,
672481,,,,,,,,,,,,,,,,,,,,,
672482,,,,,,,,,,,,,,,,,,,,,
672483,,,,,,,,,,,,,,,,,,,,,
672484,,,,,,,,,,,,,,,,,,,,,
672504,,,,,,,,,,,,,,,,,,,,,
672505,,,,,,,,,,,,,,,,,,,,,
672511,33.5,33.5,0,33.5,0,33.5,0,41,-0.183,52.5,-0.362,38.8,-0.137,,,35,-0.0429,43.8,-0.235,47.5,-0.295
672515,19,19,0,19,0,24.2,-0.215,24.2,-0.215,24.2,-0.215,24.2,-0.215,,,,,,,,
672518,19,19,0,19,0,24.2,-0.215,24.2,-0.215,24.2,-0.215,24.2,-0.215,,,22.5,-0.156,,,,
672520,29.5,29.5,0,29.5,0,29.5,0,29.5,0,,,,,22.9,0.288,27,0.0926,31.9,-0.0752,30,-0.0167
672521,30.5,30.5,0,30.5,0,30.5,0,30.5,0,24.5,0.245,24.5,0.245,24.5,0.245,28,0.0893,32.9,-0.0729,30,0.0167
672522,29.5,29.5,0,29.5,0,29.5,0,29.5,0,,,23.5,0.255,23.5,0.255,27,0.0926,31.9,-0.0752,30,-0.0167
672523,30.5,30.5,0,30.5,0,30.5,0,30.5,0,,,,,,,28,0.0893,32.9,-0.0729,30,0.0167
672524,30.5,30.5,0,30.5,0,30.5,0,30.5,0,26.6,0.147,26.6,0.147,26.6,0.147,26.6,0.147,32.9,-0.0729,30,0.0167
672525,28,28,0,28,0,28,0,28,0,,,,,22.5,0.244,30.5,-0.082,30.5,-0.082,30,-0.0667
672541,,,,,,,,,,,,,,,,,,,,,
672546,28.8,28.8,0,28.8,0,28.8,0,28.8,0,28.8,0,28.8,0,,,,,,,28.8,0
672547,28.8,28.8,0,28.8,0,28.8,0,28.8,0,28.8,0,28.8,0,,,,,,,28.8,0
672550,19,19,0,19,0,19,0,19,0,19,0,19,0,,,19,0,19,0,19,0
672551,19,19,0,19,0,19,0,19,0,19,0,19,0,,,19,0,19,0,19,0
672552,26.9,26.9,0,26.9,0,26.9,0,26.9,0,26.9,0,26.9,0,,,26.9,0,26.9,0,24.9,0.0803
672553,97.5,97.5,0,97.5,0,97.5,0,97.5,0,97.5,0,97.5,0,97.5,0,97.5,0,97.5,0,88,0.108
672554,61.9,61.9,0,61.9,0,61.9,0,61.9,0,61.9,0,61.9,0,61.9,0,61.9,0,61.9,0,46.2,0.34
672560,31.9,31.9,0,31.9,0,31.9,0,31.9,0,31.9,0,31.9,0,,,31.9,0,31.9,0,30.6,0.0425
672561,,,,,,,,,,,,,,,,,,,,,
672562,50.4,50.4,0,50.4,0,50.4,0,50.4,0,50.4,0,50.4,0,,,50.4,0,50.4,0,46.7,0.0792
672563,57.9,57.9,0,57.9,0,57.9,0,57.9,0,57.9,0,57.9,0,,,57.9,0,57.9,0,53.9,0.0742
672564,47.7,47.7,0,47.7,0,47.7,0,47.7,0,47.7,0,47.7,0,,,47.7,0,47.7,0,44,0.0841
672565,13.8,13.8,0,13.8,0,13.8,0,13.8,0,13.8,0,13.8,0,13.8,0,13.8,0,12.5,0.104,12.5,0.104
672566,13.8,13.8,0,13.8,0,13.8,0,13.8,0,,,13.8,0,13.8,0,13.8,0,12.5,0.104,12.5,0.104
672567,,,,,,,,,,,,,,,,,,,,,
672568,13.8,13.8,0,13.8,0,13.8,0,13.8,0,13.8,0,13.8,0,13.8,0,13.8,0,12.5,0.104,12.5,0.104
672569,13.8,13.8,0,13.8,0,13.8,0,13.8,0,13.8,0,,,,,13.8,0,12.5,0.104,12.5,0.104
672570,13.8,13.8,0,13.8,0,13.8,0,13.8,0,,,,,13.8,0,,,12.5,0.104,12.5,0.104
672571,13.8,13.8,0,13.8,0,13.8,0,13.8,0,13.8,0,13.8,0,13.8,0,13.8,0,12.5,0.104,12.5,0.104
672572,130,130,0,130,0,130,0,130,0,130,0,,,,,137,-0.0539,,,,
672573,130,130,0,130,0,130,0,130,0,130,0,,,130,0,136,-0.0462,,,,
672574,,,,,,,,,,,,,,,,,,,,,
672575,130,130,0,130,0,130,0,,,,,,,,,137,-0.0539,,,,
672576,,,,,,,,,,,,,,,,,,,,,
672579,19.8,19.8,0,19.8,0,19.8,0,19.8,0,19.8,0,19.8,0,,,19.8,0,19.8,0,19.8,0
672595,,,,,,,,,,,,,,,,,,,,,
672604,,,,,,,,,,,,,,,,,,,,,
672610,,,,,,,,,,,,,,,,,,,,,
672635,,,,,,,,,,,,,,,,,,,,,
672660,2.5,2.5,0,2.5,0,2.5,0,2.5,0,2.5,0,2.5,0,2.5,0,2.5,0,2.5,0,2.5,0
672679,,,,,,,,,,,,,,,,,,,,,
672680,94.7,94.7,0,94.7,0,94.7,0,94.7,0,94.7,0,,,,,94.7,0,94.7,0,83.4,0.135
672682,16.1,16.1,0,16.1,0,16.1,0,16.1,0,16.1,0,16.1,0,,,16.1,0,16.1,0,15.3,0.0523
672686,,,,,,,,,,,,,,,,,,,,,
672697,,,,,,,,,,,,,,,,,,,,,
672699,28,28,0,28,0,28,0,28,0,28,0,28,0,28,0,25.5,0.098,25.5,0.098,24.6,0.138
672700,28,28,0,28,0,28,0,28,0,28,0,28,0,28,0,25.5,0.098,25.5,0.098,24.6,0.138
672701,28,28,0,28,0,28,0,28,0,28,0,28,0,28,0,25.5,0.098,25.5,0.098,24.6,0.138
672702,28,28,0,28,0,28,0,28,0,28,0,28,0,28,0,25.5,0.098,25.5,0.098,24.6,0.138
672703,28,28,0,28,0,28,0,28,0,28,0,28,0,28,0,25.5,0.098,25.5,0.098,24.6,0.138
672704,28,28,0,28,0,28,0,28,0,28,0,28,0,28,0,25.9,0.0811,25.9,0.0811,25.9,0.0811
672705,28,28,0,28,0,28,0,28,0,28,0,28,0,28,0,25.9,0.0811,25.9,0.0811,25.9,0.0811
672706,28,28,0,28,0,28,0,28,0,28,0,28,0,28,0,25.9,0.0811,25.9,0.0811,25.9,0.0811
672711,29.4,29.4,0,29.4,0,29.4,0,29.4,0,28.2,0.0426,,,28.2,0.0426,28.2,0.0426,28.2,0.0426,28.2,0.0426
672712,,,,,,,,,,,,,,,,,,,,,
672729,297,297,0,297,0,297,0,297,0,,,297,0,,,297,0,,,,
672731,199,199,0,199,0,199,0,199,0,199,0,,,,,199,0,,,168,0.185
672732,281,281,0,281,0,281,0,281,0,,,281,0,,,281,0,281,0,281,0
672733,,,,,,,,,,,,,,,,,,,,,
672734,,,,,,,,,,,,,,,,,,,,,
672735,,,,,,,,,,,,,,,,,,,,,
672736,,,,,,,,,,,,,,,,,,,,,
672753,18.8,18.8,0,18.8,0,18.8,0,18.8,0,18.8,0,18.8,0,,,18.8,0,18.8,0,18.8,0
672754,18.8,18.8,0,18.8,0,18.8,0,18.8,0,18.8,0,18.8,0,,,18.8,0,18.8,0,18.8,0
672755,18.8,18.8,0,18.8,0,18.8,0,18.8,0,18.8,0,18.8,0,,,18.8,0,18.8,0,18.8,0
672756,,,,,,,,,,,,,,,,,,,,,
672757,,,,,,,,,,,,,,,,,,,,,
672758,32.5,32.5,0,32.5,0,32.5,0,32.5,0,32.5,0,32.5,0,,,,,,,,
672759,31.5,31.5,0,31.5,0,31.5,0,31.5,0,31.5,0,31.5,0,,,,,,,,
672760,,,,,,,,,,,,,,,,,,,,,
672762,,,,,,,,,,,,,,,,,,,,,
672763,96,96,0,96,0,96,0,96,0,96,0,96,0,98.8,-0.0283,88,0.0909,86,0.116,95,0.0105
672789,,,,,,,,,,,,,,,,,,,,,
672790,11.3,11.3,0,11.3,0,11.3,0,11.3,0,11.3,0,11.3,0,11.3,0,,,,,,
672791,34.9,34.9,0,34.9,0,34.9,0,34.9,0,34.9,0,34.9,0,34.9,0,31.2,0.119,31.2,0.119,31.2,0.119
672800,,,,,,,,,,,,,,,,,,,,,
672801,14.4,14.4,0,14.4,0,14.4,0,14.4,0,14.4,0,14.4,0,,,14.4,0,14.4,0,14.4,0
672813,52.5,45.2,0.162,,,,,,,,,45.2,0.162,45.2,0.162,45.2,0.162,58.5,-0.103,56.8,-0.0757
672826,,,,,,,,,,,,,,,,,,,,,
672827,,,,,,,,,,,,,,,,,,,,,
672828,,,,,,,,,,,,,,,,,,,,,
672857,,,,,,,,,,,,,,,,,,,,,
672858,,,,,,,,,,,,,,,,,,,,,
672861,,,,,,,,,,,,,,,,,,,,,
672879,,,,,,,,,,,,,,,,,,,,,
672881,,,,,,,,,,,,,,,,,,,,,
672882,,,,,,,,,,,,,,,,,,,,,
672903,,,,,,,,,,,,,,,,,,,,,
672905,,,,,,,,,,,,,,,,,,,,,
672906,,,,,,,,,,,,,,,,,,,,,
672909,,,,,,,,,,,,,,,,,,,,,
672912,,,,,,,,,,,,,,,,,,,,,
672917,,,,,,,,,,,,,,,,,,,,,
672940,28.8,28.8,0,28.8,0,28.8,0,28.8,0,28.8,0,28.8,0,,,28.8,0,28.8,0,28.8,0
672941,30.5,30.5,0,30.5,0,30.5,0,30.5,0,30.5,0,30.5,0,,,30.5,0,30.5,0,30.5,0
672942,30.5,,,,,30.5,0,30.5,0,,,30.5,0,,,30.5,0,30.5,0,30.5,0
672943,30.5,30.5,0,30.5,0,30.5,0,30.5,0,,,30.5,0,,,30.5,0,30.5,0,30.5,0
672944,,,,,,,,,,,,,,,,,,,,,
672945,14.6,14.6,0,14.6,0,14.6,0,,,14.6,0,14.6,0,,,14.6,0,14.6,0,14.6,0
672946,14.6,14.6,0,14.6,0,14.6,0,,,14.6,0,14.6,0,14.6,0,14.6,0,14.6,0,14.6,0
672947,14.6,14.6,0,14.6,0,14.6,0,14.6,0,14.6,0,14.6,0,,,14.6,0,14.6,0,14.6,0
672948,14.6,14.6,0,14.6,0,14.6,0,14.6,0,14.6,0,14.6,0,,,14.6,0,14.6,0,14.6,0
672949,14.6,14.6,0,14.6,0,14.6,0,14.6,0,,,14.6,0,,,14.6,0,14.6,0,14.6,0
672950,14.6,14.6,0,14.6,0,14.6,0,14.6,0,14.6,0,14.6,0,14.6,0,14.6,0,14.6,0,14.6,0
672951,14.6,14.6,0,14.6,0,14.6,0,14.6,0,14.6,0,14.6,0,,,14.6,0,14.6,0,14.6,0
672952,14.6,14.6,0,14.6,0,14.6,0,14.6,0,14.6,0,14.6,0,,,14.6,0,14.6,0,14.6,0
672953,14.6,14.6,0,14.6,0,14.6,0,14.6,0,14.6,0,14.6,0,,,14.6,0,14.6,0,14.6,0
672954,14.6,14.6,0,14.6,0,14.6,0,14.6,0,14.6,0,14.6,0,,,14.6,0,14.6,0,14.6,0
672955,,,,,,,,,,,,,,,,,,,,,
672956,,,,,,,,,,,,,,,,,,,,,
672959,,,,,,,,,,,,,,,,,,,,,
672960,,,,,,,,,,,,,,,,,,,,,
672963,,,,,,,,,,,,,,,,,,,,,
672965,,,,,,,,,,,,,,,,,,,,,
672975,,,,,,,,,,,,,,,,,,,,,
672977,,,,,,,,,,,,,,,,,,,,,
672983,,,,,,,,,,,,,,,,,,,,,
672988,17.5,17.5,0,17.5,0,17.5,0,17.5,0,15.2,0.151,15.2,0.151,,,15.2,0.151,15.2,0.151,15.2,0.151
672989,30.5,30.5,0,30.5,0,30.5,0,30.5,0,,,,,,,28.2,0.0816,28.2,0.0816,28.2,0.0816
672990,,,,,,,,,,,,,,,,,,,,,
672993,5,5,0,5,0,5,0,5,0,5,0,5,0,5,0,5,0,5,0,5,0
672998,,,,,,,,,,,,,,,,,,,,,
673001,,,,,,,,,,,,,,,,,,,,,
673004,93,93,0,93,0,93,0,,,93,0,93,0,,,87.5,0.0629,85,0.0941,,
673005,42,42,0,42,0,42,0,42,0,42,0,42,0,,,36,0.167,36,0.167,35,0.2
673018,19.4,19.4,0,19.4,0,19.4,0,19.4,0,,,,,,,,,19.4,0,19.4,0
673022,,,,,,,,,,,,,,,,,,,,,
673025,,,,,,,,,,,,,,,,,,,,,
673026,,,,,,,,,,,,,,,,,,,,,
673027,,,,,,,,,,,,,,,,,,,,,
673037,,,,,,,,,,,,,,,,,,,,,
673040,,,,,,,,,,,,,,,,,,,,,
673042,76,76,0,,,76,0,,,70.6,0.0765,,,,,85,-0.106,87.9,-0.135,104,-0.269
673043,,,,,,,,,,,,,,,,,,,,,
673044,,,,,,,,,,,,,,,,,,,,,
673051,24.9,24.9,0,24.9,0,24.9,0,23,0.0826,,,29,-0.141,29,-0.141,29,-0.141,29,-0.141,36.6,-0.32
673052,29.5,29.5,0,29.5,0,29.5,0,27.8,0.0612,27.8,0.0612,26,0.135,34.5,-0.145,34.5,-0.145,34.5,-0.145,44.9,-0.343
673053,,,,,,,,,,,,,,,,,,,,,
673060,,,,,,,,,,,,,,,,,,,,,
673061,,,,,,,,,,,,,,,,,,,,,
673062,,,,,,,,,,,,,,,,,,,,,
673063,,,,,,,,,,,,,,,,,,,,,
673064,,,,,,,,,,,,,,,,,,,,,
673066,,,,,,,,,,,,,,,,,,,,,
673072,,,,,,,,,,,,,,,,,,,,,
673074,,,,,,,,,,,,,,,,,,,,,
673075,,,,,,,,,,,,,,,,,,,,,
673080,,,,,,,,,,,,,,,,,,,,,
673096,,,,,,,,,,,,,,,,,,,,,
673097,,,,,,,,,,,,,,,,,,,,,
673100,7.9,7.9,0,7.9,0,7.9,0,7.9,0,7.9,0,7.9,0,7.9,0,,,,,,
673109,,,,,,,,,,,,,,,,,,,,,
673111,31,31,0,31,0,31,0,31,0,31,0,31,0,31,0,,,,,,
673112,45,45,0,45,0,,,,,45,0,,,,,45,0,45,0,45,0
673113,45,45,0,45,0,,,,,,,,,,,45,0,45,0,,
673114,,,,,,,,,,,,,,,,,,,,,
673118,,,,,,,,,,,,,,,,,,,,,
673149,,,,,,,,,,,,,,,,,,,,,
673150,,,,,,,,,,,,,,,,,,,,,
673163,,,,,,,,,,,,,,,,,,,,,
673164,15.8,15.8,0,15.8,0,15.8,0,15.8,0,15.8,0,15.8,0,15.8,0,15.8,0,15.8,0,15.8,0
673165,13,13,0,13,0,13,0,13,0,13,0,,,,,12.3,0.0569,12.3,0.0569,12.3,0.0569
673168,27.5,27.5,0,27.5,0,27.5,0,27.5,0,27.5,0,27.5,0,27.5,0,27.5,0,27.5,0,,
673172,247,247,0,247,0,247,0,247,0,247,0,,,247,0,238,0.04,,,238,0.04
673175,202,202,0,202,0,202,0,202,0,202,0,202,0,202,0,188,0.08,188,0.08,188,0.08
673176,202,202,0,202,0,202,0,202,0,202,0,,,202,0,188,0.0773,188,0.0773,188,0.0773
673177,193,193,0,193,0,193,0,193,0,193,0,193,0,193,0,175,0.103,175,0.103,175,0.103
673183,,,,,,,,,,,,,,,,,,,,,
673184,,,,,,,,,,,,,,,,,,,,,
673186,50.5,43.5,0.161,43.5,0.161,43.5,0.161,,,43.5,0.161,43.5,0.161,,,,,55.5,-0.0901,49.8,0.0141
673208,,,,,,,,,,,,,,,,,,,,,
673209,9.7,9.7,0,9.7,0,9.7,0,9.7,0,9.7,0,9,0.0778,9,0.0778,9,0.0778,9,0.0778,9,0.0778
673210,,,,,,,,,,,,,,,,,,,,,
673211,,,,,,,,,,,,,,,,,,,,,
673212,,,,,,,,,,,,,,,,,,,,,
673213,,,,,,,,,,,,,,,,,,,,,
673214,,,,,,,,,,,,,,,,,,,,,
673218,,,,,,,,,,,,,,,,,,,,,
673222,,,,,,,,,,,,,,,,,,,,,
673224,17.8,17.8,0,19.8,-0.101,19.8,-0.101,19.8,-0.101,19.8,-0.101,15.5,0.148,15.5,0.148,15,0.187,18,-0.0111,20.5,-0.132
673235,,,,,,,,,,,,,,,,,,,,,
673237,,,,,,,,,,,,,,,,,,,,,
673238,81.3,81.3,0,81.3,0,81.3,0,81.3,0,81.3,0,81.3,0,,,81.3,0,,,72.5,0.121
673241,16,16,0,16,0,16,0,16,0,16,0,16,0,16,0,12.5,0.28,16,0,16,0
673249,,,,,,,,,,,,,,,,,,,,,
673251,,,,,,,,,,,,,,,,,,,,,
673253,,,,,,,,,,,,,,,,,,,,,
673255,,,,,,,,,,,,,,,,,,,,,
673256,,,,,,,,,,,,,,,,,,,,,
673257,,,,,,,,,,,,,,,,,,,,,
673258,,,,,,,,,,,,,,,,,,,,,
673259,,,,,,,,,,,,,,,,,,,,,
673260,,,,,,,,,,,,,,,,,,,,,
673262,,,,,,,,,,,,,,,,,,,,,
673264,,,,,,,,,,,,,,,,,,,,,
673265,,,,,,,,,,,,,,,,,,,,,
673267,,,,,,,,,,,,,,,,,,,,,
673269,,,,,,,,,,,,,,,,,,,,,
673270,,,,,,,,,,,,,,,,,,,,,
673271,,,,,,,,,,,,,,,,,,,,,
673272,,,,,,,,,,,,,,,,,,,,,
673273,,,,,,,,,,,,,,,,,,,,,
673274,156,156,0,156,0,156,0,156,0,156,0,,,,,114,0.374,114,0.374,104,0.507
673276,,,,,,,,,,,,,,,,,,,,,
673277,,,,,,,,,,,,,,,,,,,,,
673278,,,,,,,,,,,,,,,,,,,,,
673280,,,,,,,,,,,,,,,,,,,,,
673281,,,,,,,,,,,,,,,,,,,,,
673289,,,,,,,,,,,,,,,,,,,,,
673290,10.3,10.3,0,10.3,0,10.3,0,10.3,0,10.3,0,10.3,0,11.6,-0.112,9.9,0.0404,9.9,0.0404,9.9,0.0404
673291,,,,,,,,,,,,,,,,,,,,,
673298,,,,,,,,,,,,,,,,,,,,,
673329,,,,,,,,,,,,,,,,,,,,,
673330,,,,,,,,,,,,,,,,,,,,,
673331,39.4,39.4,0,39.4,0,39.4,0,39.4,0,39.4,0,39.4,0,39.4,0,39,0.0103,54.5,-0.277,54.5,-0.277
673333,42.8,42.8,0,42.8,0,42.8,0,42.8,0,42.8,0,42.8,0,42.8,0,42,0.019,59,-0.275,59,-0.275
673334,,,,,,,,,,,,,,,,,,,,,
673335,39.4,39.4,0,39.4,0,39.4,0,39.4,0,39.4,0,39.4,0,39.4,0,39,0.0103,54.5,-0.277,54.5,-0.277
673336,39.4,39.4,0,39.4,0,39.4,0,39.4,0,39.4,0,39.4,0,39.4,0,39,0.0103,54.5,-0.277,54.5,-0.277
673337,39.4,39.4,0,39.4,0,39.4,0,39.4,0,39.4,0,39.4,0,,,39,0.0103,54.5,-0.277,54.5,-0.277
673338,39.4,39.4,0,39.4,0,39.4,0,39.4,0,,,39.4,0,,,39,0.0103,54.5,-0.277,54.5,-0.277
673339,,,,,,,,,,,,,,,,,,,,,
673346,19.4,19.4,0,19.4,0,19.4,0,19.4,0,19.4,0,,,,,19.4,0,19.4,0,,
673347,,,,,,,,,,,,,,,,,,,,,
673352,11.3,11.3,0,11.3,0,11.3,0,,,,,,,,,,,,,,
673353,,,,,,,,,,,,,,,,,,,,,
673361,11.9,11.9,0,11.9,0,11.9,0,11.9,0,11.9,0,11.9,0,11.9,0,11.9,0,11.9,0,11.9,0
673362,11.9,11.9,0,11.9,0,11.9,0,11.9,0,11.9,0,11.9,0,11.9,0,11.9,0,11.9,0,11.9,0
673363,12.8,12.8,0,12.8,0,12.8,0,12.8,0,12.8,0,12.8,0,12.8,0,12.8,0,12.8,0,12.8,0
673364,,,,,,,,,,,,,,,,,,,,,
673365,11.9,11.9,0,11.9,0,11.9,0,11.9,0,11.9,0,11.9,0,11.9,0,11.9,0,11.9,0,11.9,0
673368,11.9,11.9,0,11.9,0,11.9,0,11.9,0,11.9,0,11.9,0,11.9,0,11.9,0,11.9,0,11.9,0
673370,,,,,,,,,,,,,,,,,,,,,
673371,7.5,7.5,0,7.5,0,7.5,0,7.5,0,7.5,0,7.5,0,7.5,0,7.5,0,7.5,0,7.5,0
673372,7.5,7.5,0,7.5,0,7.5,0,7.5,0,7.5,0,7.5,0,7.5,0,7.5,0,7.5,0,7.5,0
673373,7.5,7.5,0,7.5,0,7.5,0,7.5,0,7.5,0,7.5,0,7.5,0,7.5,0,7.5,0,7.5,0
673374,7.5,7.5,0,7.5,0,7.5,0,7.5,0,7.5,0,7.5,0,7.5,0,7.5,0,7.5,0,7.5,0
673378,1.5,1.5,0,1.5,0,1.5,0,1.5,0,1.5,0,1.5,0,,,1.3,0.154,1.3,0.154,1.5,0
673381,,,,,,,,,,,,,,,,,,,,,
673385,71.5,71.5,0,71.5,0,71.5,0,71.5,0,71.5,0,,,,,71.5,0,71.5,0,66.3,0.0784
673387,87.5,87.5,0,87.5,0,87.5,0,87.5,0,87.5,0,87.5,0,87.5,0,87.5,0,87.5,0,87.5,0
673388,45,45,0,45,0,45,0,45,0,45,0,45,0,45,0,45,0,45,0,45,0
673389,28.8,28.8,0,28.8,0,28.8,0,28.8,0,28.8,0,28.8,0,28.8,0,28.8,0,28.8,0,28.8,0
673390,15,15,0,15,0,,,15,0,15,0,,,15,0,,,15,0,15,0
673392,108,108,0,108,0,108,0,108,0,108,0,108,0,,,108,0,108,0,97,0.113
673405,13,13,0,13,0,13,0,13,0,13,0,13,0,13,0,13,0,13,0,13,0
673406,7.4,7.4,0,7.4,0,7.4,0,7.4,0,7.4,0,7.4,0,7.4,0,7.4,0,7.4,0,7.4,0
673407,13,13,0,13,0,,,,,,,13,0,13,0,13,0,13,0,13,0
673408,7.4,7.4,0,7.4,0,7.4,0,7.4,0,7.4,0,7.4,0,7.4,0,7.4,0,7.4,0,7.4,0
673409,25.4,25.4,0,25.4,0,,,,,,,,,,,,,25.4,0,25.4,0
673410,13.4,13.4,0,13.4,0,,,,,,,,,13.4,0,13.4,0,13.4,0,13.4,0
673416,,,,,,,,,,,,,,,,,,,,,
673417,,,,,,,,,,,,,,,,,,,,,
673419,,,,,,,,,,,,,,,,,,,,,
673420,,,,,,,,,,,,,,,,,,,,,
673421,,,,,,,,,,,,,,,,,,,,,
673422,33.5,33.5,0,33.5,0,33.5,0,33.5,0,33.5,0,33.5,0,,,,,33.5,0,28,0.196
673424,,,,,,,,,,,,,,,,,,,,,
673428,35,35,0,35,0,,,35,0,35,0,33.5,0.0448,33.5,0.0448,33.5,0.0448,33.5,0.0448,33.5,0.0448
673432,12,12,0,12,0,12,0,11.8,0.0169,11.8,0.0169,11.8,0.0169,11.8,0.0169,,,10,0.2,,
673433,12,12,0,12,0,12,0,11.8,0.0169,11.8,0.0169,11.8,0.0169,11.8,0.0169,11.8,0.0169,,,,
673436,,,,,,,,,,,,,,,,,,,,,
673446,,,,,,,,,,,,,,,,,,,,,
673447,,,,,,,,,,,,,,,,,,,,,
673448,,,,,,,,,,,,,,,,,,,,,
673450,,,,,,,,,,,,,,,,,,,,,
673451,,,,,,,,,,,,,,,,,,,,,
673452,,,,,,,,,,,,,,,,,,,,,
673453,38,38,0,38,0,38,0,38,0,,,,,,,30.9,0.23,30.9,0.23,30.9,0.23
673454,59,59,0,59,0,59,0,59,0,59,0,59,0,59,0,59,0,59,0,59,0
673455,18.8,18.8,0,18.8,0,18.8,0,18.8,0,,,18.8,0,,,18.8,0,18.8,0,18.8,0
673456,18.8,18.8,0,18.8,0,18.8,0,18.8,0,18.8,0,18.8,0,,,18.8,0,18.8,0,18.8,0
673462,,,,,,,,,,,,,,,,,,,,,
673464,,,,,,,,,,,,,,,,,,,,,
673476,,,,,,,,,,,,,,,,,,,,,
673480,,,,,,,,,,,,,,,,,,,,,
673481,,,,,,,,,,,,,,,,,,,,,
673482,,,,,,,,,,,,,,,,,,,,,
673487,,,,,,,,,,,,,,,,,,,,,
673494,23,23,0,23,0,23,0,23,0,23,0,23,0,,,23,0,21.5,0.0698,21.5,0.0698
673495,,,,,,,,,,,,,,,,,,,,,
673496,,,,,,,,,,,,,,,,,,,,,
673497,,,,,,,,,,,,,,,,,,,,,
673498,,,,,,,,,,,,,,,,,,,,,
673499,,,,,,,,,,,,,,,,,,,,,
673500,,,,,,,,,,,,,,,,,,,,,
673501,,,,,,,,,,,,,,,,,,,,,
673502,,,,,,,,,,,,,,,,,,,,,
673503,,,,,,,,,,,,,,,,,,,,,
673504,,,,,,,,,,,,,,,,,,,,,
673505,,,,,,,,,,,,,,,,,,,,,
673506,,,,,,,,,,,,,,,,,,,,,
673507,,,,,,,,,,,,,,,,,,,,,
673508,,,,,,,,,,,,,,,,,,,,,
673509,,,,,,,,,,,,,,,,,,,,,
673510,,,,,,,,,,,,,,,,,,,,,
673513,,,,,,,,,,,,,,,,,,,,,
673518,,,,,,,,,,,,,,,,,,,,,
673525,1.5,1.5,0,1.5,0,1.5,0,1.5,0,1.5,0,1.5,0,1.5,0,1.5,0,1.5,0,1.5,0
673526,1.5,1.5,0,1.5,0,1.5,0,1.5,0,1.5,0,1.5,0,,,1.5,0,1.5,0,1.5,0
673527,1.5,1.5,0,1.5,0,1.5,0,1.5,0,1.5,0,1.5,0,1.5,0,1.5,0,1.5,0,1.5,0
673528,1.5,1.5,0,1.5,0,1.5,0,1.5,0,1.5,0,1.5,0,1.5,0,1.5,0,1.5,0,1.5,0
673532,9.5,9.5,0,9.5,0,9.5,0,9.5,0,9.5,0,9.5,0,9.5,0,9.5,0,9.5,0,10.8,-0.12
673534,,,,,,,,,,,,,,,,,,,,,
673535,,,,,,,,,,,,,,,,,,,,,
673538,,,,,,,,,,,,,,,,,,,,,
673539,,,,,,,,,,,,,,,,,,,,,
673541,,,,,,,,,,,,,,,,,,,,,
673543,,,,,,,,,,,,,,,,,,,,,
673544,,,,,,,,,,,,,,,,,,,,,
673545,,,,,,,,,,,,,,,,,,,,,
673546,,,,,,,,,,,,,,,,,,,,,
673547,,,,,,,,,,,,,,,,,,,,,
673555,11.5,11.5,0,11.5,0,11.5,0,11.5,0,11.5,0,11.5,0,,,11.5,0,11.3,0.0177,10,0.15
673556,,,,,,,,,,,,,,,,,,,,,
673557,16.3,16.3,0,16.3,0,16.3,0,16.3,0,16.3,0,16.3,0,,,16.3,0,16.3,0,15,0.0867
673572,,,,,,,,,,,,,,,,,,,,,
673576,,,,,,,,,,,,,,,,,,,,,
673577,,,,,,,,,,,,,,,,,,,,,
673603,30.6,30.6,0,30.6,0,30.6,0,30.6,0,30.6,0,,,,,,,,,28.9,0.0588
673604,11.5,11.5,0,11.5,0,11.5,0,11.5,0,11.5,0,11.5,0,,,11.5,0,11.5,0,11.5,0
673605,11.5,11.5,0,11.5,0,11.5,0,11.5,0,11.5,0,,,,,11.5,0,11.5,0,11.5,0
673607,120,120,0,120,0,120,0,120,0,120,0,,,,,120,0,120,0,120,0
673608,,,,,,,,,,,,,,,,,,,,,
673610,26,26,0,26,0,26,0,26,0,26,0,26,0,,,26,0,22.5,0.156,22.5,0.156
673617,,,,,,,,,,,,,,,,,,,,,
673619,16.9,16.9,0,16.9,0,16.9,0,,,16.9,0,,,,,,,,,,
673620,18.8,18.8,0,18.8,0,18.8,0,18.8,0,,,18.8,0,18.8,0,18.8,0,17.5,0.0743,17.5,0.0743
673621,18.8,18.8,0,18.8,0,18.8,0,18.8,0,18.8,0,18.8,0,18.8,0,18.8,0,17.5,0.0743,17.5,0.0743
673622,18.8,18.8,0,18.8,0,18.8,0,18.8,0,,,,,18.8,0,18.8,0,17.5,0.0743,17.5,0.0743
673623,18.8,18.8,0,18.8,0,18.8,0,18.8,0,18.8,0,18.8,0,18.8,0,,,17.5,0.0743,17.5,0.0743
673624,18.8,18.8,0,18.8,0,18.8,0,18.8,0,18.8,0,18.8,0,18.8,0,18.8,0,17.5,0.0743,17.5,0.0743
673625,18.8,18.8,0,18.8,0,18.8,0,18.8,0,18.8,0,18.8,0,18.8,0,18.8,0,17.5,0.0743,17.5,0.0743
673631,109,109,0,109,0,109,0,109,0,109,0,109,0,109,0,102,0.0759,102,0.0759,119,-0.0808
673634,70,70,0,70,0,70,0,70,0,70,0,70,0,,,57.5,0.217,57.5,0.217,68.8,0.0174
673638,114,114,0,114,0,114,0,114,0,114,0,114,0,,,95,0.198,95,0.198,125,-0.0896
673640,121,121,0,121,0,121,0,121,0,121,0,121,0,121,0,108,0.127,108,0.127,141,-0.14
673641,345,345,0,345,0,345,0,345,0,345,0,345,0,345,0,326,0.0574,326,0.0574,360,-0.0425
673642,231,231,0,231,0,231,0,231,0,231,0,231,0,231,0,212,0.0885,212,0.0885,262,-0.119
673643,156,156,0,156,0,156,0,156,0,,,156,0,,,138,0.137,138,0.137,150,0.042
673644,27.4,27.4,0,27.4,0,27.4,0,27.4,0,27.4,0,27.4,0,27.4,0,24.8,0.105,24.8,0.105,24.8,0.105
673645,31.5,31.5,0,31.5,0,31.5,0,31.5,0,31.5,0,31.5,0,31.5,0,31,0.0161,31,0.0161,31,0.0161
673646,26,26,0,26,0,26,0,26,0,26,0,26,0,26,0,25.5,0.0196,25.5,0.0196,25.5,0.0196
673649,,,,,,,,,,,,,,,,,,,,,
673650,16.9,15.5,0.0903,15.5,0.0903,15.5,0.0903,15.5,0.0903,15.5,0.0903,15.5,0.0903,15.5,0.0903,15.5,0.0903,,,,
673654,85,85,0,85,0,85,0,85,0,85,0,78.8,0.0787,,,78.8,0.0787,72.5,0.172,78,0.0897
673656,13.5,13.5,0,13.5,0,13.5,0,13.5,0,13.5,0,13.5,0,,,13.5,0,13,0.0385,,
673657,,,,,,,,,,,,,,,,,,,,,
673658,,,,,,,,,,,,,,,,,,,,,
673659,11,11,0,11,0,11,0,11,0,11,0,11,0,,,11,0,10.5,0.0476,,
673660,11,11,0,11,0,11,0,11,0,11,0,11,0,,,11,0,10.5,0.0476,,
673661,11,11,0,11,0,11,0,11,0,11,0,11,0,,,,,10.5,0.0476,,
673663,,,,,,,,,,,,,,,,,,,,,
673664,11.5,11.5,0,11.5,0,11.5,0,11.5,0,11.5,0,11.5,0,,,11.5,0,11,0.0455,,
673665,10.5,10.5,0,10.5,0,,,,,10.5,0,10.5,0,,,10.5,0,10,0.05,,
673669,22.5,22.5,0,22.5,0,22.5,0,22.5,0,22.5,0,22.5,0,,,22.5,0,20,0.125,,
673670,15.6,15.6,0,15.6,0,15.6,0,,,15.6,0,15.6,0,,,15.6,0,13.8,0.13,,
673671,17.5,17.5,0,17.5,0,17.5,0,17.5,0,17.5,0,17.5,0,,,,,16,0.0938,,
673672,21,21,0,21,0,21,0,21,0,21,0,21,0,,,21,0,21,0,,
673673,16,16,0,16,0,16,0,16,0,16,0,16,0,,,16,0,15,0.0667,,
673674,16,16,0,16,0,16,0,16,0,16,0,16,0,,,16,0,15,0.0667,,
673675,20.6,20.6,0,20.6,0,20.6,0,20.6,0,20.6,0,20.6,0,,,20.6,0,20,0.03,,
673676,20.6,20.6,0,20.6,0,20.6,0,20.6,0,20.6,0,20.6,0,,,20.6,0,20,0.03,,
673677,20.6,20.6,0,20.6,0,20.6,0,20.6,0,20.6,0,20.6,0,,,20.6,0,20,0.03,,
673679,,,,,,,,,,,,,,,,,,,,,
673680,5.4,5.4,0,5.4,0,5.4,0,,,,,5.4,0,5.4,0,5.4,0,5.4,0,5.4,0
673681,,,,,,,,,,,,,,,,,,,,,
673709,,,,,,,,,,,,,,,,,,,,,
673710,,,,,,,,,,,,,,,,,,,,,
673711,,,,,,,,,,,,,,,,,,,,,
673714,,,,,,,,,,,,,,,,,,,,,
673715,50,50,0,57,-0.123,57,-0.123,57,-0.123,57,-0.123,57,-0.123,,,57,-0.123,57,-0.123,52,-0.0385
673717,,,,,,,,,,,,,,,,,,,,,
673718,,,,,,,,,,,,,,,,,,,,,
673719,,,,,,,,,,,,,,,,,,,,,
673722,,,,,,,,,,,,,,,,,,,,,
673723,,,,,,,,,,,,,,,,,,,,,
673730,,,,,,,,,,,,,,,,,,,,,
673731,,,,,,,,,,,,,,,,,,,,,
673732,14.9,14.9,0,14.9,0,14.9,0,14.9,0,14.9,0,14.9,0,,,14.9,0,14.9,0,13.7,0.0876
673733,30.3,30.3,0,30.3,0,30.3,0,30.3,0,30.3,0,30.3,0,,,30.3,0,30.3,0,27.9,0.086
673746,,,,,,,,,,,,,,,,,,,,,
673747,,,,,,,,,,,,,,,,,,,,,
673750,,,,,,,,,,,,,,,,,,,,,
673752,,,,,,,,,,,,,,,,,,,,,
673753,,,,,,,,,,,,,,,,,,,,,
673762,32.5,32.5,0,32.5,0,32.5,0,32.5,0,32.5,0,32.5,0,32.5,0,30,0.0833,30,0.0833,30,0.0833
673763,,,,,,,,,,,,,,,,,,,,,
673766,,,,,,,,,,,,,,,,,,,,,
673767,,,,,,,,,,,,,,,,,,,,,
673770,,,,,,,,,,,,,,,,,,,,,
673772,,,,,,,,,,,,,,,,,,,,,
673774,,,,,,,,,,,,,,,,,,,,,
673775,,,,,,,,,,,,,,,,,,,,,
673777,,,,,,,,,,,,,,,,,,,,,
673778,,,,,,,,,,,,,,,,,,,,,
673779,,,,,,,,,,,,,,,,,,,,,
673783,,,,,,,,,,,,,,,,,,,,,
673784,,,,,,,,,,,,,,,,,,,,,
673786,,,,,,,,,,,,,,,,,,,,,
673787,,,,,,,,,,,,,,,,,,,,,
673788,,,,,,,,,,,,,,,,,,,,,
673789,,,,,,,,,,,,,,,,,,,,,
673795,,,,,,,,,,,,,,,,,,,,,
673796,,,,,,,,,,,,,,,,,,,,,
673799,,,,,,,,,,,,,,,,,,,,,
673800,32.8,32.8,0,32.8,0,32.8,0,32.8,0,32.8,0,32.8,0,32.8,0,,,,,,
673802,32.8,32.8,0,32.8,0,32.8,0,32.8,0,32.8,0,32.8,0,32.8,0,,,,,,
673803,40.5,40.5,0,40.5,0,40.5,0,40.5,0,,,40.5,0,40.5,0,,,,,,
673804,40.5,40.5,0,40.5,0,40.5,0,40.5,0,40.5,0,40.5,0,40.5,0,,,,,,
673810,,,,,,,,,,,,,,,,,,,,,
673811,,,,,,,,,,,,,,,,,,,,,
673812,,,,,,,,,,,,,,,,,,,,,
673813,,,,,,,,,,,,,,,,,,,,,
673814,,,,,,,,,,,,,,,,,,,,,
673815,,,,,,,,,,,,,,,,,,,,,
673816,,,,,,,,,,,,,,,,,,,,,
673817,,,,,,,,,,,,,,,,,,,,,
673818,,,,,,,,,,,,,,,,,,,,,
673821,,,,,,,,,,,,,,,,,,,,,
673822,,,,,,,,,,,,,,,,,,,,,
673826,,,,,,,,,,,,,,,,,,,,,
673827,,,,,,,,,,,,,,,,,,,,,
673834,,,,,,,,,,,,,,,,,,,,,
673836,52.5,52.5,0,52.5,0,52.5,0,52.5,0,52.5,0,,,,,52.5,0,52.5,0,52.5,0
673837,,,,,,,,,,,,,,,,,,,,,
673838,,,,,,,,,,,,,,,,,,,,,
673840,,,,,,,,,,,,,,,,,,,,,
673841,,,,,,,,,,,,,,,,,,,,,
673842,,,,,,,,,,,,,,,,,,,,,
673843,,,,,,,,,,,,,,,,,,,,,
673846,65,65,0,65,0,65,0,65,0,65,0,65,0,,,65,0,65,0,65,0
673847,,,,,,,,,,,,,,,,,,,,,
673848,,,,,,,,,,,,,,,,,,,,,
673849,,,,,,,,,,,,,,,,,,,,,
673851,,,,,,,,,,,,,,,,,,,,,
673852,72.5,,,,,72.5,0,72.5,0,,,,,,,72.5,0,72.5,0,72.5,0
673855,72.5,72.5,0,72.5,0,72.5,0,72.5,0,72.5,0,72.5,0,,,,,72.5,0,72.5,0
673856,,,,,,,,,,,,,,,,,,,,,
673858,121,121,0,121,0,121,0,121,0,121,0,121,0,,,121,0,121,0,121,0
673859,108,108,0,108,0,108,0,108,0,,,,,,,108,0,108,0,101,0.0693
673866,,,,,,,,,,,,,,,,,,,,,
673867,,,,,,,,,,,,,,,,,,,,,
673868,,,,,,,,,,,,,,,,,,,,,
673869,,,,,,,,,,,,,,,,,,,,,
673873,,,,,,,,,,,,,,,,,,,,,
673874,,,,,,,,,,,,,,,,,,,,,
673875,,,,,,,,,,,,,,,,,,,,,
673876,15.5,15.5,0,15.5,0,15.5,0,15.5,0,15.5,0,15.5,0,,,15.5,0,15.5,0,15.5,0
673879,,,,,,,,,,,,,,,,,,,,,
673880,,,,,,,,,,,,,,,,,,,,,
673882,,,,,,,,,,,,,,,,,,,,,
673883,,,,,,,,,,,,,,,,,,,,,
673884,,,,,,,,,,,,,,,,,,,,,
673885,,,,,,,,,,,,,,,,,,,,,
673886,,,,,,,,,,,,,,,,,,,,,
673888,,,,,,,,,,,,,,,,,,,,,
673898,,,,,,,,,,,,,,,,,,,,,
673899,,,,,,,,,,,,,,,,,,,,,
673900,,,,,,,,,,,,,,,,,,,,,
673901,,,,,,,,,,,,,,,,,,,,,
673902,,,,,,,,,,,,,,,,,,,,,
673903,38.8,38.8,0,38.8,0,38.8,0,38.8,0,38.8,0,38.8,0,38.8,0,38.8,0,,,38.8,0
673906,,,,,,,,,,,,,,,,,,,,,
673907,2.7,2.7,0,3,-0.1,3,-0.1,3,-0.1,3,-0.1,3,-0.1,3,-0.1,3,-0.1,3,-0.1,3,-0.1
673908,3,3,0,3,0,3,0,3,0,3,0,3,0,3,0,3,0,3,0,3,0
673909,3,3,0,3,0,3,0,3,0,3,0,3,0,3,0,3,0,3,0,3,0
673912,,,,,,,,,,,,,,,,,,,,,
673913,10,10,0,10,0,10,0,10,0,10,0,10,0,10,0,10,0,9.8,0.0204,9.8,0.0204
673915,,,,,,,,,,,,,,,,,,,,,
673916,,,,,,,,,,,,,,,,,,,,,
673924,13.8,13.8,0,13.8,0,13.8,0,13.8,0,,,,,13.8,0,13.8,0,,,,
673925,,,,,,,,,,,,,,,,,,,,,
673926,,,,,,,,,,,,,,,,,,,,,
673927,,,,,,,,,,,,,,,,,,,,,
673944,2.5,2.5,0,2.5,0,2.5,0,2.5,0,2.5,0,2.5,0,,,2.5,0,2.5,0,2.5,0
673945,,,,,,,,,,,,,,,,,,,,,
673946,,,,,,,,,,,,,,,,,,,,,
673948,,,,,,,,,,,,,,,,,,,,,
673949,,,,,,,,,,,,,,,,,,,,,
673950,,,,,,,,,,,,,,,,,,,,,
673951,,,,,,,,,,,,,,,,,,,,,
673952,,,,,,,,,,,,,,,,,,,,,
673953,,,,,,,,,,,,,,,,,,,,,
673954,,,,,,,,,,,,,,,,,,,,,
673961,21.3,21.3,0,21.3,0,21.3,0,21.3,0,21.3,0,21.3,0,,,21.3,0,21.3,0,21.3,0
673962,,,,,,,,,,,,,,,,,,,,,
673963,,,,,,,,,,,,,,,,,,,,,
673964,,,,,,,,,,,,,,,,,,,,,
673967,16.9,16.9,0,16.9,0,16.9,0,16.9,0,16.9,0,16.9,0,,,,,,,15.6,0.0833
673970,,,,,,,,,,,,,,,,,,,,,
673971,,,,,,,,,,,,,,,,,,,,,
673975,,,,,,,,,,,,,,,,,,,,,
673976,,,,,,,,,,,,,,,,,,,,,
673977,,,,,,,,,,,,,,,,,,,,,
673978,,,,,,,,,,,,,,,,,,,,,
673980,,,,,,,,,,,,,,,,,,,,,
673981,,,,,,,,,,,,,,,,,,,,,
673992,,,,,,,,,,,,,,,,,,,,,
673994,,,,,,,,,,,,,,,,,,,,,
674004,19,19,0,18,0.0556,18,0.0556,18,0.0556,18,0.0556,18,0.0556,18,0.0556,18,0.0556,17.5,0.0857,17.5,0.0857
674006,56.9,56.9,0,56.9,0,56.9,0,,,,,,,,,49.9,0.14,49.9,0.14,49.9,0.14
674009,1.5,1.5,0,1.5,0,1.5,0,1.5,0,1.5,0,1.5,0,1.5,0,1.5,0,1.5,0,1.5,0
674016,,,,,,,,,,,,,,,,,,,,,
674017,,,,,,,,,,,,,,,,,,,,,
674024,7,7,0,7,0,7,0,7,0,7,0,7,0,,,6.5,0.0769,6.5,0.0769,6.5,0.0769
674028,,,,,,,,,,,,,,,,,,,,,
674029,,,,,,,,,,,,,,,,,,,,,
674030,,,,,,,,,,,,,,,,,,,,,
674033,48.8,48.8,0,48.8,0,48.8,0,,,,,,,,,45,0.0844,45,0.0844,45,0.0844
674034,43.5,43.5,0,43.5,0,43.5,0,,,,,,,,,39.4,0.104,39.4,0.104,39.4,0.104
674035,,,,,,,,,,,,,,,,,,,,,
674041,,,,,,,,,,,,,,,,,,,,,
674051,,,,,,,,,,,,,,,,,,,,,
674055,,,,,,,,,,,,,,,,,,,,,
674059,76,76,0,76,0,76,0,76,0,76,0,76,0,,,76,0,66.3,0.146,66.3,0.146
674060,,,,,,,,,,,,,,,,,,,,,
674071,46.4,46.4,0,46.4,0,46.4,0,46.4,0,46.4,0,46.4,0,,,46.4,0,46.4,0,42.7,0.0867
674072,,,,,,,,,,,,,,,,,,,,,
674073,252,252,0,252,0,252,0,252,0,252,0,252,0,,,252,0,252,0,200,0.265
674074,,,,,,,,,,,,,,,,,,,,,
674075,32.6,32.6,0,32.6,0,32.6,0,32.6,0,32.6,0,32.6,0,,,32.6,0,32.6,0,31.7,0.0284
674077,,,,,,,,,,,,,,,,,,,,,
674078,,,,,,,,,,,,,,,,,,,,,
674079,,,,,,,,,,,,,,,,,,,,,
674080,,,,,,,,,,,,,,,,,,,,,
674081,,,,,,,,,,,,,,,,,,,,,
674083,18,18,0,18,0,18,0,18,0,18,0,18,0,18,0,18,0,18,0,18.3,-0.0164
674084,,,,,,,,,,,,,,,,,,,,,
674085,,,,,,,,,,,,,,,,,,,,,
674086,3.5,3.5,0,3.5,0,3.5,0,3.5,0,3.5,0,3.5,0,3.5,0,3.5,0,3.5,0,3.6,-0.0278
674094,175,175,0,175,0,175,0,175,0,175,0,175,0,175,0,175,0,175,0,175,0
674095,49.4,49.4,0,49.4,0,,,49.4,0,49.4,0,49.4,0,,,49.4,0,44,0.123,44,0.123
674102,,,,,,,,,,,,,,,,,,,,,
674103,,,,,,,,,,,,,,,,,,,,,
674104,,,,,,,,,,,,,,,,,,,,,
674105,,,,,,,,,,,,,,,,,,,,,
674106,,,,,,,,,,,,,,,,,,,,,
674107,48.5,48.5,0,48.5,0,48.5,0,48.5,0,48.5,0,48.5,0,48.5,0,41,0.183,41,0.183,41,0.183
674109,,,,,,,,,,,,,,,,,,,,,
674113,21.9,21.9,0,21.9,0,,,,,21.9,0,21.9,0,21.9,0,21.9,0,21.9,0,21.9,0
674114,15,15,0,15,0,15,0,15,0,15,0,15,0,15,0,15,0,15,0,,
674117,,,,,,,,,,,,,,,,,,,,,
674122,5,5,0,5,0,5,0,5,0,5,0,5,0,5,0,5,0,4,0.25,,
674123,5,5,0,5,0,5,0,5,0,5,0,5,0,5,0,5,0,4,0.25,4,0.25
674124,3.5,3.5,0,3.5,0,3.5,0,3.5,0,3.5,0,3.5,0,3.5,0,3.5,0,3.5,0,3.5,0
674125,,,,,,,,,,,,,,,,,,,,,
674126,3,3,0,3,0,3,0,3,0,3,0,3,0,3,0,3,0,3,0,3,0
674127,,,,,,,,,,,,,,,,,,,,,
674144,,,,,,,,,,,,,,,,,,,,,
674145,,,,,,,,,,,,,,,,,,,,,
674146,15.7,15.7,0,15.7,0,,,,,15.7,0,15.7,0,,,,,15.7,0,15.7,0
674148,,,,,,,,,,,,,,,,,,,,,
674150,,,,,,,,,,,,,,,,,,,,,
674151,,,,,,,,,,,,,,,,,,,,,
674156,,,,,,,,,,,,,,,,,,,,,
674157,,,,,,,,,,,,,,,,,,,,,
674160,,,,,,,,,,,,,,,,,,,,,
674161,,,,,,,,,,,,,,,,,,,,,
674162,72.5,72.5,0,72.5,0,72.5,0,72.5,0,72.5,0,,,,,72.5,0,72.5,0,72.5,0
674169,,,,,,,,,,,,,,,,,,,,,
674177,,,,,,,,,,,,,,,,,,,,,
674178,,,,,,,,,,,,,,,,,,,,,
674180,19,19,0,19,0,19,0,19,0,19,0,14.5,0.31,14.5,0.31,14,0.357,18,0.0556,18.8,0.0106
674181,,,,,,,,,,,,,,,,,,,,,
674182,,,,,,,,,,,,,,,,,,,,,
674183,,,,,,,,,,,,,,,,,,,,,
674184,84,84,0,84,0,84,0,84,0,84,0,84,0,84,0,84,0,84,0,77.5,0.0839
674185,54.7,54.7,0,54.7,0,54.7,0,54.7,0,54.7,0,54.7,0,54.7,0,54.7,0,54.7,0,47.5,0.152
674186,,,,,,,,,,,,,,,,,,,,,
674187,,,,,,,,,,,,,,,,,,,,,
674188,,,,,,,,,,,,,,,,,,,,,
674189,,,,,,,,,,,,,,,,,,,,,
674190,,,,,,,,,,,,,,,,,,,,,
674191,,,,,,,,,,,,,,,,,,,,,
674192,,,,,,,,,,,,,,,,,,,,,
674193,,,,,,,,,,,,,,,,,,,,,
674194,,,,,,,,,,,,,,,,,,,,,
674195,,,,,,,,,,,,,,,,,,,,,
674196,,,,,,,,,,,,,,,,,,,,,
674197,,,,,,,,,,,,,,,,,,,,,
674198,,,,,,,,,,,,,,,,,,,,,
674199,,,,,,,,,,,,,,,,,,,,,
674206,,,,,,,,,,,,,,,,,,,,,
674213,,,,,,,,,,,,,,,,,,,,,
674216,45.3,45.3,0,45.3,0,45.3,0,45.3,0,42.5,0.0659,,,,,,,,,,
674217,,,,,,,,,,,,,,,,,,,,,
674218,,,,,,,,,,,,,,,,,,,,,
674219,,,,,,,,,,,,,,,,,,,,,
674221,,,,,,,,,,,,,,,,,,,,,
674222,,,,,,,,,,,,,,,,,,,,,
674223,,,,,,,,,,,,,,,,,,,,,
674224,,,,,,,,,,,,,,,,,,,,,
674225,14.5,14.5,0,14.5,0,14.5,0,14.5,0,14.5,0,14.5,0,14.5,0,14.5,0,14.5,0,14.5,0
674227,15.5,15.5,0,15.5,0,15.5,0,15.5,0,15.5,0,,,,,15.5,0,15.5,0,15.5,0
674228,15.5,15.5,0,15.5,0,15.5,0,15.5,0,15.5,0,,,15.5,0,15.5,0,15.5,0,15.5,0
674229,15.5,15.5,0,15.5,0,15.5,0,15.5,0,15.5,0,15.5,0,,,15.5,0,15.5,0,15.5,0
674230,11.8,11.8,0,11.8,0,11.8,0,11.8,0,11.8,0,11.8,0,,,11.8,0,11.8,0,11.8,0
674231,11.8,11.8,0,11.8,0,11.8,0,11.8,0,11.8,0,11.8,0,,,,,11.8,0,11.8,0
674232,11.8,11.8,0,11.8,0,11.8,0,11.8,0,11.8,0,11.8,0,11.8,0,11.8,0,11.8,0,11.8,0
674233,11.8,11.8,0,11.8,0,11.8,0,11.8,0,11.8,0,11.8,0,,,,,11.8,0,11.8,0
674234,13.6,13.6,0,13.6,0,13.6,0,13.6,0,13.6,0,13.6,0,13.6,0,,,13.6,0,13.6,0
674235,,,,,,,,,,,,,,,,,,,,,
674236,16.5,16.5,0,16.5,0,16.5,0,16.5,0,16.5,0,16.5,0,16.5,0,16.5,0,16.5,0,15,0.1
674237,15,15,0,15,0,15,0,15,0,15,0,15,0,15,0,15,0,15,0,15,0
674238,,,,,,,,,,,,,,,,,,,,,
674240,9.5,9.5,0,9.5,0,9.5,0,9.5,0,9.5,0,9.5,0,9.5,0,9.5,0,9.5,0,9.5,0
674241,,,,,,,,,,,,,,,,,,,,,
674242,,,,,,,,,,,,,,,,,,,,,
674243,19.9,19.9,0,19.9,0,19.9,0,19.9,0,19.9,0,,,,,19.9,0,,,,
674247,,,,,,,,,,,,,,,,,,,,,
674248,,,,,,,,,,,,,,,,,,,,,
674249,,,,,,,,,,,,,,,,,,,,,
674251,,,,,,,,,,,,,,,,,,,,,
674252,26.5,26.5,0,26.5,0,26.5,0,26.5,0,26.5,0,26.5,0,26.5,0,26.5,0,26.3,0.0076,26.3,0.0076
674255,,,,,,,,,,,,,,,,,,,,,
674256,,,,,,,,,,,,,,,,,,,,,
674259,14.5,14.5,0,14.5,0,,,14.5,0,14.5,0,,,14.5,0,14.5,0,14.5,0,14.5,0
674260,47,47,0,49.6,-0.0524,49.6,-0.0524,58.5,-0.197,65,-0.277,47.8,-0.0167,,,54.4,-0.136,,,65.9,-0.287
674267,,,,,,,,,,,,,,,,,,,,,
674268,,,,,,,,,,,,,,,,,,,,,
674269,,,,,,,,,,,,,,,,,,,,,
674270,,,,,,,,,,,,,,,,,,,,,
674271,,,,,,,,,,,,,,,,,,,,,
674272,,,,,,,,,,,,,,,,,,,,,
674274,,,,,,,,,,,,,,,,,,,,,
674275,,,,,,,,,,,,,,,,,,,,,
674281,17.3,17.3,0,17.3,0,17.3,0,17.3,0,17.3,0,,,,,17.3,0,17.3,0,17.3,0
674282,,,,,,,,,,,,,,,,,,,,,
674283,15.6,15.6,0,15.6,0,15.6,0,15.6,0,15.6,0,15.6,0,,,15.6,0,15.6,0,15.6,0
674284,,,,,,,,,,,,,,,,,,,,,
674285,,,,,,,,,,,,,,,,,,,,,
674286,,,,,,,,,,,,,,,,,,,,,
674287,,,,,,,,,,,,,,,,,,,,,
674288,,,,,,,,,,,,,,,,,,,,,
674292,,,,,,,,,,,,,,,,,,,,,
674293,,,,,,,,,,,,,,,,,,,,,
674294,,,,,,,,,,,,,,,,,,,,,
674295,,,,,,,,,,,,,,,,,,,,,
674297,,,,,,,,,,,,,,,,,,,,,
674300,,,,,,,,,,,,,,,,,,,,,
674301,29,29,0,29,0,,,,,29,0,,,29,0,,,,,29,0
674302,50,50,0,50,0,,,,,50,0,,,,,50,0,50,0,50,0
674305,,,,,,,,,,,,,,,,,,,,,
674306,,,,,,,,,,,,,,,,,,,,,
674307,,,,,,,,,,,,,,,,,,,,,
674309,,,,,,,,,,,,,,,,,,,,,
674315,,,,,,,,,,,,,,,,,,,,,
674316,,,,,,,,,,,,,,,,,,,,,
674318,52,45,0.156,45,0.156,45,0.156,45,0.156,45,0.156,,,,,42.5,0.224,58.5,-0.111,55.5,-0.0631
674319,76,76,0,76,0,76,0,76,0,,,,,,,49.9,0.523,49.9,0.523,,
674320,,,,,,,,,,,,,,,,,,,,,
674321,,,,,,,,,,,,,,,,,,,,,
674322,1.6,1.6,0,1.6,0,1.6,0,1.6,0,1.6,0,1.6,0,1.6,0,1.6,0,1.6,0,1.6,0
674323,1.6,1.6,0,1.6,0,1.6,0,1.6,0,1.6,0,1.6,0,1.6,0,1.6,0,1.6,0,1.6,0
674324,1.6,1.6,0,1.6,0,1.6,0,1.6,0,1.6,0,1.6,0,1.6,0,1.6,0,1.6,0,1.6,0
674325,1.6,1.6,0,1.6,0,1.6,0,1.6,0,1.6,0,1.6,0,1.6,0,1.6,0,1.6,0,1.6,0
674326,1.6,1.6,0,1.6,0,1.6,0,1.6,0,1.6,0,1.6,0,1.6,0,,,1.6,0,1.6,0
674327,,,,,,,,,,,,,,,,,,,,,
674328,,,,,,,,,,,,,,,,,,,,,
674329,37.5,37.5,0,42.9,-0.126,42.9,-0.126,42.9,-0.126,42.9,-0.126,42.9,-0.126,,,39.9,-0.0602,47.9,-0.217,47.9,-0.217
674330,1.5,1.5,0,1.5,0,1.5,0,1.5,0,1.5,0,1.5,0,,,1.5,0,1.5,0,1.5,0
674349,,,,,,,,,,,,,,,,,,,,,
674350,,,,,,,,,,,,,,,,,,,,,
674360,,,,,,,,,,,,,,,,,,,,,
674361,,,,,,,,,,,,,,,,,,,,,
674363,6.9,6.9,0,6.9,0,6.9,0,6.9,0,6.9,0,6.9,0,6.9,0,6.9,0,6.9,0,6.9,0
674364,16.8,16.8,0,16.8,0,16.8,0,16.8,0,16.8,0,,,,,16.8,0,16.8,0,16.8,0
674366,240,240,0,240,0,240,0,240,0,240,0,,,,,220,0.0909,,,,
674367,,,,,,,,,,,,,,,,,,,,,
674368,,,,,,,,,,,,,,,,,,,,,
674369,,,,,,,,,,,,,,,,,,,,,
674370,,,,,,,,,,,,,,,,,,,,,
674371,,,,,,,,,,,,,,,,,,,,,
674372,,,,,,,,,,,,,,,,,,,,,
674373,,,,,,,,,,,,,,,,,,,,,
674374,,,,,,,,,,,,,,,,,,,,,
674375,,,,,,,,,,,,,,,,,,,,,
674376,,,,,,,,,,,,,,,,,,,,,
674377,,,,,,,,,,,,,,,,,,,,,
674383,10,10,0,11,-0.0909,11,-0.0909,11,-0.0909,11,-0.0909,11,-0.0909,,,10.5,-0.0476,10.5,-0.0476,10.5,-0.0476
674384,10,10,0,11,-0.0909,11,-0.0909,11,-0.0909,11,-0.0909,11,-0.0909,11,-0.0909,10.5,-0.0476,10.5,-0.0476,10.5,-0.0476
674385,,,,,,,,,,,,,,,,,,,,,
674386,14.5,14.5,0,14.5,0,14.5,0,14.5,0,14.5,0,,,14.5,0,14.5,0,14.5,0,14.5,0
674387,14.5,14.5,0,14.5,0,14.5,0,14.5,0,14.5,0,14.5,0,14.5,0,14.5,0,14.5,0,14.5,0
674388,13.6,13.6,0,13.6,0,13.6,0,13.6,0,13.6,0,13.6,0,,,,,,,13.6,0
674389,,,,,,,,,,,,,,,,,,,,,
674390,,,,,,,,,,,,,,,,,,,,,
674391,,,,,,,,,,,,,,,,,,,,,
674392,,,,,,,,,,,,,,,,,,,,,
674393,,,,,,,,,,,,,,,,,,,,,
674396,,,,,,,,,,,,,,,,,,,,,
674397,,,,,,,,,,,,,,,,,,,,,
674398,9.4,9.4,0,9.4,0,9.4,0,9.4,0,9.4,0,9.4,0,,,9.4,0,9.4,0,9.4,0
674399,,,,,,,,,,,,,,,,,,,,,
674400,,,,,,,,,,,,,,,,,,,,,
674401,15,15,0,15,0,15,0,15,0,,,,,15,0,14,0.0714,14,0.0714,14,0.0714
674402,15,15,0,15,0,15,0,15,0,,,,,15,0,14,0.0714,14,0.0714,14,0.0714
674408,,,,,,,,,,,,,,,,,,,,,
674417,,,,,,,,,,,,,,,,,,,,,
674418,65,65,0,65,0,65,0,65,0,,,,,,,68,-0.0441,67.5,-0.037,58.7,0.107
674419,49.5,42.7,0.159,42.7,0.159,42.7,0.159,42.7,0.159,42.7,0.159,42.7,0.159,42.7,0.159,42.7,0.159,55.5,-0.108,52,-0.0481
674420,,,,,,,,,,,,,,,,,,,,,
674422,,,,,,,,,,,,,,,,,,,,,
674423,28,28,0,32.9,-0.149,32.9,-0.149,32.9,-0.149,32.9,-0.149,36.5,-0.233,,,,,,,,
674427,10,10,0,10,0,10,0,10,0,,,10,0,,,,,,,,
674428,13.5,13.5,0,13.5,0,13.5,0,13.5,0,13.5,0,13.5,0,13,0.0385,13,0.0385,13,0.0385,13,0.0385
674429,,,,,,,,,,,,,,,,,,,,,
674430,,,,,,,,,,,,,,,,,,,,,
674431,,,,,,,,,,,,,,,,,,,,,
674432,18.8,18.8,0,18.8,0,18.8,0,18.8,0,18.8,0,18.8,0,18.8,0,18.8,0,18.8,0,18.8,0
674466,69.2,69.2,0,69.2,0,69.2,0,69.2,0,69.2,0,,,,,,,,,63,0.0984
674467,58,58,0,58,0,58,0,58,0,58,0,58,0,,,52,0.115,52,0.115,45,0.289
674468,50,50,0,50,0,50,0,50,0,50,0,,,,,50,0,50,0,50,0
674471,,,,,,,,,,,,,,,,,,,,,
674472,24,24,0,24,0,24,0,24,0,24,0,24,0,,,22.5,0.0667,22.5,0.0667,22.5,0.0667
674473,,,,,,,,,,,,,,,,,,,,,
674474,,,,,,,,,,,,,,,,,,,,,
674475,8.7,8.7,0,8.7,0,8.7,0,8.7,0,8.7,0,8.7,0,8.7,0,8.7,0,8.7,0,8.2,0.061
674491,,,,,,,,,,,,,,,,,,,,,
674504,8.2,8.2,0,8.2,0,8.2,0,8.2,0,8.2,0,8.2,0,8.2,0,8.2,0,8.2,0,8.2,0
674505,10.4,10.4,0,10.4,0,10.4,0,10.4,0,10.4,0,,,,,9,0.156,8.3,0.253,9,0.156
674507,,,,,,,,,,,,,,,,,,,,,
674512,,,,,,,,,,,,,,,,,,,,,
674513,,,,,,,,,,,,,,,,,,,,,
674514,16.3,16.3,0,16.3,0,16.3,0,16.3,0,,,,,,,15,0.0867,15,0.0867,15,0.0867
674515,,,,,,,,,,,,,,,,,,,,,
674524,1.3,1.3,0,1.3,0,1.3,0,1.3,0,1.3,0,1.3,0,1.3,0,1,0.3,1,0.3,1,0.3
674525,1.3,1.3,0,1.3,0,1.3,0,1.3,0,1.3,0,1.3,0,1.3,0,1,0.3,1,0.3,1,0.3
674526,6.5,6.5,0,6.5,0,,,6.5,0,6.5,0,6.5,0,,,6.5,0,6.5,0,6.5,0
674527,6.5,6.5,0,6.5,0,6.5,0,6.5,0,6.5,0,6.5,0,,,6.5,0,6.5,0,6.5,0
674528,6.5,6.5,0,6.5,0,6.5,0,6.5,0,6.5,0,6.5,0,6.5,0,6.5,0,6.5,0,6.5,0
674529,,,,,,,,,,,,,,,,,,,,,
674530,30,30,0,30,0,30,0,30,0,30,0,30,0,30,0,30,0,30,0,30,0
674531,,,,,,,,,,,,,,,,,,,,,
674532,18.8,18.8,0,18.8,0,18.8,0,18.8,0,18.8,0,18.8,0,18.8,0,18.8,0,18.8,0,,
674533,18.8,18.8,0,18.8,0,18.8,0,18.8,0,18.8,0,18.8,0,18.8,0,18.8,0,18.8,0,18.8,0
674534,18.8,18.8,0,18.8,0,18.8,0,18.8,0,18.8,0,18.8,0,18.8,0,18.8,0,18.8,0,18.8,0
674537,,,,,,,,,,,,,,,,,,,,,
674541,,,,,,,,,,,,,,,,,,,,,
674545,1.7,1.7,0,1.7,0,1.7,0,1.7,0,1.7,0,1.7,0,1.7,0,1.7,0,1.7,0,1.7,0
674546,1.7,1.7,0,1.7,0,1.7,0,1.7,0,1.7,0,1.7,0,1.7,0,1.7,0,1.7,0,1.7,0
674547,,,,,,,,,,,,,,,,,,,,,
674549,,,,,,,,,,,,,,,,,,,,,
674550,11.6,11.6,0,11.6,0,11.6,0,11.6,0,11.6,0,11.6,0,,,11.6,0,11.6,0,10.5,0.105
674551,,,,,,,,,,,,,,,,,,,,,
674552,22.5,22.5,0,22.5,0,22.5,0,21.3,0.0563,21.3,0.0563,21.3,0.0563,,,,,,,,
674553,21.9,21.9,0,21.9,0,21.9,0,21.3,0.0282,21.3,0.0282,21.3,0.0282,,,,,,,,
674554,79,79,0,79,0,79,0,79,0,79,0,79,0,79,0,79,0,79,0,,
674555,,,,,,,,,,,,,,,,,,,,,
674556,40,40,0,40,0,37.5,0.0667,,,37.5,0.0667,,,,,37.5,0.0667,37.5,0.0667,37.5,0.0667
674557,30,30,0,30,0,30,0,30,0,30,0,30,0,30,0,27.5,0.0909,27.5,0.0909,27.5,0.0909
674561,,,,,,,,,,,,,,,,,,,,,
674562,40,40,0,40,0,40,0,40,0,40,0,40,0,,,35,0.143,35,0.143,35,0.143
674563,,,,,,,,,,,,,,,,,,,,,
674564,96,96,0,96,0,96,0,96,0,96,0,96,0,98.8,-0.0283,88,0.0909,91.5,0.0492,,
674571,,,,,,,,,,,,,,,,,,,,,
674572,,,,,,,,,,,,,,,,,,,,,
674573,,,,,,,,,,,,,,,,,,,,,
674574,,,,,,,,,,,,,,,,,,,,,
674575,,,,,,,,,,,,,,,,,,,,,
674576,15,15,0,15,0,15,0,15,0,15,0,,,15,0,15,0,15,0,,
674577,,,,,,,,,,,,,,,,,,,,,
674581,8.5,8.5,0,8.5,0,8.5,0,8.5,0,8.5,0,8,0.0625,8,0.0625,7.8,0.0897,7.8,0.0897,,
674583,18,18,0,18,0,18,0,18,0,18,0,18,0,18,0,18,0,18,0,17,0.0588
674584,,,,,,,,,,,,,,,,,,,,,
674586,1.5,1.5,0,1.5,0,1.5,0,1.5,0,1.5,0,1.5,0,1.5,0,1.5,0,1.5,0,1.5,0
674587,1.5,1.5,0,1.5,0,1.5,0,1.5,0,1.5,0,1.5,0,1.5,0,1.5,0,1.5,0,1.5,0
674588,1.5,1.5,0,1.5,0,1.5,0,1.5,0,1.5,0,1.5,0,1.5,0,1.5,0,1.5,0,1.5,0
674589,1.5,1.5,0,1.5,0,1.5,0,1.5,0,1.5,0,1.5,0,1.5,0,1.5,0,1.5,0,1.5,0
674590,1.5,1.5,0,1.5,0,1.5,0,1.5,0,,,1.5,0,1.5,0,1.5,0,1.5,0,,
674591,1.5,1.5,0,1.5,0,1.5,0,1.5,0,,,1.5,0,1.5,0,1.5,0,1.5,0,1.5,0
674592,33.4,33.4,0,33.4,0,33.4,0,33.4,0,,,33.4,0,,,29.5,0.132,29.5,0.132,,
674593,,,,,,,,,,,,,,,,,,,,,
674594,14.5,14.5,0,16.9,-0.142,16.9,-0.142,16.9,-0.142,16.9,-0.142,,,,,,,,,,
674595,,,,,,,,,,,,,,,,,,,,,
674596,,,,,,,,,,,,,,,,,,,,,
674597,,,,,,,,,,,,,,,,,,,,,
674598,46.3,46.3,0,46.3,0,46.3,0,44.8,0.0335,44.8,0.0335,44.8,0.0335,,,41.9,0.105,,,,
674599,,,,,,,,,,,,,,,,,,,,,
674600,29,29,0,29,0,,,,,,,,,,,29,0,29,0,,
674606,30.6,30.6,0,30.6,0,30.6,0,30.6,0,30.6,0,30.6,0,,,30,0.02,28,0.0929,,
674607,69.9,69.9,0,69.9,0,69.9,0,69.9,0,69.9,0,69.9,0,69.9,0,69.9,0,65,0.0754,,
674610,74,64,0.156,64,0.156,64,0.156,64,0.156,64,0.156,64,0.156,,,83,-0.108,83,-0.108,,
674613,,,,,,,,,,,,,,,,,,,,,
674614,91,91,0,91,0,91,0,,,91,0,91,0,,,86,0.0581,82,0.11,,
674615,40,40,0,40,0,40,0,40,0,40,0,40,0,,,,,33.5,0.194,,
674616,22.5,22.5,0,22.5,0,22.5,0,22.5,0,22.5,0,22.5,0,,,21,0.0714,18.8,0.197,,
674618,,,,,,,,,,,,,,,,,,,,,
674619,,,,,,,,,,,,,,,,,,,,,
674623,10.5,10.5,0,10.5,0,10.5,0,10.5,0,10.5,0,,,,,,,9.9,0.0606,,
674624,10.5,10.5,0,10.5,0,10.5,0,10.5,0,10.5,0,,,,,,,9.9,0.0606,,
674625,10.5,10.5,0,10.5,0,10.5,0,10.5,0,10.5,0,,,,,,,9.9,0.0606,,
674626,10.5,10.5,0,10.5,0,10.5,0,10.5,0,10.5,0,,,,,,,9.9,0.0606,,
674627,31.5,31.5,0,31.5,0,31.5,0,31.5,0,31.5,0,,,,,29.5,0.0678,29.5,0.0678,,
674628,31.5,31.5,0,31.5,0,31.5,0,31.5,0,31.5,0,,,,,,,29.5,0.0678,,
674629,31.5,31.5,0,31.5,0,31.5,0,31.5,0,31.5,0,,,,,29.5,0.0678,29.5,0.0678,,
674630,31.5,31.5,0,31.5,0,31.5,0,31.5,0,31.5,0,,,,,29.5,0.0678,29.5,0.0678,,
674631,31.5,31.5,0,31.5,0,31.5,0,31.5,0,31.5,0,,,,,,,29.5,0.0678,,
674632,31.5,31.5,0,31.5,0,31.5,0,31.5,0,31.5,0,,,,,29.5,0.0678,29.5,0.0678,,
674633,46.9,46.9,0,46.9,0,46.9,0,46.9,0,46.9,0,,,,,43.5,0.0782,43.5,0.0782,,
674634,46.9,46.9,0,46.9,0,46.9,0,46.9,0,46.9,0,,,,,43.5,0.0782,43.5,0.0782,,
674635,46.9,46.9,0,46.9,0,46.9,0,46.9,0,46.9,0,,,,,43.5,0.0782,43.5,0.0782,,
674636,46.9,46.9,0,46.9,0,46.9,0,46.9,0,46.9,0,,,,,43.5,0.0782,43.5,0.0782,,
674637,46.9,46.9,0,46.9,0,46.9,0,46.9,0,46.9,0,,,,,43.5,0.0782,43.5,0.0782,,
674638,,,,,,,,,,,,,,,,,,,,,
674639,28.2,28.2,0,28.2,0,28.2,0,28.2,0,28.2,0,,,,,28.2,0,28.2,0,,
674641,,,,,,,,,,,,,,,,,,,,,
674642,,,,,,,,,,,,,,,,,,,,,
674643,,,,,,,,,,,,,,,,,,,,,
674648,,,,,,,,,,,,,,,,,,,,,
674649,,,,,,,,,,,,,,,,,,,,,
674650,,,,,,,,,,,,,,,,,,,,,
674651,,,,,,,,,,,,,,,,,,,,,
674652,,,,,,,,,,,,,,,,,,,,,
674660,110,110,0,110,0,110,0,110,0,110,0,110,0,112,-0.0222,97.5,0.128,97.5,0.128,,
674661,41,41,0,41,0,41,0,41,0,,,,,43.8,-0.0639,36,0.139,36,0.139,,
674662,,,,,,,,,,,,,,,,,,,,,
674664,,,,,,,,,,,,,,,,,,,,,
674665,30.4,30.4,0,33.8,-0.101,33.8,-0.101,33.8,-0.101,33.8,-0.101,,,,,33.8,-0.101,33.8,-0.101,,
674666,,,,,,,,,,,,,,,,,,,,,
674667,,,,,,,,,,,,,,,,,,,,,
674669,13.8,13.8,0,13.8,0,13.8,0,12,0.15,12,0.15,13.8,0,,,,,12,0.15,,
674670,13.8,13.8,0,13.8,0,13.8,0,12,0.15,12,0.15,13.8,0,,,,,12,0.15,,
674671,2.6,2.6,0,2.6,0,2.6,0,2.6,0,2.6,0,2.6,0,2.6,0,2.6,0,,,,
674672,2.6,2.6,0,2.6,0,2.6,0,2.6,0,2.6,0,2.6,0,,,2.6,0,2.8,-0.0714,,
674673,23,23,0,28,-0.179,28,-0.179,23,0,23,0,28,-0.179,28,-0.179,,,24.8,-0.0726,,
674675,19,19,0,19,0,19,0,19,0,19,0,19,0,19,0,19,0,25,-0.24,,
674676,19,19,0,19,0,19,0,19,0,19,0,19,0,19,0,19,0,25,-0.24,,
674677,19,19,0,19,0,19,0,19,0,19,0,19,0,19,0,19,0,,,,
674678,,,,,,,,,,,,,,,,,,,,,
674679,19,19,0,19,0,19,0,19,0,19,0,19,0,19,0,19,0,25,-0.24,,
674687,31.3,31.3,0,31.3,0,31.3,0,31.3,0,31.3,0,30,0.0433,,,,,,,,
674688,,,,,,,,,,,,,,,,,,,,,
674689,75,64.9,0.156,64.9,0.156,,,,,64.9,0.156,64.9,0.156,,,64.9,0.156,,,,
674690,,,,,,,,,,,,,,,,,,,,,
674691,59,59,0,59,0,59,0,59,0,,,50,0.18,,,,,,,,
674692,,,,,,,,,,,,,,,,,,,,,
674694,,,,,,,,,,,,,,,,,,,,,
674695,61.5,61.5,0,61.5,0,61.5,0,61.5,0,61.5,0,61.5,0,,,53.4,0.152,,,,
674697,14,14,0,14,0,14,0,14,0,14,0,14,0,14,0,,,,,,
674699,,,,,,,,,,,,,,,,,,,,,
674700,16.4,,,,,,,,,,,,,,,,,,,,
674701,,,,,,,,,,,,,,,,,,,,,
674702,,,,,,,,,,,,,,,,,,,,,
674705,,,,,,,,,,,,,,,,,,,,,
674706,,,,,,,,,,,,,,,,,,,,,
674707,,,,,,,,,,,,,,,,,,,,,
674712,,,,,,,,,,,,,,,,,,,,,
674714,,,,,,,,,,,,,,,,,,,,,
674715,43.8,43.8,0,43.8,0,43.8,0,43.8,0,,,,,,,38,0.153,,,,
674716,65,65,0,65,0,65,0,65,0,,,,,,,59,0.102,,,,
674717,,,,,,,,,,,,,,,,,,,,,
674719,10,10,0,,,10,0,,,10,0,10,0,,,,,,,,
674720,,,,,,,,,,,,,,,,,,,,,
674721,8.5,8.5,0,8.5,0,8.5,0,8.5,0,8.5,0,,,,,8.5,0,,,,
674736,,,,,,,,,,,,,,,,,,,,,
674737,,,,,,,,,,,,,,,,,,,,,
674738,,,,,,,,,,,,,,,,,,,,,
674740,35,35,0,32.5,0.0769,32.5,0.0769,32.5,0.0769,32.5,0.0769,32.5,0.0769,32.5,0.0769,,,,,,
674741,34.4,34.4,0,31.9,0.0784,31.9,0.0784,31.9,0.0784,31.9,0.0784,31.9,0.0784,31.9,0.0784,,,,,,
674742,35.5,35.5,0,35.5,0,35.5,0,35.5,0,35.5,0,,,,,,,,,,
674743,,,,,,,,,,,,,,,,,,,,,
674744,,,,,,,,,,,,,,,,,,,,,
674745,,,,,,,,,,,,,,,,,,,,,
674751,10.9,10.9,0,10.9,0,10.9,0,10.9,0,10.9,0,10.9,0,,,10.9,0,,,,
674752,61,61,0,61,0,61,0,61,0,61,0,,,,,61,0,,,,
674753,97.5,97.5,0,97.2,0.00309,97.2,0.00309,97.2,0.00309,110,-0.114,110,-0.114,116,-0.159,,,,,,
674754,100,100,0,100,-0.002,100,-0.002,100,-0.002,119,-0.16,119,-0.16,119,-0.16,,,,,,
674755,87,87,0,87,0,87,0,87,0,103,-0.155,103,-0.155,103,-0.155,,,,,,
674756,94.9,94.9,0,94.9,0,94.9,0,94.9,0,108,-0.121,108,-0.121,113,-0.16,,,,,,
674757,81.9,81.9,0,81.8,0.00122,81.8,0.00122,81.8,0.00122,94,-0.129,94,-0.129,97.5,-0.16,,,,,,
674758,57,57,0,57.1,-0.00175,57.1,-0.00175,57.1,-0.00175,65,-0.123,65,-0.123,67.9,-0.161,,,,,,
674759,86.9,86.9,0,86.9,0,86.9,0,86.9,0,103,-0.156,103,-0.156,103,-0.156,,,,,,
674760,,,,,,,,,,,,,,,,,,,,,
674761,,,,,,,,,,,,,,,,,,,,,
674762,,,,,,,,,,,,,,,,,,,,,
674763,,,,,,,,,,,,,,,,,,,,,
674765,12.5,12.5,0,12.5,0,12.5,0,12.5,0,12.5,0,12.5,0,,,12.5,0,,,,
674770,,,,,,,,,,,,,,,,,,,,,
674771,48,48,0,48,0,48,0,46,0.0435,46,0.0435,46,0.0435,,,46,0.0435,,,,
674772,,,,,,,,,,,,,,,,,,,,,
674773,,,,,,,,,,,,,,,,,,,,,
674774,,,,,,,,,,,,,,,,,,,,,
674775,,,,,,,,,,,,,,,,,,,,,
674776,9.5,9.5,0,9.5,0,9.5,0,9.5,0,9.5,0,,,9.5,0,9.5,0,,,,
674780,,,,,,,,,,,,,,,,,,,,,
674781,,,,,,,,,,,,,,,,,,,,,
674786,,,,,,,,,,,,,,,,,,,,,
674787,,,,,,,,,,,,,,,,,,,,,
674788,,,,,,,,,,,,,,,,,,,,,
674802,70.5,61,0.156,61,0.156,61,0.156,61,0.156,61,0.156,61,0.156,,,,,,,,
674803,,,,,,,,,,,,,,,,,,,,,
674804,,,,,,,,,,,,,,,,,,,,,
674820,,,,,,,,,,,,,,,,,,,,,
674822,,,,,,,,,,,,,,,,,,,,,
674823,,,,,,,,,,,,,,,,,,,,,
674825,,,,,,,,,,,,,,,,,,,,,
674829,1,1,0,1,0,1,0,1,0,1,0,1,0,1,0,,,,,,
674830,0.6,0.6,0,0.6,0,0.6,0,0.6,0,0.6,0,0.6,0,0.6,0,,,,,,
674831,0.6,0.6,0,0.6,0,0.6,0,0.6,0,0.6,0,0.6,0,0.6,0,,,,,,
674834,,,,,,,,,,,,,,,,,,,,,
674835,56,56,0,56,0,56,0,56,0,56,0,56,0,,,,,,,,
674836,,,,,,,,,,,,,,,,,,,,,
674837,1.2,1.2,0,1.3,-0.0769,1.3,-0.0769,1.3,-0.0769,1.3,-0.0769,1.3,-0.0769,,,,,,,,
674838,1.3,1.3,0,1.3,0,1.3,0,1.3,0,1.3,0,1.3,0,1.3,0,,,,,,
674843,39.5,39.5,0,39.5,0,39.5,0,39.5,0,39.5,0,39.5,0,39.5,0,,,,,,
674844,58.8,58.8,0,58.8,0,58.8,0,58.8,0,,,,,,,,,,,,
674845,18.8,18.8,0,18.8,0,18.8,0,18.8,0,18.8,0,18.8,0,18.8,0,,,,,,
674846,18.8,18.8,0,18.8,0,18.8,0,18.8,0,18.8,0,18.8,0,18.8,0,,,,,,
674847,18.8,18.8,0,18.8,0,18.8,0,18.8,0,18.8,0,18.8,0,18.8,0,,,,,,
674848,15,15,0,15,0,15,0,15,0,15,0,15,0,15,0,,,,,,
674850,43.8,43.8,0,43.8,0,43.8,0,43.8,0,43.8,0,,,43.8,0,,,,,,
674856,61.5,61.5,0,61.5,0,61.5,0,61.5,0,61.5,0,61.5,0,,,,,,,,
674857,,,,,,,,,,,,,,,,,,,,,
674861,,,,,,,,,,,,,,,,,,,,,
674862,,,,,,,,,,,,,,,,,,,,,
674863,,,,,,,,,,,,,,,,,,,,,
674864,2.7,2.7,0,3,-0.1,3,-0.1,3,-0.1,3,-0.1,3,-0.1,,,,,,,,
674865,3,3,0,3,0,3,0,3,0,3,0,3,0,3,0,,,,,,
674878,,,,,,,,,,,,,,,,,,,,,
674880,,,,,,,,,,,,,,,,,,,,,
674882,,,,,,,,,,,,,,,,,,,,,
674883,36,36,0,36,0,36,0,36,0,36,0,36,0,,,,,,,,
674884,23.5,23.5,0,23.5,0,23.5,0,23.5,0,23.5,0,28,-0.161,,,,,,,,
674886,,,,,,,,,,,,,,,,,,,,,
674887,,,,,,,,,,,,,,,,,,,,,
674888,,,,,,,,,,,,,,,,,,,,,
674913,,,,,,,,,,,,,,,,,,,,,
674917,6.5,6.5,0,6.5,0,6.5,0,6.5,0,6.5,0,6.5,0,,,,,,,,
674922,,,,,,,,,,,,,,,,,,,,,
674924,,,,,,,,,,,,,,,,,,,,,
674925,,,,,,,,,,,,,,,,,,,,,
674926,,,,,,,,,,,,,,,,,,,,,
674927,21.9,21.9,0,21.9,0,,,21.9,0,21.9,0,,,,,,,,,,
674928,69,69,0,69,0,69,0,,,69,0,,,,,,,,,,
674929,69,69,0,69,0,69,0,69,0,69,0,,,,,,,,,,
674931,,,,,,,,,,,,,,,,,,,,,
674935,,,,,,,,,,,,,,,,,,,,,
674937,34.9,34.9,0,47.7,-0.268,47.7,-0.268,,,,,,,,,,,,,,
674950,17,17,0,21,-0.19,,,17.5,-0.0286,17.5,-0.0286,,,,,,,,,,
674951,19,19,0,19,0,,,,,,,,,,,,,,,,
674952,80,80,0,80,0,80,0,80,0,80,0,,,,,,,,,,
674953,,,,,,,,,,,,,,,,,,,,,
674954,,,,,,,,,,,,,,,,,,,,,
674955,42.5,42.5,0,42.5,0,42.5,0,42.5,0,,,,,,,,,,,,
674956,2.5,2.5,0,2.5,0,2.5,0,2.5,0,,,,,,,,,,,,
674957,2.5,2.5,0,2.5,0,2.5,0,2.5,0,2.5,0,,,,,,,,,,
674958,,,,,,,,,,,,,,,,,,,,,
674959,27,27,0,27,0,27,0,27,0,,,,,,,,,,,,
674960,9,9,0,9,0,9,0,9,0,,,,,,,,,,,,
675245,,,,,,,,,,,,,,,,,,,,,
675948,65,65,0,65,0,65,0,,,,,,,,,,,,,,
675949,,,,,,,,,,,,,,,,,,,,,
675950,32.5,32.5,0,32.5,0,,,,,,,,,,,,,,,,
675951,27.5,27.5,0,,,,,,,,,,,,,,,,,,
676113,11.9,11.9,0,11.9,0,11.9,0,11.9,0,11.9,0,11.9,0,,,11.9,0,11.9,0,11.9,0
676115,11.9,11.9,0,11.9,0,11.9,0,11.9,0,11.9,0,11.9,0,11.9,0,11.9,0,11.9,0,,
676116,11.9,11.9,0,11.9,0,11.9,0,11.9,0,11.9,0,11.9,0,11.9,0,11.9,0,11.9,0,11.9,0
676117,11.9,11.9,0,11.9,0,11.9,0,11.9,0,11.9,0,11.9,0,11.9,0,11.9,0,11.9,0,11.9,0
676564,18.8,18.8,0,18.8,0,18.8,0,18.8,0,18.8,0,18.8,0,,,18.8,0,18.8,0,18.8,0
676565,18.8,18.8,0,18.8,0,18.8,0,18.8,0,18.8,0,18.8,0,,,18.8,0,18.8,0,18.8,0
676571,29.9,29.9,0,29.9,0,29.9,0,29.9,0,29.9,0,29.9,0,29.9,0,28,0.0679,,,28,0.0679
676592,,,,,,,,,,,,,,,,,,,,,
676597,0.6,0.6,0,0.6,0,0.6,0,0.6,0,0.6,0,0.6,0,0.6,0,0.6,0,0.6,0,0.6,0
676598,,,,,,,,,,,,,,,,,,,,,
676599,,,,,,,,,,,,,,,,,,,,,
676615,30.5,30.5,0,36,-0.153,36,-0.153,36,-0.153,36,-0.153,36,-0.153,,,36,-0.153,36,-0.153,33.4,-0.0868
676616,30,30,0,36,-0.167,36,-0.167,36,-0.167,36,-0.167,36,-0.167,,,36,-0.167,36,-0.167,34.4,-0.128
676637,58.4,58.4,0,58.4,0,58.4,0,58.4,0,58.4,0,58.4,0,,,58.4,0,58.4,0,55.6,0.0504
676639,8.5,8.5,0,9.4,-0.0957,9.4,-0.0957,9.4,-0.0957,9.4,-0.0957,9.4,-0.0957,9.4,-0.0957,9.4,-0.0957,9.4,-0.0957,9.4,-0.0957
676692,9.6,9.6,0,9.6,0,9.6,0,9.6,0,9.6,0,9.6,0,9.6,0,9.6,0,9.4,0.0213,9.4,0.0213
676734,17,17,0,17,0,17,0,17,0,17,0,17,0,,,17,0,17,0,18,-0.0556
676735,16,16,0,16,0,16,0,16,0,16,0,16,0,16,0,16,0,16,0,16.8,-0.0476
676755,18.8,18.8,0,18.8,0,18.8,0,18.8,0,18.8,0,18.8,0,,,18.8,0,18.8,0,18.8,0
676759,51.9,51.9,0,51.9,0,51.9,0,51.9,0,51.9,0,51.9,0,,,49.9,0.0401,49.9,0.0401,49.9,0.0401
676760,,,,,,,,,,,,,,,,,,,,,
676779,49.9,49.9,0,49.9,0,49.9,0,49.9,0,49.9,0,49.9,0,,,49.9,0,45.9,0.0871,45.9,0.0871
676781,15,15,0,15,0,15,0,15,0,15,0,15,0,,,14,0.0714,14,0.0714,13.5,0.111
676782,15.8,15.8,0,15.8,0,15.8,0,15.8,0,15.8,0,15.8,0,,,14.5,0.0897,14.5,0.0897,14,0.129
676783,15.8,15.8,0,,,15.8,0,15.8,0,15.8,0,15.8,0,15.8,0,14.9,0.0604,14.9,0.0604,14.9,0.0604
676784,16.3,16.3,0,16.3,0,16.3,0,16.3,0,16.3,0,16.3,0,,,14.9,0.094,14.9,0.094,14.9,0.094
676786,11.2,11.2,0,11.2,0,11.2,0,11.2,0,11.2,0,11.2,0,,,11.2,0,11.2,0,10.6,0.0566
676790,120,120,0,120,0,120,0,120,0,120,0,120,0,120,0,120,0,120,0,120,0
676792,12,12,0,12,0,12,0,12,0,12,0,,,,,12,0,12,0,11.4,0.0526
676793,11,11,0,11,0,11,0,11,0,11,0,11,0,,,11,0,11,0,10.4,0.0577
676806,,,,,,,,,,,,,,,,,,,,,
676807,,,,,,,,,,,,,,,,,,,,,
676810,27,27,0,27,0,27,0,30,-0.1,30,-0.1,,,,,27.5,-0.0182,27.5,-0.0182,27.5,-0.0182
676812,33.2,33.2,0,33.2,0,33.2,0,33.2,0,33.2,0,33.2,0,33.2,0,33.2,0,31.4,0.0573,31.4,0.0573
676814,12.5,12.5,0,12.5,0,12.5,0,,,,,12.5,0,12.5,0,12.5,0,,,12.5,0
676827,29.9,29.9,0,29.9,0,29.9,0,29.9,0,29.9,0,29.9,0,29.9,0,28,0.0679,28,0.0679,28,0.0679
676829,,,,,,,,,,,,,,,,,,,,,
676834,,,,,,,,,,,,,,,,,,,,,
676836,25.6,25.6,0,25.6,0,25.6,0,25.6,0,25.6,0,25.6,0,,,25.6,0,25.6,0,24.4,0.0492
676859,50,50,0,50,0,50,0,50,0,50,0,50,0,,,50,0,50,0,40,0.25
676894,84,84,0,84,0,,,,,,,,,,,86,-0.0233,75,0.12,75,0.12
676896,28,28,0,28,0,,,,,,,,,,,28.8,-0.0278,25,0.12,25,0.12
676897,86,86,0,86,0,86,0,86,0,86,0,81.5,0.0552,81.5,0.0552,81.5,0.0552,81.5,0.0552,81.5,0.0552
676916,,,,,,,,,,,,,,,,,,,,,
676947,,,,,,,,,,,,,,,,,,,,,
676964,36,36,0,36,0,36,0,36,0,,,28.2,0.277,,,26.5,0.358,36,0,36,0
676965,30.5,,,,,30.5,0,30.5,0,,,30.5,0,,,30.5,0,30.5,0,,
676970,14.5,14.5,0,14.5,0,14.5,0,14.5,0,14.5,0,14.5,0,14.5,0,16.5,-0.121,16.5,-0.121,17.5,-0.171
676976,20.5,20.5,0,20.5,0,20.5,0,17.9,0.145,17.9,0.145,20.5,0,20.5,0,18.9,0.0847,22.5,-0.0889,25.4,-0.193
676978,,,,,,,,,,,,,,,,,,,,,
676980,,,,,,,,,,,,,,,,,,,,,
677030,210,210,0,210,0,210,0,210,0,210,0,210,0,210,0,210,0,,,,
677032,,,,,,,,,,,,,,,,,,,,,
677036,,,,,,,,,,,,,,,,,,,,,
677038,,,,,,,,,,,,,,,,,,,,,
677039,72,72,0,72,0,72,0,72,0,,,,,,,72,0,72,0,72,0
677048,,,,,,,,,,,,,,,,,,,,,
677058,19,19,0,19,0,19,0,19,0,19,0,,,14.5,0.31,14.5,0.31,14.5,0.31,14.5,0.31
677070,125,125,0,125,0,125,0,125,0,125,0,125,0,125,0,125,0,125,0,125,0
677075,125,125,0,125,0,125,0,125,0,125,0,125,0,125,0,99.9,0.251,125,0,125,0
677081,166,166,0,166,0,166,0,166,0,166,0,166,0,,,160,0.0375,,,,
677083,55,55,0,55,0,55,0,55,0,55,0,55,0,,,55,0,55,0,55,0
677138,,,,,,,,,,,,,,,,,,,,,
677142,,,,,,,,,,,,,,,,,,,,,
677143,,,,,,,,,,,,,,,,,,,,,
677184,81.3,,,,,,,,,81.3,0,,,,,81.3,0,,,,
677201,15,15,0,15,0,15,0,15,0,15,0,15,0,15,0,15,0,15,0,15,0
677213,160,160,0,160,0,160,0,160,0,160,0,160,0,160,0,160,0,154,0.0417,154,0.0417
677214,160,160,0,160,0,160,0,160,0,160,0,160,0,,,160,0,160,0,147,0.0935
677215,145,145,0,145,0,145,0,145,0,145,0,145,0,,,145,0,145,0,131,0.104
677240,,,,,,,,,,,,,,,,,,,,,
677254,,,,,,,,,,,,,,,,,,,,,
677275,43.2,43.2,0,43.2,0,43.2,0,43.2,0,43.2,0,,,,,43.2,0,43.2,0,40,0.08
677276,36,36,0,36,0,36,0,36,0,36,0,36,0,,,36,0,36,0,33.3,0.0811
677318,,,,,,,,,,,,,,,,,,,,,
677338,,,,,,,,,,,,,,,,,,,,,
677364,1.8,1.8,0,1.8,0,1.8,0,1.8,0,1.8,0,1.8,0,1.8,0,1.8,0,1.8,0,,
677385,,,,,,,,,,,,,,,,,,,,,
677431,10,10,0,10,0,10,0,10,0,10,0,10,0,,,10,0,9.8,0.0204,9.8,0.0204
677530,189,189,0,189,0,189,0,189,0,189,0,189,0,189,0,189,0,181,0.0419,181,0.0419
677563,40.5,40.5,0,40.5,0,,,40.5,0,40.5,0,40.5,0,40.5,0,40.5,0,40.5,0,40.5,0
677566,4,4,0,4,0,4,0,3.5,0.143,3.5,0.143,3.5,0.143,3.5,0.143,3.5,0.143,3,0.333,,
677567,4,4,0,4,0,4,0,3.5,0.143,3.5,0.143,3.5,0.143,3.5,0.143,3.5,0.143,3,0.333,3.5,0.143
677568,4,4,0,4,0,4,0,3.5,0.143,3.5,0.143,3.5,0.143,3.5,0.143,3.5,0.143,3,0.333,3.5,0.143
677569,33.5,33.5,0,33.5,0,33.5,0,33.5,0,33.5,0,33.5,0,33.5,0,33.5,0,33.5,0,33.5,0
677572,10,10,0,10,0,10,0,10,0,10,0,10,0,,,10,0,10,0,9.6,0.0417
677598,20.5,20.5,0,20.5,0,20.5,0,20.5,0,20.5,0,20.5,0,20.5,0,20.5,0,20.5,0,20.5,0
677601,195,195,0,184,0.0598,184,0.0598,184,0.0598,159,0.226,173,0.127,173,0.127,189,0.0317,189,0.0317,205,-0.0488
677603,225,225,0,225,0,225,0,225,0,225,0,225,0,,,239,-0.0586,239,-0.0586,239,-0.0586
677604,385,385,0,385,0,385,0,385,0,385,0,399,-0.0351,,,465,-0.172,465,-0.172,465,-0.172
677671,73,73,0,85.9,-0.15,85.9,-0.15,85.9,-0.15,85.9,-0.15,85.9,-0.15,,,85.9,-0.15,85.9,-0.15,,
677672,,,,,,,,,,,,,,,,,,,,,
677673,43.8,43.8,0,43.8,0,43.8,0,43.8,0,43.8,0,43.8,0,,,43.8,0,43.8,0,40.6,0.0788
677683,22.9,22.9,0,22.9,0,22.9,0,22.9,0,,,22.9,0,22.9,0,22.9,0,20.5,0.117,20.5,0.117
677700,,,,,,,,,,,,,,,,,,,,,
677718,49,49,0,49,0,49,0,49,0,,,49,0,61,-0.197,61,-0.197,61,-0.197,59.3,-0.174
677768,,,,,,,,,,,,,,,,,,,,,
677771,,,,,,,,,,,,,,,,,,,,,
677825,,,,,,,,,,,,,,,,,,,,,
677846,,,,,,,,,,,,,,,,,,,,,
677859,27,27,0,27,0,27,0,27,0,27,0,27,0,,,24.8,0.0887,24.8,0.0887,24.8,0.0887
677868,,,,,,,,,,,,,,,,,,,,,
677870,,,,,,,,,,,,,,,,,,,,,
677871,,,,,,,,,,,,,,,,,,,,,
677883,160,160,0,160,0,160,0,160,0,160,0,160,0,,,160,0,160,0,149,0.075
677900,25,25,0,25,0,25,0,25,0,25,0,25,0,25,0,,,22.5,0.111,22.5,0.111
677902,,,,,,,,,,,,,,,,,,,,,
677953,,,,,,,,,,,,,,,,,,,,,
677954,87.5,87.5,0,87.5,0,87.5,0,87.5,0,87.5,0,,,,,87.5,0,82,0.0671,,
678011,22,22,0,22,0,22,0,22,0,22,0,22,0,22,0,22,0,22,0,22,0
678016,19.4,19.4,0,19.4,0,19.4,0,19.4,0,19.4,0,19.4,0,19.4,0,19.4,0,19.4,0,19.4,0
678018,19.4,19.4,0,,,19.4,0,19.4,0,19.4,0,19.4,0,19.4,0,19.4,0,19.4,0,19.4,0
678019,19.4,19.4,0,19.4,0,19.4,0,19.4,0,,,19.4,0,19.4,0,19.4,0,19.4,0,19.4,0
678082,,,,,,,,,,,,,,,,,,,,,
678091,,,,,,,,,,,,,,,,,,,,,
678092,,,,,,,,,,,,,,,,,,,,,
678096,15.5,15.5,0,15.5,0,15.5,0,15.5,0,15.5,0,,,,,,,,,,
678108,16.9,16.9,0,16.9,0,16.9,0,16.9,0,16.9,0,16.9,0,16.9,0,16.9,0,12.9,0.31,14.5,0.166
678109,22,22,0,22,0,22,0,22,0,22,0,22,0,22,0,22,0,22,0,22,0
678110,,,,,,,,,,,,,,,,,,,,,
678111,8,8,0,8,0,8,0,8,0,8,0,8,0,,,8,0,8,0,8,0
678112,9.5,9.5,0,9.5,0,9.5,0,9.5,0,9.5,0,9.5,0,,,9.5,0,9.5,0,9.5,0
678146,,,,,,,,,,,,,,,,,,,,,
678167,,,,,,,,,,,,,,,,,,,,,
678168,,,,,,,,,,,,,,,,,,,,,
678175,99.9,99.9,0,99.9,0,99.9,0,99.9,0,99.9,0,99.9,0,99.9,0,110,-0.091,110,-0.091,110,-0.091
678176,26,26,0,26,0,26,0,26,0,26,0,26,0,26,0,28.5,-0.0877,28.5,-0.0877,28.5,-0.0877
678219,27,27,0,,,,,,,,,,,,,27,0,27,0,29.5,-0.0847
678222,62,62,0,62,0,62,0,62,0,62,0,62,0,62,0,62,0,43,0.442,43,0.442
678224,33.2,33.2,0,33.2,0,33.2,0,33.2,0,33.2,0,,,33.2,0,33.2,0,31.4,0.0573,31.4,0.0573
678225,33.2,33.2,0,33.2,0,33.2,0,33.2,0,33.2,0,33.2,0,33.2,0,33.2,0,31.4,0.0573,31.4,0.0573
678236,29.5,29.5,0,,,,,,,,,,,,,,,,,,
678240,,,,,,,,,,,,,,,,,,,,,
678241,8.8,8.8,0,8.8,0,8.8,0,8.8,0,8.8,0,8.8,0,8.8,0,8.8,0,8,0.1,8.7,0.0115
678242,8.7,8.7,0,8.7,0,8.7,0,8.7,0,8.7,0,8.7,0,8.7,0,8.7,0,8.7,0,8.7,0
678243,8.7,8.7,0,8.7,0,8.7,0,8.7,0,8.7,0,8.7,0,8.7,0,8.7,0,8.7,0,8.7,0
678244,8.7,8.7,0,8.7,0,8.7,0,8.7,0,8.7,0,8.7,0,8.7,0,8.7,0,8.7,0,8.7,0
678245,8.7,8.7,0,8.7,0,8.7,0,8.7,0,8.7,0,8.7,0,8.7,0,8.7,0,8.7,0,8.7,0
678246,8.7,8.7,0,8.7,0,8.7,0,8.7,0,8.7,0,8.7,0,8.7,0,8.7,0,8.7,0,8.7,0
678247,16,16,0,16,0,16,0,15,0.0667,15,0.0667,15,0.0667,15,0.0667,15,0.0667,13.9,0.151,15,0.0667
678248,16,16,0,16,0,16,0,15,0.0667,15,0.0667,15,0.0667,,,15,0.0667,13.9,0.151,15,0.0667
678263,8.6,8.6,0,8.6,0,8.6,0,8,0.075,,,,,,,13.9,-0.381,13.9,-0.381,13.9,-0.381
678264,,,,,,,,,,,,,,,,,,,,,
678265,13.9,13.9,0,13.9,0,13.9,0,12.9,0.0775,12.9,0.0775,12,0.158,10.5,0.324,22.4,-0.379,,,22.4,-0.379
678266,13.5,13.5,0,13.5,0,13.5,0,12.5,0.08,12.5,0.08,11.5,0.174,10,0.35,16,-0.156,16,-0.156,20.4,-0.338
678268,,,,,,,,,,,,,,,,,,,,,
678337,,,,,,,,,,,,,,,,,,,,,
678342,,,,,,,,,,,,,,,,,,,,,
678348,25.4,25.4,0,25.4,0,25.4,0,25.4,0,25.4,0,25.4,0,25.4,0,25.4,0,25.4,0,27.3,-0.0696
678357,49,49,0,49,0,49,0,49,0,49,0,49,0,,,49,0,,,49,0
678361,96.5,83.8,0.152,83.8,0.152,83.8,0.152,83.8,0.152,83.8,0.152,83.8,0.152,83.8,0.152,83.8,0.152,107,-0.0981,79.8,0.209
678368,72.5,72.5,0,72.5,0,72.5,0,72.5,0,72.5,0,56.3,0.288,,,53,0.368,72.5,0,72.5,0
678369,134,134,0,134,0,134,0,134,0,134,0,,,,,120,0.115,120,0.115,120,0.115
678370,273,273,0,273,0,273,0,273,0,273,0,273,0,273,0,273,0,273,0,273,0
678398,25,25,0,25,0,25,0,25,0,25,0,25,0,25,0,,,23.9,0.046,,
678429,13.5,13.5,0,13.5,0,13.5,0,13.5,0,13.5,0,13.5,0,,,12,0.125,12,0.125,12,0.125
678445,28.5,28.5,0,28.5,0,28.5,0,28.5,0,28.5,0,,,,,28.5,0,28.5,0,28.5,0
678450,,,,,,,,,,,,,,,,,,,,,
678459,16.8,16.8,0,16.8,0,16.8,0,16.8,0,16.8,0,,,,,16.8,0,16.8,0,16.8,0
678460,70.5,70.5,0,70.5,0,65,0.0846,65,0.0846,65,0.0846,65,0.0846,,,60,0.175,60,0.175,60,0.175
678461,35.5,,,,,35,0.0143,35,0.0143,,,35,0.0143,,,,,35,0.0143,,
678462,,,,,,,,,,,,,,,,,,,,,
678521,18,18,0,18,0,18,0,18,0,18,0,18,0,,,18,0,18,0,16.9,0.0651
678522,29.6,29.6,0,29.6,0,29.6,0,29.6,0,29.6,0,29.6,0,,,29.6,0,29.6,0,27.2,0.0882
678556,,,,,,,,,,,,,,,,,,,,,
678644,9.6,9.6,0,9.6,0,9.6,0,9.6,0,9.6,0,9.6,0,9.6,0,9.6,0,9.4,0.0213,9.4,0.0213
678646,59.4,59.4,0,59.4,0,59.4,0,59.4,0,59.4,0,59.4,0,,,59.4,0,59.4,0,57.5,0.033
678657,,,,,,,,,,,,,,,,,,,,,
678659,18.8,18.8,0,18.8,0,18.8,0,18.8,0,18.8,0,18.8,0,,,18.8,0,18.8,0,18.8,0
678672,114,114,0,114,0,114,0,94.8,0.208,94.8,0.208,114,0,,,111,0.0297,111,0.0297,99,0.157
678673,166,166,0,166,0,166,0,166,0,166,0,166,0,,,166,0,166,0,154,0.0725
678685,,,,,,,,,,,,,,,,,,,,,
678709,,,,,,,,,,,,,,,,,,,,,
678710,,,,,,,,,,,,,,,,,,,,,
678711,13,13,0,13,0,13,0,11.5,0.13,11.5,0.13,13,0,,,11.5,0.13,11.5,0.13,10.5,0.238
678712,11.5,11.5,0,11.5,0,11.5,0,10.5,0.0952,10.5,0.0952,,,,,9.5,0.211,10.5,0.0952,9.7,0.186
678718,,,,,,,,,,,,,,,,,,,,,
678719,,,,,,,,,,,,,,,,,,,,,
678722,33.4,33.4,0,33.4,0,33.4,0,33.4,0,33.4,0,33.4,0,,,,,29.5,0.132,27.5,0.215
678723,33.4,33.4,0,33.4,0,33.4,0,33.4,0,33.4,0,33.4,0,,,29.5,0.132,29.5,0.132,27.5,0.215
678732,22.9,22.9,0,22.9,0,22.9,0,22.9,0,22.9,0,22.9,0,,,22.9,0,20.9,0.0957,23.9,-0.0418
678748,4.5,4.5,0,4.5,0,3.7,0.216,3.7,0.216,3.7,0.216,3.7,0.216,3.7,0.216,3.7,0.216,3.7,0.216,3.7,0.216
678753,,,,,,,,,,,,,,,,,,,,,
678755,13,13,0,13,0,13,0,,,13,0,13,0,13,0,13,0,13,0,13,0
678766,28,28,0,28,0,28,0,28,0,28,0,28,0,28,0,28,0,21,0.333,21,0.333
678767,26.9,26.9,0,26.9,0,26.9,0,26.9,0,26.9,0,26.9,0,26.9,0,26.9,0,21,0.281,21,0.281
678768,31,31,0,31,0,31,0,31,0,31,0,31,0,31,0,31,0,21,0.476,21,0.476
678769,30,30,0,30,0,30,0,30,0,30,0,30,0,30,0,30,0,21,0.429,21,0.429
678770,28,28,0,28,0,28,0,28,0,28,0,28,0,28,0,28,0,21,0.333,21,0.333
678771,26.9,26.9,0,26.9,0,26.9,0,26.9,0,26.9,0,26.9,0,26.9,0,26.9,0,21,0.281,21,0.281
678776,93.5,93.5,0,93.5,0,,,93.5,0,93.5,0,93.5,0,93.5,0,93.5,0,93.5,0,93.5,0
678787,15.5,15.5,0,15.5,0,15.5,0,15.5,0,15.5,0,15.5,0,15.5,0,15.5,0,14.5,0.069,14.5,0.069
678788,15.5,15.5,0,15.5,0,15.5,0,15.5,0,15.5,0,15.5,0,15.5,0,15.5,0,14.5,0.069,14.5,0.069
678803,18.5,18.5,0,18.5,0,18.5,0,18.5,0,18.5,0,18.5,0,,,18.5,0,18.5,0,17.5,0.0571
678804,18.5,18.5,0,18.5,0,18.5,0,18.5,0,18.5,0,18.5,0,,,18.5,0,18.5,0,17.5,0.0571
678805,22.5,22.5,0,22.5,0,22.5,0,22.5,0,22.5,0,22.5,0,22.5,0,22.5,0,22.5,0,,
678811,3.9,3.9,0,3.9,0,3.9,0,3.9,0,3.9,0,3.9,0,3.9,0,3.9,0,3.7,0.0541,3.7,0.0541
678812,6.3,6.3,0,6.3,0,6.3,0,6.3,0,6.3,0,6.3,0,6.3,0,5,0.26,6.3,0,,
678814,80,80,0,80,0,80,0,80,0,80,0,80,0,80,0,80,0,80,0,80,0
678815,,,,,,,,,,,,,,,,,,,,,
678816,27,27,0,27,0,27,0,27,0,27,0,27,0,27,0,27,0,27,0,27,0
678817,27,27,0,27,0,27,0,27,0,27,0,27,0,27,0,27,0,27,0,27,0
678818,27,27,0,27,0,27,0,27,0,27,0,27,0,27,0,27,0,27,0,27,0
678819,36,36,0,36,0,36,0,36,0,36,0,36,0,36,0,36,0,36,0,36,0
678821,,,,,,,,,,,,,,,,,,,,,
678822,,,,,,,,,,,,,,,,,,,,,
678823,27,27,0,27,0,27,0,27,0,27,0,27,0,27,0,27,0,27,0,27,0
678824,27,27,0,27,0,27,0,27,0,27,0,27,0,27,0,27,0,27,0,27,0
678825,,,,,,,,,,,,,,,,,,,,,
678826,,,,,,,,,,,,,,,,,,,,,
678828,,,,,,,,,,,,,,,,,,,,,
678829,35.5,35.5,0,35.5,0,35.5,0,35.5,0,35.5,0,35.5,0,35.5,0,35.5,0,35.5,0,35.5,0
678830,20,20,0,20,0,20,0,20,0,20,0,20,0,20,0,20,0,20,0,20,0
678833,,,,,,,,,,,,,,,,,,,,,
678840,16.9,16.9,0,19.5,-0.133,19.5,-0.133,19.5,-0.133,19.5,-0.133,19.5,-0.133,19.5,-0.133,20,-0.155,19.5,-0.133,23.5,-0.281
678842,,,,,,,,,,,,,,,,,,,,,
678843,,,,,,,,,,,,,,,,,,,,,
678847,,,,,,,,,,,,,,,,,,,,,
678848,36,36,0,36,0,36,0,36,0,36,0,34,0.0588,34,0.0588,34,0.0588,34,0.0588,29.5,0.22
678849,16.5,16.5,0,19.9,-0.171,19.9,-0.171,19.9,-0.171,18.9,-0.127,18.9,-0.127,18.9,-0.127,20,-0.175,19.5,-0.154,23.5,-0.298
678851,37.5,37.5,0,37.5,0,37.5,0,37.5,0,37.5,0,37.5,0,37.5,0,37.5,0,37.5,0,37.5,0
678852,6.5,6.5,0,6.5,0,6.5,0,6.5,0,6.5,0,6.5,0,6.5,0,6.5,0,6.5,0,6.5,0
678853,6.5,6.5,0,6.5,0,6.5,0,6.5,0,6.5,0,6.5,0,6.5,0,6.5,0,6.5,0,,
678855,6.5,6.5,0,6.5,0,6.5,0,6.5,0,6.5,0,6.5,0,6.5,0,6.5,0,6.5,0,6.5,0
678856,68.5,68.5,0,68.5,0,68.5,0,,,68.5,0,68.5,0,68.5,0,62,0.105,62,0.105,62,0.105
678857,,,,,,,,,,,,,,,,,,,,,
678858,25,25,0,25,0,25,0,25,0,25,0,25,0,25,0,25,0,25,0,25,0
678899,48,48,0,48,0,48,0,48,0,48,0,48,0,48,0,48,0,48,0,,
678919,50,50,0,50,0,,,49,0.0204,49,0.0204,49,0.0204,49,0.0204,49,0.0204,44.9,0.114,52,-0.0385
678941,16,16,0,16,0,16,0,16,0,16,0,,,,,,,16,0,16,0
678943,31.3,31.3,0,31.3,0,31.3,0,31.3,0,,,31.3,0,,,31.3,0,28.8,0.0868,28.8,0.0868
678959,46,46,0,46,0,46,0,46,0,46,0,46,0,46,0,,,70,-0.343,70,-0.343
678961,,,,,,,,,,,,,,,,,,,,,
678972,66,66,0,66,0,66,0,66,0,66,0,66,0,66,0,,,,,,
678976,136,136,0,136,0,136,0,136,0,136,0,136,0,136,0,136,0,136,0,136,0
678984,1.9,1.9,0,1.9,0,1.9,0,1.9,0,1.9,0,,,1.9,0,1.9,0,1.5,0.267,1.9,0
678989,12.5,12.5,0,12.5,0,12.5,0,12.5,0,,,12.5,0,12.5,0,12.5,0,12.5,0,12.5,0
678994,,,,,,,,,,,,,,,,,,,,,
678995,16.8,16.8,0,16.8,0,16.8,0,16.8,0,16.8,0,16.8,0,,,16.8,0,16.8,0,16,0.05
678996,14,14,0,14,0,14,0,14,0,14,0,14,0,,,14,0,14,0,13.2,0.0606
678997,20.3,20.3,0,20.3,0,20.3,0,20.3,0,20.3,0,20.3,0,,,20.3,0,20.3,0,20,0.015
678998,21.9,21.9,0,21.9,0,21.9,0,21.9,0,21.9,0,21.9,0,,,21.9,0,21.9,0,21.6,0.0139
678999,25.5,25.5,0,25.5,0,25.5,0,25.5,0,25.5,0,25.5,0,,,25.5,0,,,23.7,0.0759
679000,49.6,49.6,0,49.6,0,49.6,0,49.6,0,,,,,,,49.6,0,49.6,0,46,0.0783
679002,,,,,,,,,,,,,,,,,,,,,
679011,30,30,0,30,0,30,0,,,,,,,,,27.5,0.0909,,,27.5,0.0909
679012,30,30,0,,,,,,,,,,,,,27.5,0.0909,27.5,0.0909,27.5,0.0909
679013,30,30,0,30,0,30,0,,,,,,,,,27.5,0.0909,27.5,0.0909,27.5,0.0909
679014,30,30,0,30,0,30,0,,,,,,,,,27.5,0.0909,27.5,0.0909,27.5,0.0909
679015,30,30,0,30,0,30,0,,,,,,,,,,,,,,
679016,30,30,0,30,0,30,0,,,,,,,,,27.5,0.0909,27.5,0.0909,27.5,0.0909
679017,30,30,0,,,,,,,,,,,,,27.5,0.0909,,,27.5,0.0909
679102,,,,,,,,,,,,,,,,,,,,,
679112,,,,,,,,,,,,,,,,,,,,,
679121,11.6,11.6,0,11.6,0,11.6,0,11.6,0,11.6,0,11.6,0,11.6,0,11.6,0,10.9,0.0642,10.9,0.0642
679122,11.6,11.6,0,11.6,0,11.6,0,11.6,0,11.6,0,11.6,0,11.6,0,11.6,0,10.9,0.0642,10.9,0.0642
679123,11.6,11.6,0,11.6,0,11.6,0,11.6,0,11.6,0,11.6,0,11.6,0,11.6,0,10.9,0.0642,10.9,0.0642
679124,11.6,11.6,0,11.6,0,11.6,0,11.6,0,11.6,0,11.6,0,11.6,0,11.6,0,10.9,0.0642,10.9,0.0642
679125,11.6,11.6,0,11.6,0,11.6,0,11.6,0,11.6,0,11.6,0,11.6,0,11.6,0,10.9,0.0642,10.9,0.0642
679129,22,22,0,22,0,22,0,22,0,22,0,22,0,,,21.6,0.0185,21.6,0.0185,21.6,0.0185
679130,47.5,47.5,0,47.5,0,47.5,0,47.5,0,47.5,0,47.5,0,47.5,0,47.5,0,47.5,0,,
679131,11.5,11.5,0,11.5,0,11.5,0,11.5,0,11.5,0,,,,,,,,,,
679132,22.5,22.5,0,22.5,0,22.5,0,22.5,0,22.5,0,,,,,,,,,,
679133,62.5,62.5,0,62.5,0,62.5,0,62.5,0,62.5,0,,,,,,,,,,
679134,,,,,,,,,,,,,,,,,,,,,
679153,6.5,6.5,0,6.5,0,6.5,0,6.5,0,6.5,0,,,6.5,0,6.5,0,6.5,0,6.5,0
679165,21.5,21.5,0,21.5,0,19,0.132,19,0.132,,,,,19,0.132,19,0.132,19,0.132,19,0.132
679172,,,,,,,,,,,,,,,,,,,,,
679173,,,,,,,,,,,,,,,,,,,,,
679234,26.8,26.8,0,26.8,0,26.8,0,26.8,0,26.8,0,26.8,0,,,26.8,0,,,26.5,0.0113
679235,22.8,22.8,0,22.8,0,22.8,0,22.8,0,22.8,0,,,,,22.8,0,,,,
679237,36,36,0,36,0,36,0,36,0,36,0,36,0,,,36,0,36,0,36,0
679238,,,,,,,,,,,,,,,,,,,,,
679244,48,48,0,48,0,48,0,48,0,48,0,,,,,48,0,48,0,48,0
679252,14.5,14.5,0,14.5,0,14.5,0,14.5,0,,,14.5,0,,,14.5,0,14.5,0,14.5,0
679253,31.9,31.9,0,31.9,0,31.9,0,29.9,0.0669,29.9,0.0669,29.9,0.0669,28.9,0.104,31.9,0,35.9,-0.111,45.5,-0.299
679254,1.5,1.5,0,1.5,0,1.5,0,1.5,0,1.5,0,1.5,0,1.5,0,1.5,0,1.6,-0.0625,1.6,-0.0625
679255,1.5,1.5,0,1.5,0,1.5,0,1.5,0,1.5,0,1.5,0,1.5,0,1.5,0,1.6,-0.0625,1.6,-0.0625
679256,1.5,1.5,0,1.5,0,1.5,0,1.5,0,1.5,0,1.5,0,1.5,0,1.5,0,1.6,-0.0625,1.6,-0.0625
679260,1.5,1.5,0,1.5,0,1.5,0,1.5,0,1.5,0,1.5,0,1.5,0,1.5,0,1.6,-0.0625,1.6,-0.0625
679261,15.5,15.5,0,15.5,0,15.5,0,15.5,0,15.5,0,15.5,0,15.5,0,15.5,0,16.5,-0.0606,15,0.0333
679262,15.5,15.5,0,15.5,0,15.5,0,15.5,0,15.5,0,15.5,0,15.5,0,15.5,0,16.5,-0.0606,15,0.0333
679263,15.8,15.8,0,15.8,0,15.8,0,15.8,0,15.8,0,15.8,0,15.8,0,16.5,-0.0424,16.5,-0.0424,15,0.0533
679264,1.5,1.5,0,1.5,0,1.5,0,1.5,0,1.5,0,1.5,0,1.5,0,1.5,0,1.6,-0.0625,1.6,-0.0625
679265,1.5,1.5,0,1.5,0,1.5,0,1.5,0,1.5,0,1.5,0,1.5,0,1.5,0,1.6,-0.0625,1.6,-0.0625
679266,1.5,1.5,0,1.5,0,1.5,0,1.5,0,1.5,0,1.5,0,1.5,0,1.5,0,1.6,-0.0625,1.6,-0.0625
679267,1.5,1.5,0,1.5,0,1.5,0,1.5,0,1.5,0,1.5,0,1.5,0,1.5,0,1.6,-0.0625,1.6,-0.0625
679285,60.5,60.5,0,60.5,0,60.5,0,60.5,0,60.5,0,60.5,0,60.5,0,60.5,0,60.5,0,65.8,-0.0805
679322,2,2,0,2,0,2,0,2,0,2,0,2,0,2,0,1.5,0.333,2,0,1.6,0.25
679366,43,43,0,43,0,43,0,43,0,43,0,43,0,43,0,,,,,,
679372,22.8,22.8,0,22.8,0,22.8,0,22.8,0,22.8,0,22.8,0,,,22.8,0,22.8,0,22.8,0
679375,,,,,,,,,,,,,,,,,,,,,
679376,50,50,0,50,0,50,0,50,0,50,0,45.5,0.0989,45.5,0.0989,45.5,0.0989,66.6,-0.249,65.4,-0.235
679377,23.7,23.7,0,23.7,0,23.7,0,23.7,0,23.7,0,21.7,0.0922,21.7,0.0922,24.2,-0.0207,24.2,-0.0207,24.2,-0.0207
679389,9.9,9.9,0,9.9,0,9.9,0,9.9,0,9.9,0,9.9,0,9.9,0,9.9,0,9.9,0,9.9,0
679401,125,125,0,125,0,125,0,125,0,125,0,,,125,0,125,0,125,0,125,0
679413,,,,,,,,,,,,,,,,,,,,,
679422,,,,,,,,,,,,,,,,,,,,,
679428,,,,,,,,,,,,,,,,,,,,,
679429,,,,,,,,,,,,,,,,,,,,,
679430,,,,,,,,,,,,,,,,,,,,,
679435,2.5,2.5,0,2.5,0,2.5,0,2.5,0,2.5,0,2.5,0,2.5,0,2.5,0,2.5,0,2.5,0
679436,2.5,2.5,0,2.5,0,2.5,0,2.5,0,2.5,0,2.5,0,2.5,0,2.5,0,2.5,0,2.5,0
679437,2.5,2.5,0,2.5,0,2.5,0,2.5,0,2.5,0,,,2.5,0,2.5,0,2.5,0,2.5,0
679438,4.5,4.5,0,4.5,0,4.5,0,4.5,0,4.5,0,4.5,0,4.5,0,4.5,0,4.5,0,4.5,0
679439,3.5,3.5,0,3.5,0,3.5,0,3.5,0,3.5,0,3.5,0,3.5,0,3.5,0,3.5,0,3.5,0
679441,3.5,3.5,0,3.5,0,3.5,0,3.5,0,3.5,0,3.5,0,3.5,0,3.5,0,3.5,0,3.5,0
679454,3.5,3.5,0,3.5,0,3.5,0,3.5,0,3.5,0,3.5,0,3.5,0,3.5,0,3.5,0,3.5,0
679455,3.5,3.5,0,3.5,0,3.5,0,3.5,0,3.5,0,3.5,0,3.5,0,3.5,0,3.5,0,3.5,0
679457,3.5,3.5,0,3.5,0,3.5,0,3.5,0,3.5,0,3.5,0,3.5,0,3.5,0,3.5,0,3.5,0
679462,7.3,7.3,0,7.3,0,7.3,0,7.3,0,7.3,0,7.3,0,6.3,0.159,,,,,6.3,0.159
679463,50.6,50.6,0,50.6,0,50.6,0,50.6,0,50.6,0,50.6,0,50.6,0,49,0.0327,49,0.0327,48.1,0.052
679464,50.6,50.6,0,50.6,0,50.6,0,50.6,0,50.6,0,50.6,0,50.6,0,49,0.0327,49,0.0327,48.1,0.052
679465,50.6,50.6,0,50.6,0,50.6,0,50.6,0,50.6,0,50.6,0,50.6,0,49,0.0327,49,0.0327,48.1,0.052
679466,50.6,50.6,0,50.6,0,50.6,0,50.6,0,50.6,0,50.6,0,50.6,0,49,0.0327,49,0.0327,48.1,0.052
679481,,,,,,,,,,,,,,,,,,,,,
679482,,,,,,,,,,,,,,,,,,,,,
679483,,,,,,,,,,,,,,,,,,,,,
679484,,,,,,,,,,,,,,,,,,,,,
679486,,,,,,,,,,,,,,,,,,,,,
679574,1.1,1.1,0,1.1,0,1.1,0,1.1,0,1.1,0,1.1,0,1.1,0,1,0.1,1,0.1,1,0.1
679576,19.5,19.5,0,19.5,0,19.5,0,19.5,0,19.5,0,19.5,0,19.5,0,19.5,0,16,0.219,,
679583,92.9,92.9,0,92.9,0,92.9,0,92.9,0,89.9,0.0334,,,,,,,,,,
679584,92.9,92.9,0,92.9,0,92.9,0,92.9,0,89.9,0.0334,,,,,,,,,,
679604,194,194,0,194,0,194,0,194,0,194,0,194,0,194,0,178,0.093,178,0.093,178,0.093
679611,134,134,0,134,0,134,0,134,0,134,0,134,0,,,,,112,0.189,,
679653,15,15,0,15,0,15,0,15,0,15,0,15,0,15,0,15,0,15,0,15,0
679713,,,,,,,,,,,,,,,,,,,,,
679714,,,,,,,,,,,,,,,,,,,,,
679720,9,9,0,9,0,9,0,9,0,9,0,9,0,9,0,9,0,10.9,-0.174,9.8,-0.0816
679721,,,,,,,,,,,,,,,,,,,,,
679723,,,,,,,,,,,,,,,,,,,,,
679756,13.5,13.5,0,13.5,0,13.5,0,13.5,0,13.5,0,13.5,0,13.5,0,13.5,0,13.5,0,13.5,0
679766,52.9,52.9,0,52.9,0,52.9,0,52.9,0,52.9,0,52.9,0,52.9,0,52.9,0,45,0.176,45,0.176
679773,,,,,,,,,,,,,,,,,,,,,
679775,,,,,,,,,,,,,,,,,,,,,
679789,99,99,0,99,0,99,0,99,0,99,0,99,0,,,98.9,0.00101,98.9,0.00101,97.7,0.0133
679791,,,,,,,,,,,,,,,,,,,,,
679792,3,3,0,3,0,3,0,3,0,3,0,3,0,3,0,3,0,3,0,,
679793,3,3,0,3,0,3,0,3,0,3,0,3,0,3,0,3,0,3,0,,
679795,,,,,,,,,,,,,,,,,,,,,
679819,,,,,,,,,,,,,,,,,,,,,
679820,,,,,,,,,,,,,,,,,,,,,
679846,,,,,,,,,,,,,,,,,,,,,
679857,,,,,,,,,,,,,,,,,,,,,
679868,,,,,,,,,,,,,,,,,,,,,
679878,15.3,15.3,0,15.3,0,15.3,0,7,1.19,14,0.0929,14,0.0929,14,0.0929,14,0.0929,14,0.0929,12,0.275
679895,,,,,,,,,,,,,,,,,,,,,
679898,55.5,55.5,0,55.5,0,55.5,0,55.5,0,55.5,0,55.5,0,,,55.5,0,52.5,0.0571,,
679919,,,,,,,,,,,,,,,,,,,,,
679944,,,,,,,,,,,,,,,,,,,,,
679945,26.2,26.2,0,26.2,0,26.2,0,26.2,0,,,26.2,0,,,,,26.2,0,26,0.00769
679948,10.5,10.5,0,10.5,0,10.5,0,10.5,0,,,,,,,,,,,,
679957,,,,,,,,,,,,,,,,,,,,,
679985,19.5,19.5,0,19.5,0,19.5,0,19.5,0,19.5,0,16.5,0.182,16.5,0.182,15,0.3,18.9,0.0317,21.4,-0.0888
679986,19.5,19.5,0,19.5,0,19.5,0,19.5,0,19.5,0,,,16.5,0.182,15,0.3,18.9,0.0317,21.4,-0.0888
679994,,,,,,,,,,,,,,,,,,,,,
681000,30.5,30.5,0,30.5,0,30.5,0,30.5,0,24.5,0.245,24.5,0.245,24.5,0.245,28.5,0.0702,45,-0.322,45,-0.322
681001,31.5,31.5,0,31.5,0,31.5,0,31.5,0,,,,,25.5,0.235,30,0.05,47,-0.33,47,-0.33
681002,31.5,31.5,0,31.5,0,31.5,0,31.5,0,,,,,,,29.5,0.0678,47,-0.33,47,-0.33
681003,18.5,18.5,0,18.5,0,18.5,0,18.5,0,,,,,,,,,20.5,-0.0976,,
681004,35,35,0,35,0,35,0,35,0,,,,,,,32,0.0938,38.5,-0.0909,,
681005,110,110,0,110,0,110,0,110,0,110,0,,,,,,,,,,
681006,,,,,,,,,,,,,,,,,,,,,
681007,160,160,0,160,0,160,0,160,0,160,0,,,,,,,,,125,0.28
681008,,,,,,,,,,,,,,,,,,,,,
685452,15.5,15.5,0,15.5,0,15.5,0,15.5,0,15.5,0,15.5,0,15.5,0,15.5,0,16.5,-0.0606,15,0.0333
685772,13,13,0,13,0,13,0,13,0,13,0,13,0,,,,,,,,
686980,26.5,26.5,0,26.5,0,26.5,0,,,,,,,23,0.152,26,0.0192,29.9,-0.114,24.9,0.0643
687068,,,,,,,,,,,,,,,,,,,,,
687700,,,,,,,,,,,,,,,,,,,,,
687777,,,,,,,,,,,,,,,,,,,,,
687793,,,,,,,,,,,,,,,,,,,,,
687823,,,,,,,,,,,,,,,,,,,,,
687920,,,,,,,,,,,,,,,,,,,,,
688269,,,,,,,,,,,,,,,,,,,,,
688277,,,,,,,,,,,,,,,,,,,,,
688315,,,,,,,,,,,,,,,,,,,,,
688404,,,,,,,,,,,,,,,,,,,,,
688463,,,,,,,,,,,,,,,,,,,,,
688498,,,,,,,,,,,,,,,,,,,,,
688552,,,,,,,,,,,,,,,,,,,,,
689991,17.9,17.9,0,17.9,0,17.9,0,17.9,0,17.9,0,,,,,,,17.9,0,17.9,0
690488,46.5,46.5,0,46.5,0,46.5,0,46.5,0,46.5,0,46.5,0,46.5,0,46.5,0,46.5,0,46.5,0
690495,46.5,46.5,0,46.5,0,46.5,0,46.5,0,46.5,0,46.5,0,46.5,0,46.5,0,46.5,0,46.5,0
690496,46.5,46.5,0,46.5,0,46.5,0,46.5,0,46.5,0,46.5,0,46.5,0,46.5,0,46.5,0,46.5,0
690497,48,48,0,48,0,48,0,48,0,48,0,48,0,48,0,48,0,48,0,,
690498,46.5,46.5,0,46.5,0,46.5,0,46.5,0,46.5,0,46.5,0,46.5,0,46.5,0,46.5,0,46.5,0
690504,25,25,0,25,0,25,0,25,0,25,0,25,0,25,0,25,0,25,0,25,0
690519,,,,,,,,,,,,,,,,,,,,,
690539,75.5,75.5,0,75.5,0,75.5,0,75.5,0,75.5,0,75.5,0,75.5,0,75.5,0,75.5,0,73.5,0.0272
690544,60.9,60.9,0,60.9,0,60.9,0,60.9,0,60.9,0,,,,,60.9,0,,,60.9,0
690559,96,96,0,96,0,96,0,96,0,96,0,96,0,96,0,96,0,96,0,,
690564,60.9,60.9,0,60.9,0,60.9,0,60.9,0,60.9,0,60.9,0,60.9,0,60.9,0,,,60.9,0
690584,75.5,75.5,0,75.5,0,75.5,0,75.5,0,75.5,0,75.5,0,75.5,0,75.5,0,,,57.4,0.315
690608,57.5,57.5,0,57.5,0,57.5,0,57.5,0,57.5,0,57.5,0,56.1,0.025,56.1,0.025,56.1,0.025,56.1,0.025
690846,,,,,,,,,,,,,,,,,,,,,
690956,105,105,0,105,0,105,0,105,0,105,0,105,0,105,0,105,0,105,0,105,0
691010,,,,,,,,,,,,,,,,,,,,,
691011,,,,,,,,,,,,,,,,,,,,,
691014,,,,,,,,,,,,,,,,,,,,,
691015,,,,,,,,,,,,,,,,,,,,,
691018,,,,,,,,,,,,,,,,,,,,,
691019,,,,,,,,,,,,,,,,,,,,,
691022,,,,,,,,,,,,,,,,,,,,,
691023,,,,,,,,,,,,,,,,,,,,,
691024,,,,,,,,,,,,,,,,,,,,,
691026,,,,,,,,,,,,,,,,,,,,,
691028,,,,,,,,,,,,,,,,,,,,,
691029,,,,,,,,,,,,,,,,,,,,,
691030,,,,,,,,,,,,,,,,,,,,,
691092,,,,,,,,,,,,,,,,,,,,,
691285,16.9,16.9,0,16.9,0,16.9,0,14.9,0.134,14.9,0.134,16.9,0,16.9,0,19.9,-0.151,19.9,-0.151,24.5,-0.31
691871,12.5,12.5,0,12.5,0,12.5,0,12.5,0,12.5,0,12.5,0,12.5,0,12.5,0,12.5,0,12.5,0
692125,31.5,31.5,0,31.5,0,31.5,0,31.5,0,31.5,0,35.3,-0.108,,,32,-0.0156,27,0.167,40.2,-0.216
692128,13.5,13.5,0,13.5,0,13.5,0,13.5,0,13.5,0,15,-0.1,,,13.4,0.00746,12,0.125,16,-0.156
692135,6.6,6.6,0,6.6,0,6.6,0,6.6,0,6.6,0,7.5,-0.12,,,6.6,0,6.8,-0.0294,8,-0.175
692138,13.5,13.5,0,13.5,0,13.5,0,13.5,0,13.5,0,15,-0.1,,,13.4,0.00746,12,0.125,,
692145,6.5,6.5,0,6.5,0,6.5,0,6.5,0,6.5,0,7,-0.0714,,,6.5,0,6.5,0,8,-0.188
692155,12.9,12.9,0,12.9,0,12.9,0,12.9,0,12.9,0,14,-0.0786,,,12.5,0.032,11.5,0.122,16,-0.194
692158,16,16,0,16,0,16,0,16,0,16,0,17.5,-0.0857,,,16,0,14,0.143,17,-0.0588
692165,19.3,19.3,0,19.3,0,19.3,0,19.3,0,19.3,0,21,-0.081,,,19,0.0158,16.5,0.17,23.2,-0.168
692222,32.1,32.1,0,32.1,0,32.1,0,32.1,0,32.1,0,35.9,-0.106,,,32,0.00313,28,0.146,40,-0.198
692323,21.4,21.4,0,21.4,0,21.4,0,21.4,0,21.4,0,24,-0.108,,,21,0.019,18.5,0.157,26.8,-0.201
693013,29,29,0,29,0,28.9,0.00346,28.9,0.00346,28.9,0.00346,29.5,-0.0169,23.9,0.213,33.5,-0.134,31.5,-0.0794,30.5,-0.0492
693043,118,118,0,118,0,,,118,0,118,0,118,0,118,0,118,0,118,0,118,0
693058,63.9,63.9,0,63.9,0,64.9,-0.0154,64.9,-0.0154,64.9,-0.0154,64.9,-0.0154,59.9,0.0668,78.9,-0.19,78.9,-0.19,75.9,-0.158
693083,335,335,0,335,0,,,335,0,335,0,335,0,335,0,335,0,335,0,320,0.0469
693150,30,30,0,30,0,30,0,30,0,30,0,,,30,0,30,0,30,0,30,0
693414,,,,,,,,,,,,,,,,,,,,,
693434,,,,,,,,,,,,,,,,,,,,,
693538,114,114,0,114,0,,,114,0,114,0,114,0,94.9,0.207,119,-0.0378,138,-0.167,138,-0.167
693632,,,,,,,,,,,,,,,,,,,,,
694342,,,,,,,,,,,,,,,,,,,,,
694868,13.5,13.5,0,13.5,0,13.5,0,13.5,0,13.5,0,11.5,0.174,,,10.5,0.286,13.5,0,15,-0.1
695330,,,,,,,,,,,,,,,,,,,,,
695343,,,,,,,,,,,,,,,,,,,,,
695345,,,,,,,,,,,,,,,,,,,,,
695350,,,,,,,,,,,,,,,,,,,,,
695358,,,,,,,,,,,,,,,,,,,,,
695360,,,,,,,,,,,,,,,,,,,,,
695404,,,,,,,,,,,,,,,,,,,,,
695439,,,,,,,,,,,,,,,,,,,,,
695442,,,,,,,,,,,,,,,,,,,,,
695448,,,,,,,,,,,,,,,,,,,,,
695466,,,,,,,,,,,,,,,,,,,,,
695468,,,,,,,,,,,,,,,,,,,,,
695471,,,,,,,,,,,,,,,,,,,,,
695472,,,,,,,,,,,,,,,,,,,,,
695484,,,,,,,,,,,,,,,,,,,,,
695487,,,,,,,,,,,,,,,,,,,,,
695493,,,,,,,,,,,,,,,,,,,,,
695498,,,,,,,,,,,,,,,,,,,,,
695499,,,,,,,,,,,,,,,,,,,,,
695500,,,,,,,,,,,,,,,,,,,,,
695503,,,,,,,,,,,,,,,,,,,,,
695505,,,,,,,,,,,,,,,,,,,,,
695507,,,,,,,,,,,,,,,,,,,,,
695522,,,,,,,,,,,,,,,,,,,,,
695574,3.9,3.9,0,3.9,0,3.9,0,3.9,0,3.9,0,3.9,0,3.9,0,4.8,-0.188,4.7,-0.17,4.7,-0.17
695589,3.9,3.9,0,3.9,0,3.9,0,3.9,0,3.9,0,3.9,0,3.9,0,4.8,-0.188,4.7,-0.17,4.7,-0.17
695594,30,30,0,30,0,30,0,30,0,30,0,30,0,30,0,43.5,-0.31,43.5,-0.31,43.5,-0.31
695603,1.3,1.3,0,1.3,0,1.3,0,1.3,0,1.3,0,1.3,0,1.3,0,1.5,-0.133,1.5,-0.133,1.5,-0.133
695618,1.3,1.3,0,1.3,0,1.3,0,1.3,0,1.3,0,,,1.3,0,1.5,-0.133,1.5,-0.133,1.5,-0.133
695638,1.3,1.3,0,1.3,0,1.3,0,1.3,0,1.3,0,1.3,0,1.3,0,1.5,-0.133,1.5,-0.133,1.5,-0.133
695643,1.3,1.3,0,1.3,0,1.3,0,1.3,0,1.3,0,1.3,0,1.3,0,1.5,-0.133,1.5,-0.133,1.5,-0.133
695658,1.3,1.3,0,1.3,0,1.3,0,1.3,0,1.3,0,1.3,0,1.3,0,1.5,-0.133,1.5,-0.133,1.5,-0.133
695661,,,,,,,,,,,,,,,,,,,,,
695663,,,,,,,,,,,,,,,,,,,,,
695677,69,69,0,69,0,69,0,69,0,69,0,69,0,69,0,59.4,0.162,54.9,0.257,50.4,0.369
695680,,,,,,,,,,,,,,,,,,,,,
695716,,,,,,,,,,,,,,,,,,,,,
695737,70,70,0,70,0,70,0,70,0,70,0,70,0,70,0,67.7,0.034,63.2,0.108,56.2,0.246
695738,70,70,0,70,0,70,0,70,0,70,0,70,0,70,0,67.7,0.034,63.2,0.108,56.2,0.246
695739,70,70,0,70,0,70,0,70,0,70,0,70,0,70,0,67.7,0.034,63.2,0.108,56.2,0.246
695740,,,,,,,,,,,,,,,,,,,,,
695741,,,,,,,,,,,,,,,,,,,,,
695743,,,,,,,,,,,,,,,,,,,,,
695754,70,70,0,70,0,70,0,70,0,70,0,70,0,70,0,67.7,0.034,63.2,0.108,,
695819,44.6,44.6,0,44.6,0,44.6,0,44.6,0,44.6,0,44.6,0,44.6,0,44.6,0,45.6,-0.0219,38,0.174
695822,,,,,,,,,,,,,,,,,,,,,
695823,178,178,0,178,0,178,0,178,0,178,0,178,0,178,0,178,0,178,0,178,0
695824,,,,,,,,,,,,,,,,,,,,,
695825,177,177,0,177,0,177,0,177,0,177,0,177,0,177,0,177,0,,,,
695828,,,,,,,,,,,,,,,,,,,,,
695829,,,,,,,,,,,,,,,,,,,,,
695830,,,,,,,,,,,,,,,,,,,,,
695831,,,,,,,,,,,,,,,,,,,,,
695832,,,,,,,,,,,,,,,,,,,,,
695833,,,,,,,,,,,,,,,,,,,,,
695834,,,,,,,,,,,,,,,,,,,,,
695835,,,,,,,,,,,,,,,,,,,,,
695837,,,,,,,,,,,,,,,,,,,,,
695840,,,,,,,,,,,,,,,,,,,,,
695856,19.5,19.5,0,19.5,0,19.5,0,19.5,0,19.5,0,19.5,0,19.5,0,21,-0.0714,21,-0.0714,21,-0.0714
695905,19.5,19.5,0,19.5,0,19.5,0,19.5,0,19.5,0,19.5,0,19.5,0,21,-0.0714,21,-0.0714,21,-0.0714
696001,,,,,,,,,,,,,,,,,,,,,
696004,,,,,,,,,,,,,,,,,,,,,
696015,,,,,,,,,,,,,,,,,,,,,
696078,,,,,,,,,,,,,,,,,,,,,
696321,,,,,,,,,,,,,,,,,,,,,
696323,,,,,,,,,,,,,,,,,,,,,
696537,30,30,0,30,0,,,30,0,30,0,30,0,30,0,30,0,26.5,0.132,26.5,0.132
696597,,,,,,,,,,,,,,,,,,,,,
696602,60.5,60.5,0,60.5,0,60.5,0,60.5,0,60.5,0,60.5,0,60.5,0,60.5,0,60.5,0,65.8,-0.0805
696626,,,,,,,,,,,,,,,,,,,,,
696646,60.5,60.5,0,60.5,0,60.5,0,60.5,0,60.5,0,60.5,0,60.5,0,60.5,0,60.5,0,65.8,-0.0805
696686,29.9,29.9,0,29.9,0,29.9,0,23.5,0.272,23.5,0.272,29.9,0,29.9,0,30,-0.00333,32.5,-0.08,41,-0.271
696691,29.9,29.9,0,29.9,0,29.9,0,29.9,0,29.9,0,29.9,0,29.9,0,30,-0.00333,32.5,-0.08,41,-0.271
696700,29.9,29.9,0,29.9,0,29.9,0,23.5,0.272,23.5,0.272,29.9,0,29.9,0,30,-0.00333,32.5,-0.08,41,-0.271
696715,29.9,29.9,0,29.9,0,29.9,0,23.5,0.272,23.5,0.272,29.9,0,29.9,0,30,-0.00333,32.5,-0.08,41,-0.271
696908,72,72,0,72,0,72,0,72,0,72,0,72,0,,,72,0,72,0,72,0
696913,72,72,0,72,0,72,0,72,0,72,0,72,0,,,,,72,0,72,0
696928,72,72,0,72,0,72,0,72,0,72,0,,,,,72,0,72,0,72,0
696933,72,72,0,72,0,72,0,72,0,72,0,,,,,,,72,0,72,0
696948,57,57,0,57,0,57,0,57,0,57,0,57,0,,,57,0,57,0,57,0
696953,57,57,0,57,0,57,0,57,0,57,0,57,0,,,57,0,57,0,57,0
696968,57,57,0,57,0,57,0,57,0,,,,,,,57,0,57,0,57,0
696973,59,59,0,59,0,59,0,59,0,59,0,59,0,,,59,0,59,0,59,0
696988,,,,,,,,,,,,,,,,,,,,,
697258,5.5,5.5,0,6.2,-0.113,6.2,-0.113,6.2,-0.113,6.2,-0.113,6.2,-0.113,4.9,0.122,7.5,-0.267,7.9,-0.304,7.9,-0.304
697327,8.5,8.5,0,8.5,0,8.5,0,8.5,0,8.5,0,8.5,0,8.5,0,10,-0.15,11,-0.227,12.5,-0.32
697456,26.9,26.9,0,26.9,0,26.9,0,22,0.223,22,0.223,26.9,0,26.9,0,26.9,0,26.9,0,26.9,0
697783,91.5,91.5,0,91.5,0,,,91.5,0,91.5,0,,,84.9,0.0777,91.5,0,82,0.116,82,0.116
697798,58.9,58.9,0,58.9,0,,,58.9,0,58.9,0,58.9,0,,,58.9,0,50.5,0.166,50.5,0.166
697807,47,47,0,47,0,,,47,0,47,0,47,0,47,0,47,0,38,0.237,38,0.237
697812,38,38,0,38,0,,,38,0,38,0,38,0,38,0,38,0,36.5,0.0411,36.5,0.0411
697852,,,,,,,,,,,,,,,,,,,,,
697981,,,,,,,,,,,,,,,,,,,,,
698085,,,,,,,,,,,,,,,,,,,,,
698350,19.9,19.9,0,19.9,0,19.9,0,19.9,0,19.9,0,,,,,,,,,,
698351,19.9,19.9,0,19.9,0,19.9,0,19.9,0,19.9,0,,,,,,,,,,
698352,19.9,19.9,0,19.9,0,19.9,0,19.9,0,19.9,0,,,,,,,,,,
699185,46.5,46.5,0,46.5,0,46.5,0,46.5,0,46.5,0,46.5,0,46.5,0,46.5,0,43.5,0.069,43.5,0.069
699269,6.5,6.5,0,6.5,0,6.5,0,6.5,0,6.5,0,6.5,0,6.5,0,6.5,0,6.5,0,6.5,0
699274,3.5,3.5,0,3.5,0,3.5,0,3.5,0,3.5,0,3.5,0,3.5,0,3.5,0,3.5,0,3.5,0
699294,58,58,0,55.5,0.045,55.5,0.045,55.5,0.045,53,0.0943,54.5,0.0642,54.5,0.0642,59.5,-0.0252,59.5,-0.0252,59.5,-0.0252
699303,,,,,,,,,,,,,,,,,,,,,
699318,,,,,,,,,,,,,,,,,,,,,
699338,,,,,,,,,,,,,,,,,,,,,
699501,299,299,0,299,0,,,299,0,299,0,299,0,299,0,299,0,300,-0.003,364,-0.179
699521,99,99,0,99,0,,,81.9,0.209,81.9,0.209,102,-0.0341,,,133,-0.256,133,-0.256,133,-0.256
699536,102,102,0,102,0,,,102,0,102,0,102,0,102,0,133,-0.233,133,-0.233,133,-0.233
700334,,,,,,,,,,,,,,,,,,,,,
700463,33.9,33.9,0,33.9,0,33.9,0,,,30.9,0.0971,30.9,0.0971,29.9,0.134,32.9,0.0304,32.9,0.0304,41.5,-0.183
700478,33.9,33.9,0,33.9,0,33.9,0,,,30.9,0.0971,30.9,0.0971,29.9,0.134,32.9,0.0304,32.9,0.0304,41.5,-0.183
701139,,,,,,,,,,,,,,,,,,,,,
701317,,,,,,,,,,,,,,,,,,,,,
701491,51,51,0,51,0,51,0,51,0,51,0,46.2,0.104,46.2,0.104,46.2,0.104,57.7,-0.116,57.8,-0.118
713614,,,,,,,,,,,,,,,,,,,,,
713697,,,,,,,,,,,,,,,,,,,,,
714232,,,,,,,,,,,,,,,,,,,,,
714257,,,,,,,,,,,,,,,,,,,,,
714715,,,,,,,,,,,,,,,,,,,,,
714732,,,,,,,,,,,,,,,,,,,,,
714789,,,,,,,,,,,,,,,,,,,,,
718718,36.5,36.5,0,36.5,0,36.5,0,36.5,0,36.5,0,36.5,0,36.5,0,36.5,0,36.5,0,36.5,0
721501,,,,,,,,,,,,,,,,,,,,,
724063,,,,,,,,,,,,,,,,,,,,,
724078,,,,,,,,,,,,,,,,,,,,,
724083,,,,,,,,,,,,,,,,,,,,,
724098,,,,,,,,,,,,,,,,,,,,,
724107,,,,,,,,,,,,,,,,,,,,,
724112,,,,,,,,,,,,,,,,,,,,,
724221,184,184,0,184,0,184,0,184,0,184,0,184,0,184,0,184,0,184,0,184,0
724325,109,109,0,109,0,109,0,109,0,109,0,119,-0.084,,,135,-0.191,135,-0.191,135,-0.191
724350,46,46,0,46,0,46,0,46,0,46,0,46,0,46,0,46,0,52.5,-0.124,52.5,-0.124
724494,,,,,,,,,,,,,,,,,,,,,
724583,82,82,0,82,0,,,82,0,82,0,82,0,97,-0.155,97,-0.155,115,-0.287,115,-0.287
724969,7.8,7.8,0,7.8,0,7.8,0,7.8,0,7.8,0,7.8,0,7.8,0,7.8,0,7.8,0,7.8,0
724989,,,,,,,,,,,,,,,,,,,,,
725011,,,,,,,,,,,,,,,,,,,,,
725615,20,20,0,20,0,20,0,20,0,20,0,20,0,20,0,20,0,20,0,20,0
725680,,,,,,,,,,,,,,,,,,,,,
725759,132,132,0,132,0,,,132,0,132,0,132,0,132,0,184,-0.283,179,-0.263,224,-0.411
725833,13.5,13.5,0,13.5,0,,,13.5,0,13.5,0,13.5,0,13.5,0,13.5,0,13.5,0,13.5,0
725893,,,,,,,,,,,,,,,,,,,,,
726069,63.5,63.5,0,63.5,0,,,60,0.0583,60,0.0583,60,0.0583,60,0.0583,60,0.0583,64.9,-0.0216,73.5,-0.136
726232,18,18,0,18,0,18,0,18,0,18,0,18,0,18,0,,,18,0,18,0
726247,,,,,,,,,,,,,,,,,,,,,
726410,2.2,2.2,0,2.2,0,2.2,0,2.2,0,2.2,0,2.2,0,2.2,0,2.3,-0.0435,1.7,0.294,1.7,0.294
726594,4.5,4.5,0,5,-0.1,5,-0.1,5,-0.1,5,-0.1,5,-0.1,5,-0.1,5,-0.1,4.8,-0.0625,4.8,-0.0625
726603,5,5,0,5,0,5,0,5,0,5,0,5,0,5,0,5,0,4.8,0.0417,4.8,0.0417
726604,4.5,4.5,0,5,-0.1,5,-0.1,5,-0.1,5,-0.1,5,-0.1,5,-0.1,5,-0.1,4.8,-0.0625,4.8,-0.0625
726605,5,5,0,5,0,5,0,5,0,,,,,,,,,,,,
726618,,,,,,,,,,,,,,,,,,,,,
726623,20.4,20.4,0,20.4,0,20.4,0,20.4,0,20.4,0,20.4,0,20.4,0,20.4,0,20.4,0,20.4,0
726638,20.4,20.4,0,20.4,0,20.4,0,20.4,0,20.4,0,20.4,0,20.4,0,20.4,0,20.4,0,20.4,0
726643,,,,,,,,,,,,,,,,,,,,,
726752,20.5,20.5,0,,,,,20.5,0,20.5,0,24,-0.146,24,-0.146,24,-0.146,24,-0.146,24.5,-0.163
726856,29,29,0,29,0,29,0,29,0,29,0,29,0,24.5,0.184,29,0,24.5,0.184,,
726881,20,20,0,20,0,20,0,20,0,20,0,20,0,,,20,0,20,0,20,0
727131,18,18,0,18,0,18,0,18,0,18,0,18,0,18,0,18.7,-0.0374,18.7,-0.0374,18.7,-0.0374
727146,15.5,15.5,0,15.5,0,15.5,0,15.5,0,15.5,0,15.5,0,15.5,0,15.5,0,15.5,0,15.5,0
727151,14.9,14.9,0,14.9,0,14.9,0,14.9,0,14.9,0,14.9,0,14.9,0,16,-0.0687,16,-0.0687,16,-0.0687
727686,61.3,61.3,0,61.3,0,61.3,0,61.3,0,61.3,0,83,-0.261,83,-0.261,83,-0.261,83,-0.261,83,-0.261
727691,61.3,61.3,0,61.3,0,61.3,0,,,,,83,-0.261,83,-0.261,83,-0.261,83,-0.261,83,-0.261
727700,61.3,61.3,0,61.3,0,61.3,0,61.3,0,61.3,0,83,-0.261,83,-0.261,83,-0.261,83,-0.261,83,-0.261
727740,,,,,,,,,,,,,,,,,,,,,
728654,,,,,,,,,,,,,,,,,,,,,
728996,,,,,,,,,,,,,,,,,,,,,
729033,40.6,40.6,0,40.6,0,40.6,0,40.6,0,40.6,0,40.6,0,40.6,0,47.1,-0.138,47.1,-0.138,47.1,-0.138
729053,40.6,40.6,0,40.6,0,40.6,0,40.6,0,40.6,0,40.6,0,40.6,0,,,,,,
729355,,,,,,,,,,,,,,,,,,,,,
729404,,,,,,,,,,,,,,,,,,,,,
729419,50,50,0,50,0,50,0,50,0,50,0,50,0,50,0,50,0,68,-0.265,68,-0.265
729424,36.3,36.3,0,36.3,0,36.3,0,36.3,0,36.3,0,49,-0.259,49,-0.259,49,-0.259,49,-0.259,49,-0.259
729439,61.3,61.3,0,61.3,0,61.3,0,61.3,0,61.3,0,83,-0.261,83,-0.261,83,-0.261,83,-0.261,83,-0.261
729677,,,,,,,,,,,,,,,,,,,,,
729682,,,,,,,,,,,,,,,,,,,,,
729766,,,,,,,,,,,,,,,,,,,,,
729791,14.5,14.5,0,14.5,0,14.5,0,14.5,0,14.5,0,14.5,0,14.5,0,14.5,0,14.5,0,,
729800,14.5,14.5,0,14.5,0,14.5,0,14.5,0,14.5,0,14.5,0,14.5,0,14.5,0,14.5,0,14.5,0
729835,18,18,0,18,0,18,0,18,0,18,0,18,0,18,0,18,0,20,-0.1,20,-0.1
729840,16,16,0,16,0,16,0,16,0,16,0,13.5,0.185,13.5,0.185,13.5,0.185,19,-0.158,19,-0.158
729880,30.9,30.9,0,30.9,0,30.9,0,30.9,0,30.9,0,25.7,0.202,25.7,0.202,28,0.104,32.5,-0.0492,32.5,-0.0492
729895,30.9,30.9,0,30.9,0,30.9,0,30.9,0,30.9,0,26.8,0.153,26.8,0.153,28.2,0.0957,32.5,-0.0492,32.5,-0.0492
729964,,,,,,,,,,,,,,,,,,,,,
730003,15.5,15.5,0,15.5,0,15.5,0,14,0.107,14,0.107,14,0.107,14,0.107,14,0.107,14,0.107,14,0.107
732347,16,16,0,16,0,16.5,-0.0303,16.5,-0.0303,16.5,-0.0303,13,0.231,13,0.231,16.6,-0.0361,16.6,-0.0361,18.8,-0.149
732358,,,,,,,,,,,,,,,,,,,,,
732375,,,,,,,,,,,,,,,,,,,,,
734893,,,,,,,,,,,,,,,,,,,,,
740123,,,,,,,,,,,,,,,,,,,,,
741001,,,,,,,,,,,,,,,,,,,,,
741231,,,,,,,,,,,,,,,,,,,,,
741234,,,,,,,,,,,,,,,,,,,,,
742345,,,,,,,,,,,,,,,,,,,,,
743523,50,50,0,50,0,50,0,50,0,50,0,48.4,0.0331,48.4,0.0331,48.4,0.0331,44,0.136,44,0.136
743534,50,50,0,50,0,50,0,50,0,50,0,48.4,0.0331,48.4,0.0331,48.4,0.0331,44,0.136,44,0.136
743546,50,50,0,50,0,50,0,50,0,50,0,48.4,0.0331,48.4,0.0331,48.4,0.0331,44,0.136,44,0.136
743558,50,50,0,50,0,50,0,50,0,50,0,48.4,0.0331,48.4,0.0331,48.4,0.0331,44,0.136,44,0.136
743652,,,,,,,,,,,,,,,,,,,,,
744567,37.5,37.5,0,37.5,0,37.5,0,37.5,0,37.5,0,37.5,0,37.5,0,,,37.5,0,,
745783,,,,,,,,,,,,,,,,,,,,,
745790,,,,,,,,,,,,,,,,,,,,,
746870,,,,,,,,,,,,,,,,,,,,,
746982,,,,,,,,,,,,,,,,,,,,,
747447,1.4,1.4,0,1.4,0,1.4,0,1.4,0,,,,,,,1.1,0.273,1.2,0.167,1.3,0.0769
747822,,,,,,,,,,,,,,,,,,,,,
747827,,,,,,,,,,,,,,,,,,,,,
747830,,,,,,,,,,,,,,,,,,,,,
747891,,,,,,,,,,,,,,,,,,,,,
748725,,,,,,,,,,,,,,,,,,,,,
760569,26.9,26.9,0,26.9,0,26.9,0,26.9,0,26.9,0,23.9,0.126,23.9,0.126,24,0.121,,,,
761062,71,71,0,71,0,,,71,0,71,0,71,0,71,0,71,0,71,0,71,0
761203,,,,,,,,,,,,,,,,,,,,,
761214,,,,,,,,,,,,,,,,,,,,,
761328,,,,,,,,,,,,,,,,,,,,,
761350,234,234,0,234,0,234,0,,,,,,,,,,,,,,
761358,,,,,,,,,,,,,,,,,,,,,
761412,,,,,,,,,,,,,,,,,,,,,
761420,16.5,16.5,0,16.5,0,16.5,0,16.5,0,16.5,0,,,,,16.8,-0.0179,16.8,-0.0179,,
761430,,,,,,,,,,,,,,,,,,,,,
761437,,,,,,,,,,,,,,,,,,,,,
761469,,,,,,,,,,,,,,,,,,,,,
761475,,,,,,,,,,,,,,,,,,,,,
761528,20.5,20.5,0,20.5,0,20.5,0,20.5,0,,,,,,,,,,,,
761536,21.9,21.9,0,21.9,0,21.9,0,21.9,0,,,21.9,0,,,,,,,,
761548,43.7,43.7,0,43.7,0,,,43.7,0,43.7,0,43.7,0,,,43.7,0,43.7,0,35.5,0.231
761587,17.8,17.8,0,17.8,0,17.8,0,17.8,0,17.8,0,17.8,0,17.8,0,14.5,0.228,18,-0.0111,18.3,-0.0273
761634,79,79,0,79,0,79,0,79,0,79,0,79,0,,,,,79,0,61.5,0.285
761872,,,,,,,,,,,,,,,,,,,,,
761873,,,,,,,,,,,,,,,,,,,,,
761892,137,137,0,137,0,137,0,137,0,137,0,137,0,,,,,,,,
761924,129,129,0,129,0,129,0,129,0,129,0,129,0,,,,,,,,
761937,129,129,0,129,0,129,0,129,0,,,129,0,,,,,,,,
761946,,,,,,,,,,,,,,,,,,,,,
761954,20.5,20.5,0,20.5,0,20.5,0,20.5,0,20.5,0,20.5,0,,,,,,,,
762135,21.3,21.3,0,21.3,0,21.3,0,21.3,0,,,21.3,0,,,21.3,0,21.3,0,21.3,0
762236,,,,,,,,,,,,,,,,,,,,,
762314,,,,,,,,,,,,,,,,,,,,,
762415,,,,,,,,,,,,,,,,,,,,,
762457,,,,,,,,,,,,,,,,,,,,,
762483,,,,,,,,,,,,,,,,,,,,,
762516,,,,,,,,,,,,,,,,,,,,,
762534,38.7,38.7,0,38.7,0,38.7,0,38.7,0,,,,,,,38.7,0,38.7,0,36.9,0.0488
762541,,,,,,,,,,,,,,,,,,,,,
762542,24.7,24.7,0,24.7,0,24.7,0,24.7,0,24.7,0,24.7,0,,,,,,,,
762552,,,,,,,,,,,,,,,,,,,,,
762563,,,,,,,,,,,,,,,,,,,,,
762573,23.7,23.7,0,23.7,0,23.7,0,23.7,0,23.7,0,23.7,0,,,,,,,,
762581,33,33,0,33,0,33,0,33,0,33,0,33,0,,,27,0.222,22,0.5,,
762583,63.4,63.4,0,63.4,0,63.4,0,63.4,0,63.4,0,63.4,0,,,63.4,0,63.4,0,60.3,0.0514
762584,,,,,,,,,,,,,,,,,,,,,
762596,28.3,28.3,0,28.3,0,28.3,0,28.3,0,28.3,0,,,,,,,,,,
762601,,,,,,,,,,,,,,,,,,,,,
762613,,,,,,,,,,,,,,,,,,,,,
762635,,,,,,,,,,,,,,,,,,,,,
762636,,,,,,,,,,,,,,,,,,,,,
762746,,,,,,,,,,,,,,,,,,,,,
762972,234,234,0,234,0,234,0,,,,,,,,,,,,,,
763219,95,95,0,95,0,95,0,95,0,,,,,,,,,,,,
763543,41,41,0,41,0,41,0,41,0,41,0,41,0,41,0,41,0,41,0,41,0
763648,21,21,0,21,0,21,0,21,0,21,0,21,0,21,0,21,0,21,0,21,0
763752,28.8,28.8,0,28.8,0,28.8,0,28.8,0,,,28.2,0.0213,,,,,,,,
763855,,,,,,,,,,,,,,,,,,,,,
763981,,,,,,,,,,,,,,,,,,,,,
764101,,,,,,,,,,,,,,,,,,,,,
764112,,,,,,,,,,,,,,,,,,,,,
764134,,,,,,,,,,,,,,,,,,,,,
764157,,,,,,,,,,,,,,,,,,,,,
764219,21.5,21.5,0,21.5,0,21.5,0,21.5,0,21.5,0,,,,,,,,,,
764527,30,30,0,30,0,30,0,30,0,30,0,,,30,0,,,,,,
764528,,,,,,,,,,,,,,,,,,,,,
764714,,,,,,,,,,,,,,,,,,,,,
764729,29.8,29.8,0,29.8,0,29.8,0,29.8,0,29.8,0,,,,,,,,,,
764783,23.9,23.9,0,22.8,0.0482,22.8,0.0482,22.8,0.0482,22.8,0.0482,22.8,0.0482,,,20.6,0.16,20.6,0.16,20.6,0.16
764830,44,44,0,44,0,44,0,,,,,,,,,,,,,,
764833,29.8,29.8,0,29.8,0,29.8,0,29.8,0,29.8,0,29.8,0,,,,,,,,
764954,,,,,,,,,,,,,,,,,,,,,
765559,,,,,,,,,,,,,,,,,,,,,
765613,8,8,0,8,0,8,0,8,0,8,0,8,0,8,0,8,0,8,0,8,0
765628,36,36,0,36,0,36,0,36,0,36,0,36,0,36,0,36,0,36,0,36,0
765876,,,,,,,,,,,,,,,,,,,,,
765883,,,,,,,,,,,,,,,,,,,,,
765885,,,,,,,,,,,,,,,,,,,,,
765893,,,,,,,,,,,,,,,,,,,,,
765896,,,,,,,,,,,,,,,,,,,,,
765983,,,,,,,,,,,,,,,,,,,,,
766141,,,,,,,,,,,,,,,,,,,,,
766210,7,7,0,7,0,7,0,7,0,7,0,7,0,7,0,7.1,-0.0141,7.1,-0.0141,8,-0.125
766225,38.3,38.3,0,38.3,0,38.3,0,38.3,0,38.3,0,38.3,0,38.3,0,38.3,0,,,,
766438,16,16,0,16,0,15,0.0667,15,0.0667,15,0.0667,15,0.0667,15,0.0667,15,0.0667,15,0.0667,14.5,0.103
766601,,,,,,,,,,,,,,,,,,,,,
766616,25,25,0,25,0,25,0,25,0,84.9,-0.706,49,-0.49,49,-0.49,72.9,-0.657,72.9,-0.657,72.9,-0.657
766809,19.9,19.9,0,19.9,0,19.5,0.0205,19.5,0.0205,19.5,0.0205,19.5,0.0205,19.5,0.0205,19.5,0.0205,19.5,0.0205,19.5,0.0205
766998,12.9,12.9,0,15.5,-0.168,15.5,-0.168,15.5,-0.168,15.5,-0.168,15.5,-0.168,,,,,,,,
767205,18,18,0,18,0,18,0,,,18,0,18,0,18,0,27.5,-0.345,27.5,-0.345,27.5,-0.345
768330,74,74,0,74,0,74,0,74,0,74,0,74,0,74,0,77,-0.039,,,77,-0.039
768427,68,68,0,68,0,68,0,68,0,68,0,,,,,,,,,,
768517,18,18,0,18,0,18,0,18,0,18,0,18,0,,,18,0,18,0,18.5,-0.027
768724,57.5,57.5,0,57.5,0,,,57.5,0,57.5,0,81,-0.29,81,-0.29,81,-0.29,75,-0.233,81.3,-0.293
768902,,,,,,,,,,,,,,,,,,,,,
768957,88.5,88.5,0,88.5,0,88.5,0,,,82.7,0.0701,,,,,103,-0.144,103,-0.144,130,-0.317
768969,299,299,0,299,0,299,0,299,0,,,,,,,,,,,,
769195,,,,,,,,,,,,,,,,,,,,,
769543,,,,,,,,,,,,,,,,,,,,,
769584,,,,,,,,,,,,,,,,,,,,,
769787,,,,,,,,,,,,,,,,,,,,,
769817,,,,,,,,,,,,,,,,,,,,,
769888,,,,,,,,,,,,,,,,,,,,,
770001,,,,,,,,,,,,,,,,,,,,,
770110,6.3,6.3,0,6.3,0,6.3,0,6.3,0,6.3,0,6.3,0,6.3,0,6.3,0,6.3,0,,
770125,6.3,6.3,0,6.3,0,6.3,0,6.3,0,6.3,0,6.3,0,6.3,0,6.3,0,4.9,0.286,6.3,0
770567,18.5,18.5,0,18.5,0,18.5,0,18.5,0,18.5,0,18.5,0,15.9,0.164,18.5,0,16.5,0.121,18.5,0
770576,8,8,0,8,0,8,0,8,0,8,0,8,0,8,0,8,0,8,0,8,0
770581,,,,,,,,,,,,,,,,,,,,,
770794,15.9,15.9,0,15.9,0,15.9,0,15.9,0,,,,,12.9,0.233,13.9,0.144,13.9,0.144,16.9,-0.0592
770838,,,,,,,,,,,,,,,,,,,,,
770898,27,27,0,27,0,27,0,,,27,0,,,,,27,0,27,0,27,0
770907,,,,,,,,,,,,,,,,,,,,,
770912,34,34,0,34,0,34,0,,,93,-0.634,93,-0.634,93,-0.634,93,-0.634,93,-0.634,93,-0.634
770932,,,,,,,,,,,,,,,,,,,,,
770947,19.9,19.9,0,19.9,0,19.9,0,19.9,0,19,0.0474,19,0.0474,19,0.0474,28.5,-0.302,28.5,-0.302,28.5,-0.302
770952,72,72,0,72,0,72,0,72,0,72,0,72,0,72,0,72,0,,,,
770967,72,72,0,72,0,72,0,72,0,72,0,72,0,72,0,,,,,72,0
770972,,,,,,,,,,,,,,,,,,,,,
770987,,,,,,,,,,,,,,,,,,,,,
771019,,,,,,,,,,,,,,,,,,,,,
771044,99,99,0,99,0,99,0,99,0,99,0,,,,,,,,,90,0.1
771059,70,70,0,70,0,70,0,70,0,70,0,70,0,70,0,70,0,70,0,70,0
771064,,,,,,,,,,,,,,,,,,,,,
771099,35,35,0,35,0,35,0,35,0,35,0,35,0,35,0,35,0,35,0,35,0
771688,84.9,84.9,0,84.9,0,84.9,0,84.9,0,84.9,0,84.9,0,84.9,0,106,-0.201,106,-0.201,106,-0.201
772809,69,69,0,69,0,69,0,69,0,61.5,0.122,,,61.5,0.122,61.5,0.122,61.5,0.122,61.5,0.122
772814,69,69,0,69,0,69,0,69,0,50,0.38,,,,,49.9,0.383,49.9,0.383,49.9,0.383
772829,69,69,0,69,0,69,0,69,0,49.9,0.383,,,49.9,0.383,49.9,0.383,49.9,0.383,49.9,0.383
772983,71.9,71.9,0,71.9,0,71.9,0,71.9,0,54.9,0.31,,,,,54.9,0.31,54.9,0.31,54.9,0.31
773000,71.9,71.9,0,71.9,0,71.9,0,71.9,0,54.9,0.31,,,,,55,0.307,55,0.307,54.9,0.31
773075,58,58,0,58,0,58,0,58,0,59.5,-0.0252,59.5,-0.0252,59.5,-0.0252,61.9,-0.063,61.9,-0.063,61.9,-0.063
773116,,,,,,,,,,,,,,,,,,,,,
774038,,,,,,,,,,,,,,,,,,,,,
774647,21.5,21.5,0,21.5,0,21.5,0,21.5,0,21.5,0,21.5,0,21.5,0,18,0.194,18,0.194,18,0.194
774672,21.5,21.5,0,21.5,0,21.5,0,21.5,0,21.5,0,21.5,0,21.5,0,,,18,0.194,18,0.194
774761,39,39,0,39,0,39,0,39,0,39,0,39,0,39,0,39,0,39,0,34,0.147
774776,36.5,36.5,0,36.5,0,36.5,0,36.5,0,36.5,0,36.5,0,36.5,0,36.5,0,36.5,0,31.5,0.159
774796,36.5,36.5,0,36.5,0,36.5,0,36.5,0,36.5,0,36.5,0,36.5,0,36.5,0,36.5,0,31.5,0.159
774810,10.9,10.9,0,10.9,0,10.9,0,10.9,0,10.9,0,10,0.09,10,0.09,10,0.09,10,0.09,10,0.09
774845,9.5,9.5,0,9.5,0,9.5,0,9.5,0,9.5,0,8.5,0.118,8.5,0.118,8.5,0.118,8.5,0.118,8.5,0.118
774949,19.5,19.5,0,19.5,0,19.5,0,19.5,0,19.5,0,19.5,0,19.5,0,19.5,0,19.5,0,16.8,0.161
775180,28.5,28.5,0,28.5,0,28.5,0,28.5,0,22,0.295,22,0.295,22,0.295,27,0.0556,27,0.0556,27,0.0556
775261,,,,,,,,,,,,,,,,,,,,,
775962,,,,,,,,,,,,,,,,,,,,,
775977,,,,,,,,,,,,,,,,,,,,,
775980,23.5,23.5,0,23.5,0,23.5,0,23.5,0,23.5,0,20,0.175,20,0.175,18.5,0.27,,,26,-0.0962
775982,,,,,,,,,,,,,,,,,,,,,
776321,,,,,,,,,,,,,,,,,,,,,
776983,,,,,,,,,,,,,,,,,,,,,
777022,,,,,,,,,,,,,,,,,,,,,
777359,,,,,,,,,,,,,,,,,,,,,
777711,,,,,,,,,,,,,,,,,,,,,
778154,48.9,48.9,0,48.9,0,48.9,0,48.9,0,48.9,0,48.9,0,48.9,0,48.9,0,48.9,0,48.9,0
778312,,,,,,,,,,,,,,,,,,,,,
778467,,,,,,,,,,,,,,,,,,,,,
779033,,,,,,,,,,,,,,,,,,,,,
779093,,,,,,,,,,,,,,,,,,,,,
779102,,,,,,,,,,,,,,,,,,,,,
779117,,,,,,,,,,,,,,,,,,,,,
779122,,,,,,,,,,,,,,,,,,,,,
779182,,,,,,,,,,,,,,,,,,,,,
779340,,,,,,,,,,,,,,,,,,,,,
779427,,,,,,,,,,,,,,,,,,,,,
780132,172,172,0,172,0,172,0,172,0,172,0,172,0,,,172,0,172,0,168,0.0232
780296,,,,,,,,,,,,,,,,,,,,,
780390,10.5,10.5,0,10.5,0,10.5,0,10.5,0,10.5,0,10.5,0,10.5,0,10.5,0,9,0.167,9,0.167
780893,,,,,,,,,,,,,,,,,,,,,
780897,,,,,,,,,,,,,,,,,,,,,
780989,26.4,26.4,0,26.4,0,26.4,0,26.4,0,,,26.4,0,26.4,0,26.4,0,26.4,0,26.4,0
781066,27.4,27.4,0,27.4,0,27.4,0,27.4,0,27.4,0,27.4,0,27.4,0,27.4,0,29.5,-0.0712,24.4,0.123
781236,,,,,,,,,,,,,,,,,,,,,
781324,,,,,,,,,,,,,,,,,,,,,
781345,,,,,,,,,,,,,,,,,,,,,
781362,,,,,,,,,,,,,,,,,,,,,
781412,,,,,,,,,,,,,,,,,,,,,
781427,,,,,,,,,,,,,,,,,,,,,
781496,132,132,0,132,0,132,0,105,0.257,105,0.257,,,,,132,0,112,0.182,107,0.234
781560,,,,,,,,,,,,,,,,,,,,,
781601,11,11,0,11,0,11,0,11,0,11,0,,,,,11,0,11,0,11,0
781611,,,,,,,,,,,,,,,,,,,,,
781622,,,,,,,,,,,,,,,,,,,,,
781623,,,,,,,,,,,,,,,,,,,,,
781624,11,11,0,11,0,11,0,11,0,11,0,,,,,11,0,11,0,11,0
781631,27.5,27.5,0,27.5,0,27.5,0,,,,,,,,,26.3,0.0456,26.3,0.0456,26.3,0.0456
781657,,,,,,,,,,,,,,,,,,,,,
781678,40,40,0,40,0,40,0,40,0,,,,,,,,,40,0,40,0
781730,,,,,,,,,,,,,,,,,,,,,
781743,,,,,,,,,,,,,,,,,,,,,
781749,,,,,,,,,,,,,,,,,,,,,
781789,,,,,,,,,,,,,,,,,,,,,
782001,85,85,0,85,0,85,0,85,0,,,,,85,0,85,0,,,,
782013,99,99,0,99,0,99,0,99,0,,,,,99,0,85,0.165,,,,
782019,,,,,,,,,,,,,,,,,,,,,
782024,87.5,87.5,0,87.5,0,87.5,0,87.5,0,,,,,,,,,,,,
782035,68.8,68.8,0,68.8,0,68.8,0,68.8,0,,,,,,,,,,,,
782046,75,75,0,75,0,75,0,75,0,,,,,,,67.9,0.105,,,,
782057,66,66,0,66,0,66,0,66,0,,,,,66,0,60,0.1,,,,
782068,68.8,68.8,0,68.8,0,68.8,0,68.8,0,,,,,,,62.5,0.101,,,,
782079,68.8,68.8,0,68.8,0,68.8,0,68.8,0,,,,,68.8,0,65,0.0585,,,,
782080,99,99,0,99,0,99,0,99,0,,,,,,,90,0.1,,,,
782142,,,,,,,,,,,,,,,,,,,,,
782153,,,,,,,,,,,,,,,,,,,,,
782171,,,,,,,,,,,,,,,,,,,,,
782175,,,,,,,,,,,,,,,,,,,,,
782186,13.5,13.5,0,13.5,0,13.5,0,13.5,0,13.5,0,13.5,0,13.5,0,13.5,0,13.5,0,13.5,0
782338,24.8,24.8,0,24.8,0,24.8,0,24.8,0,24.8,0,24.8,0,,,34.2,-0.275,34.2,-0.275,32.3,-0.232
782347,13.8,13.8,0,13.8,0,13.8,0,13.8,0,13.8,0,13.8,0,,,12,0.15,,,12,0.15
782349,6.2,6.2,0,6.2,0,6.2,0,6.2,0,6.2,0,6.2,0,6.2,0,6.2,0,6.2,0,6.2,0
782416,36,36,0,36,0,36,0,36,0,36,0,,,,,31.3,0.15,31.3,0.15,31.3,0.15
782431,74.8,74.8,0,74.8,0,74.8,0,74.8,0,74.8,0,74.8,0,74.8,0,74.8,0,74.8,0,69.2,0.0809
782432,,,,,,,,,,,,,,,,,,,,,
782433,21.8,21.8,0,21.8,0,21.8,0,21.8,0,21.8,0,21.8,0,,,23.7,-0.0802,23.7,-0.0802,22.6,-0.0354
782532,,,,,,,,,,,,,,,,,,,,,
782573,,,,,,,,,,,,,,,,,,,,,
782630,30.5,30.5,0,30.5,0,30.5,0,32,-0.0469,32,-0.0469,32,-0.0469,49.5,-0.384,25.5,0.196,25.5,0.196,35.5,-0.141
782655,,,,,,,,,,,,,,,,,,,,,
782677,16,16,0,16,0,16,0,12.5,0.28,12.5,0.28,15,0.0667,,,15.5,0.0323,17.5,-0.0857,17.5,-0.0857
782697,18.8,18.8,0,18.8,0,18.8,0,,,18.8,0,18.8,0,17.5,0.0743,17.5,0.0743,,,,
782726,3.2,3.2,0,3.2,0,3.2,0,3.2,0,3.2,0,3.2,0,3.2,0,3.2,0,3.2,0,,
782769,3.2,3.2,0,3.2,0,3.2,0,3.2,0,3.2,0,3.2,0,3.2,0,3.2,0,3.2,0,3.2,0
782785,,,,,,,,,,,,,,,,,,,,,
782788,,,,,,,,,,,,,,,,,,,,,
782796,,,,,,,,,,,,,,,,,,,,,
782799,17.5,17.5,0,17.5,0,17.5,0,17.5,0,17.5,0,17.5,0,17.5,0,,,17.5,0,17.5,0
782838,,,,,,,,,,,,,,,,,,,,,
782896,61.9,61.9,0,61.9,0,61.9,0,52.9,0.17,52.9,0.17,61.9,0,61.9,0,59.9,0.0334,58.9,0.0509,65.9,-0.0607
782976,,,,,,,,,,,,,,,,,,,,,
783011,99,99,0,99,0,99,0,99,0,,,,,,,,,,,,
783024,,,,,,,,,,,,,,,,,,,,,
783025,,,,,,,,,,,,,,,,,,,,,
783067,68.8,68.8,0,68.8,0,68.8,0,68.8,0,,,,,68.8,0,62.5,0.101,,,,
783108,21.9,21.9,0,21.9,0,21.9,0,,,,,,,,,21.9,0,20,0.095,22.9,-0.0437
783196,23.8,23.8,0,23.8,0,23.8,0,23.8,0,23.8,0,23.8,0,,,23.8,0,23.8,0,22,0.0818
783302,24,24,0,24,0,24,0,24,0,24,0,24,0,,,24,0,24,0,24,0
783323,,,,,,,,,,,,,,,,,,,,,
783346,35,35,0,35,0,35,0,35,0,35,0,,,,,35,0,,,,
783355,32,32,0,32,0,32,0,32,0,,,,,,,32,0,,,,
783359,34,34,0,34,0,34,0,34,0,34,0,34,0,,,32,0.0625,32,0.0625,32,0.0625
783374,,,,,,,,,,,,,,,,,,,,,
783426,,,,,,,,,,,,,,,,,,,,,
783457,9.9,9.9,0,,,9.9,0,9.9,0,,,,,,,7,0.414,9,0.1,9,0.1
783463,,,,,,,,,,,,,,,,,,,,,
783478,,,,,,,,,,,,,,,,,,,,,
783568,,,,,,,,,,,,,,,,,,,,,
783614,,,,,,,,,,,,,,,,,,,,,
783648,,,,,,,,,,,,,,,,,,,,,
783654,39.9,39.9,0,39.9,0,39.9,0,39.9,0,39.9,0,39.9,0,,,39.9,0,,,,
783700,56.8,56.8,0,56.8,0,56.8,0,48.9,0.162,48.9,0.162,56.8,0,,,56.8,0,56.5,0.00531,,
783716,18.5,18.5,0,18.5,0,,,,,,,,,,,,,18.5,0,,
783749,18.5,18.5,0,18.5,0,,,,,,,,,,,,,18.5,0,,
783814,,,,,,,,,,,,,,,,,,,,,
783858,11.2,11.2,0,11.2,0,11.2,0,11.2,0,11.2,0,10.5,0.0667,,,10.5,0.0667,10.2,0.098,10.2,0.098
784001,22.8,22.8,0,22.8,0,22.8,0,22.8,0,22.8,0,,,,,21.3,0.0704,21.3,0.0704,21.3,0.0704
784013,22.8,22.8,0,22.8,0,22.8,0,22.8,0,22.8,0,22.8,0,,,21.3,0.0704,21.3,0.0704,21.3,0.0704
784079,22.8,22.8,0,22.8,0,22.8,0,22.8,0,22.8,0,22.8,0,,,21.3,0.0704,21.3,0.0704,21.3,0.0704
784116,,,,,,,,,,,,,,,,,,,,,
784136,,,,,,,,,,,,,,,,,,,,,
784147,,,,,,,,,,,,,,,,,,,,,
784148,,,,,,,,,,,,,,,,,,,,,
784152,,,,,,,,,,,,,,,,,,,,,
784158,,,,,,,,,,,,,,,,,,,,,
784163,17.5,17.5,0,17.5,0,17.5,0,17.5,0,17.5,0,17.5,0,17.5,0,,,,,16.5,0.0606
784219,,,,,,,,,,,,,,,,,,,,,
784235,,,,,,,,,,,,,,,,,,,,,
784237,,,,,,,,,,,,,,,,,,,,,
784259,31,31,0,31,0,31,0,31,0,31,0,31,0,,,31,0,31,0,29.6,0.0473
784263,37,37,0,37,0,37,0,37,0,37,0,37,0,37,0,37,0,37,0,37,0
784314,,,,,,,,,,,,,,,,,,,,,
784321,,,,,,,,,,,,,,,,,,,,,
784336,,,,,,,,,,,,,,,,,,,,,
784371,,,,,,,,,,,,,,,,,,,,,
784385,,,,,,,,,,,,,,,,,,,,,
784386,,,,,,,,,,,,,,,,,,,,,
784487,,,,,,,,,,,,,,,,,,,,,
784516,25.5,25.5,0,25.5,0,25.5,0,25.5,0,25.5,0,25.5,0,,,21,0.214,,,,
784518,49.9,49.9,0,49.9,0,49.9,0,49.9,0,49.9,0,49.9,0,,,49.9,0,49.9,0,49.9,0
784539,,,,,,,,,,,,,,,,,,,,,
784574,,,,,,,,,,,,,,,,,,,,,
784588,,,,,,,,,,,,,,,,,,,,,
784608,14,14,0,14,0,14,0,14,0,14,0,14,0,14,0,14,0,14,0,14,0
784613,25.5,25.5,0,25.5,0,25.5,0,25.5,0,25.5,0,25.5,0,,,21,0.214,21,0.214,21,0.214
784627,36,36,0,36,0,36,0,36,0,36,0,,,,,,,31.3,0.15,,
784679,13.5,13.5,0,13.5,0,13.5,0,13.5,0,13.5,0,13.5,0,13.5,0,13.5,0,13.5,0,13.5,0
784684,,,,,,,,,,,,,,,,,,,,,
784690,14,14,0,14,0,14,0,14,0,14,0,14,0,14,0,14,0,14,0,14,0
784692,,,,,,,,,,,,,,,,,,,,,
784717,,,,,,,,,,,,,,,,,,,,,
784719,,,,,,,,,,,,,,,,,,,,,
784721,,,,,,,,,,,,,,,,,,,,,
784727,,,,,,,,,,,,,,,,,,,,,
784732,,,,,,,,,,,,,,,,,,,,,
784748,10.6,10.6,0,10.6,0,10.6,0,10.6,0,10.6,0,10,0.06,,,10,0.06,9.6,0.104,9.6,0.104
784750,,,,,,,,,,,,,,,,,,,,,
784751,,,,,,,,,,,,,,,,,,,,,
784765,,,,,,,,,,,,,,,,,,,,,
784766,,,,,,,,,,,,,,,,,,,,,
784769,71.3,71.3,0,71.3,0,71.3,0,71.3,0,71.3,0,71.3,0,71.3,0,,,71.3,0,67.9,0.0501
784821,27,27,0,27,0,27,0,27,0,27,0,,,,,27,0,27,0,27,0
784829,,,,,,,,,,,,,,,,,,,,,
784834,23.4,,,23.4,0,23.4,0,23.4,0,23.4,0,,,,,23.4,0,23.4,0,,
784854,16.3,16.3,0,16.3,0,16.3,0,16.3,0,16.3,0,16.3,0,,,16.3,0,16.3,0,15,0.0867
784856,,,,,,,,,,,,,,,,,,,,,
784871,,,,,,,,,,,,,,,,,,,,,
784876,,,,,,,,,,,,,,,,,,,,,
784879,17.5,17.5,0,17.5,0,17.5,0,17.5,0,17.5,0,15.5,0.129,,,18,-0.0278,18,-0.0278,18.5,-0.0541
784885,3.5,3.5,0,3.5,0,3.5,0,3.5,0,3.5,0,3.5,0,3.5,0,3.5,0,3.5,0,3.6,-0.0278
784894,15.5,15.5,0,15.5,0,15.5,0,15.5,0,,,,,18,-0.139,18,-0.139,14.5,0.069,18.5,-0.162
784934,119,119,0,119,0,119,0,119,0,,,,,,,90,0.32,,,,
784973,,,,,,,,,,,,,,,,,,,,,
785013,38,38,0,38,0,38,0,38,0,38,0,38,0,38,0,38.2,-0.00524,38.2,-0.00524,38.2,-0.00524
785033,38,38,0,38,0,38,0,38,0,38,0,38,0,38,0,38.2,-0.00524,38.2,-0.00524,38.2,-0.00524
785126,31.3,31.3,0,31.3,0,31.3,0,31.3,0,31.3,0,31.3,0,,,31.3,0,27.5,0.138,27.5,0.138
785137,41,41,0,41,0,41,0,41,0,25.9,0.583,41,0,24,0.708,29,0.414,41,0,,
785142,49,49,0,49,0,49,0,49,0,49,0,49,0,49,0,,,,,,
785157,7,7,0,7,0,7,0,7,0,7,0,7,0,7,0,7,0,4,0.75,4,0.75
785162,7,7,0,7,0,7,0,7,0,7,0,7,0,7,0,7,0,4,0.75,4,0.75
785177,7,7,0,7,0,7,0,7,0,7,0,7,0,7,0,7,0,4,0.75,4,0.75
785182,7,7,0,7,0,7,0,7,0,7,0,7,0,7,0,7,0,4,0.75,4,0.75
785211,30,30,0,30,0,30,0,30,0,30,0,30,0,30,0,30,0,30,0,,
785214,57,57,0,57,0,57,0,57,0,57,0,57,0,57,0,43.2,0.319,43.2,0.319,43.2,0.319
785220,,,,,,,,,,,,,,,,,,,,,
785267,,,,,,,,,,,,,,,,,,,,,
785361,,,,,,,,,,,,,,,,,,,,,
785413,16.4,16.4,0,16.4,0,16.4,0,16.4,0,,,,,,,16.4,0,16.4,0,16.4,0
785421,17.5,17.5,0,17.5,0,17.5,0,17.5,0,17.5,0,17.5,0,17.5,0,,,,,,
785437,31.5,31.5,0,31.5,0,31.5,0,31.5,0,31.5,0,,,31.5,0,31.5,0,31.5,0,31.5,0
785447,47.5,47.5,0,47.5,0,47.5,0,47.5,0,47.5,0,47.5,0,,,43.8,0.0845,43.8,0.0845,43.8,0.0845
785457,,,,,,,,,,,,,,,,,,,,,
785473,,,,,,,,,,,,,,,,,,,,,
785476,,,,,,,,,,,,,,,,,,,,,
785613,,,,,,,,,,,,,,,,,,,,,
785629,45.5,45.5,0,45.5,0,45.5,0,45.5,0,45.5,0,45.5,0,,,45.5,0,45.5,0,45.5,0
785645,,,,,,,,,,,,,,,,,,,,,
785671,215,215,0,215,0,215,0,215,0,215,0,215,0,,,215,0,186,0.156,,
785674,,,,,,,,,,,,,,,,,,,,,
785683,,,,,,,,,,,,,,,,,,,,,
785694,27.6,27.6,0,27.6,0,27.6,0,,,,,,,,,,,,,,
785698,,,,,,,,,,,,,,,,,,,,,
785743,,,,,,,,,,,,,,,,,,,,,
785768,,,,,,,,,,,,,,,,,,,,,
785775,,,,,,,,,,,,,,,,,,,,,
785793,,,,,,,,,,,,,,,,,,,,,
785796,,,,,,,,,,,,,,,,,,,,,
785840,12,12,0,12,0,12,0,12,0,12,0,12,0,12,0,12,0,12,0,13.8,-0.13
785862,15,15,0,15,0,15,0,15,0,15,0,14.4,0.0417,,,14.4,0.0417,14,0.0714,14,0.0714
785863,,,,,,,,,,,,,,,,,,,,,
785869,,,,,,,,,,,,,,,,,,,,,
785873,34.5,34.5,0,34.5,0,34.5,0,34.5,0,34.5,0,34.5,0,,,36,-0.0417,31.3,0.102,31.3,0.102
785926,41.3,41.3,0,41.3,0,41.3,0,41.3,0,41.3,0,41.3,0,41.3,0,41.3,0,41.3,0,41.3,0
785929,41.3,41.3,0,41.3,0,41.3,0,41.3,0,41.3,0,41.3,0,41.3,0,41.3,0,41.3,0,41.3,0
785948,69,69,0,69,0,69,0,69,0,69,0,,,,,,,,,48,0.438
785998,,,,,,,,,,,,,,,,,,,,,
786024,9.7,9.7,0,9.7,0,9.7,0,9.7,0,9.7,0,9.7,0,,,7.5,0.293,7.5,0.293,7.5,0.293
786145,15,15,0,15,0,15,0,15,0,15,0,15,0,,,,,15,0,15,0
786150,15,15,0,15,0,15,0,15,0,15,0,15,0,15,0,15,0,15,0,15,0
786165,15,15,0,15,0,,,,,15,0,15,0,15,0,,,15,0,15,0
786217,159,159,0,159,0,159,0,159,0,,,,,,,,,,,,
786236,31,31,0,31,0,31,0,31,0,31,0,31,0,,,31,0,31,0,31,0
786240,8.6,8.6,0,8.6,0,8.6,0,8.6,0,8.6,0,8.6,0,8.6,0,8.2,0.0488,8.2,0.0488,7.8,0.103
786327,,,,,,,,,,,,,,,,,,,,,
786331,66.5,66.5,0,66.5,0,66.5,0,55,0.209,55,0.209,66.6,-0.0015,66.6,-0.0015,66.6,-0.0015,,,63.5,0.0472
786332,80.5,80.5,0,,,,,,,88.6,-0.0914,88.6,-0.0914,,,88.6,-0.0914,,,,
786359,,,,,,,,,,,,,,,,,,,,,
786375,,,,,,,,,,,,,,,,,,,,,
786428,,,,,,,,,,,,,,,,,,,,,
786437,,,,,,,,,,,,,,,,,,,,,
786475,,,,,,,,,,,,,,,,,,,,,
786495,11.1,11.1,0,11.1,0,11.1,0,11.1,0,11.1,0,11.1,0,11.1,0,11.1,0,11.1,0,11.1,0
786549,,,,,,,,,,,,,,,,,,,,,
786639,66.9,66.9,0,66.9,0,66.9,0,66.9,0,66.9,0,66.9,0,,,70,-0.0443,70,-0.0443,61.3,0.0914
786726,42,42,0,49.9,-0.158,49.9,-0.158,49.9,-0.158,49.9,-0.158,49.9,-0.158,,,44.9,-0.0646,44.9,-0.0646,49.9,-0.158
786727,,,,,,,,,,,,,,,,,,,,,
786728,15,15,0,15,0,15,0,15,0,15,0,15,0,,,15,0,15,0,15,0
786748,,,,,,,,,,,,,,,,,,,,,
786752,,,,,,,,,,,,,,,,,,,,,
786757,,,,,,,,,,,,,,,,,,,,,
786763,,,,,,,,,,,,,,,,,,,,,
786795,31.5,31.5,0,31.5,0,31.5,0,31.5,0,31.5,0,31.5,0,31.5,0,31.5,0,31.5,0,31.5,0
786813,35,35,0,35,0,35,0,35,0,35,0,35,0,,,,,34.4,0.0174,34.4,0.0174
786824,65,65,0,65,0,65,0,65,0,65,0,,,65,0,65,0,,,39.5,0.646
786835,,,,,,,,,,,,,,,,,,,,,
786836,,,,,,,,,,,,,,,,,,,,,
786842,22.5,22.5,0,22.5,0,20.9,0.0766,20.9,0.0766,20.9,0.0766,,,,,20.9,0.0766,20.9,0.0766,20.9,0.0766
786847,65,65,0,65,0,65,0,65,0,65,0,65,0,65,0,65,0,,,39.5,0.646
786855,26.5,26.5,0,26.5,0,26.5,0,26.5,0,26.5,0,26.5,0,27.5,-0.0364,27.5,-0.0364,24.5,0.0816,24.5,0.0816
786871,,,,,,,,,,,,,,,,,,,,,
786889,28.8,28.8,0,28.8,0,28.8,0,28.8,0,28.8,0,28.8,0,,,27.5,0.0473,25.7,0.121,25.7,0.121
786896,29.5,29.5,0,29.5,0,29.5,0,29.5,0,29.5,0,,,,,29,0.0172,28.2,0.0461,,
786936,39.6,39.6,0,39.6,0,39.6,0,39.6,0,39.6,0,39.6,0,,,39.6,0,39.6,0,39.6,0
786938,79,79,0,79,0,79,0,79,0,79,0,79,0,,,79,0,79,0,79,0
786952,,,,,,,,,,,,,,,,,,,,,
786975,22.5,22.5,0,22.5,0,20.9,0.0766,20.9,0.0766,20.9,0.0766,,,20.9,0.0766,20.9,0.0766,20.9,0.0766,20.9,0.0766
786994,,,,,,,,,,,,,,,,,,,,,
787039,25,25,0,25,0,25,0,25,0,25,0,25,0,25,0,,,47.5,-0.474,47.5,-0.474
787044,33,33,0,33,0,33,0,33,0,33,0,30.1,0.0963,30.1,0.0963,30.1,0.0963,37.6,-0.122,,
787074,19,19,0,19,0,19,0,17.9,0.0615,17.9,0.0615,17.9,0.0615,17.9,0.0615,17.9,0.0615,,,,
787079,6,6,0,5,0.2,5,0.2,5,0.2,4,0.5,4,0.5,4,0.5,7,-0.143,7,-0.143,7,-0.143
787084,6,6,0,5,0.2,5,0.2,5,0.2,4,0.5,4,0.5,4,0.5,7,-0.143,7,-0.143,7,-0.143
787230,,,,,,,,,,,,,,,,,,,,,
787233,7,7,0,7,0,7,0,7,0,,,7,0,,,,,,,,
787247,,,,,,,,,,,,,,,,,,,,,
787249,,,,,,,,,,,,,,,,,,,,,
787251,,,,,,,,,,,,,,,,,,,,,
787301,,,,,,,,,,,,,,,,,,,,,
787312,,,,,,,,,,,,,,,,,,,,,
787314,,,,,,,,,,,,,,,,,,,,,
787321,,,,,,,,,,,,,,,,,,,,,
787323,,,,,,,,,,,,,,,,,,,,,
787335,,,,,,,,,,,,,,,,,,,,,
787379,,,,,,,,,,,,,,,,,,,,,
787412,102,102,0,102,0,102,0,102,0,102,0,,,,,94,0.0851,104,-0.0173,108,-0.0512
787417,,,,,,,,,,,,,,,,,,,,,
787442,,,,,,,,,,,,,,,,,,,,,
787459,,,,,,,,,,,,,,,,,,,,,
787460,,,,,,,,,,,,,,,,,,,,,
787475,,,,,,,,,,,,,,,,,,,,,
787479,,,,,,,,,,,,,,,,,,,,,
787505,50,50,0,50,0,50,0,50,0,50,0,50,0,49.4,0.0121,49.4,0.0121,49.4,0.0121,,
787517,80.5,80.5,0,94.7,-0.15,94.7,-0.15,94.7,-0.15,94.7,-0.15,94.7,-0.15,,,94.7,-0.15,94.7,-0.15,91.5,-0.12
787622,14.7,14.7,0,14.7,0,14.7,0,14.7,0,14.7,0,14.7,0,,,12.9,0.14,,,17.4,-0.155
787632,,,,,,,,,,,,,,,,,,,,,
787634,,,,,,,,,,,,,,,,,,,,,
787644,35.5,35.5,0,35.5,0,35.5,0,35.5,0,35.5,0,35.5,0,,,28.2,0.259,28.2,0.259,39.6,-0.104
787647,,,,,,,,,,,,,,,,,,,,,
787652,,,,,,,,,,,,,,,,,,,,,
787657,,,,,,,,,,,,,,,,,,,,,
787659,,,,,,,,,,,,,,,,,,,,,
787692,,,,,,,,,,,,,,,,,,,,,
787694,46,46,0,46,0,46,0,46,0,,,,,,,,,,,29.5,0.559
787764,,,,,,,,,,,,,,,,,,,,,
787831,,,,,,,,,,,,,,,,,,,,,
787846,,,,,,,,,,,,,,,,,,,,,
787887,,,,,,,,,,,,,,,,,,,,,
787985,,,,,,,,,,,,,,,,,,,,,
787993,,,,,,,,,,,,,,,,,,,,,
788136,14,14,0,14,0,14,0,14,0,,,14,0,,,14,0,14,0,14,0
788156,7.8,7.8,0,7.8,0,7.8,0,7.8,0,7.8,0,7.8,0,7.8,0,7.8,0,7.8,0,7.8,0
788161,,,,,,,,,,,,,,,,,,,,,
788176,,,,,,,,,,,,,,,,,,,,,
788205,72.9,72.9,0,72.9,0,72.9,0,72.9,0,72.9,0,72.9,0,72.9,0,72.9,0,72.9,0,72.9,0
788369,32.5,32.5,0,32.5,0,32.5,0,32.5,0,32.5,0,32.9,-0.0122,32.9,-0.0122,33.5,-0.0299,33.5,-0.0299,33.5,-0.0299
788389,24,24,0,24,0,24,0,24,0,24,0,26.5,-0.0943,26.5,-0.0943,36,-0.333,36,-0.333,36,-0.333
788438,47.5,47.5,0,47.5,0,,,47.5,0,47.5,0,47.5,0,47.5,0,,,,,,
788443,53.5,53.5,0,53.5,0,,,53.5,0,53.5,0,53.5,0,53.5,0,,,,,,
788572,8,8,0,8,0,8,0,8,0,8,0,8,0,8,0,7.9,0.0127,8,0,8,0
788592,4,4,0,4,0,4,0,4,0,4,0,4,0,4,0,4,0,4,0,4,0
788676,4,4,0,4,0,4,0,4,0,4,0,4,0,4,0,4,0,4,0,4,0
788790,25,25,0,25,0,25,0,25,0,25,0,25,0,25,0,,,,,,
788874,18,18,0,18,0,18,0,18,0,18,0,18,0,18,0,18,0,18,0,,
789020,7,7,0,7,0,7,0,7,0,,,,,,,,,4,0.75,4,0.75
789037,42,42,0,42,0,42,0,42,0,,,42,0,,,,,,,,
789129,,,,,,,,,,,,,,,,,,,,,
789227,,,,,,,,,,,,,,,,,,,,,
789235,,,,,,,,,,,,,,,,,,,,,
789276,279,279,0,279,0,279,0,279,0,279,0,279,0,,,,,279,0,310,-0.1
789327,27,27,0,27,0,27,0,27,0,27,0,27,0,27,0,27,0,27,0,25,0.08
789328,,,,,,,,,,,,,,,,,,,,,
789329,,,,,,,,,,,,,,,,,,,,,
789368,49.9,49.9,0,49.9,0,49.9,0,49.9,0,49.9,0,49.9,0,,,49.9,0,49.9,0,49.9,0
789413,47.5,47.5,0,47.5,0,47.5,0,47.5,0,47.5,0,47.5,0,47.5,0,47.5,0,47.5,0,47.5,0
789427,30.5,30.5,0,30.5,0,30.5,0,30.5,0,,,,,,,30.5,0,30.5,0,28.2,0.0816
789432,18.7,18.7,0,18.7,0,18.7,0,18.7,0,18.7,0,,,,,18.7,0,,,17.5,0.0686
789434,27.5,27.5,0,27.5,0,27.5,0,27.5,0,27.5,0,,,,,23.5,0.17,23.5,0.17,23.5,0.17
789474,65,65,0,65,0,65,0,65,0,65,0,65,0,,,,,,,,
789476,,,,,,,,,,,,,,,,,,,,,
789511,,,,,,,,,,,,,,,,,,,,,
789523,,,,,,,,,,,,,,,,,,,,,
789526,20,20,0,20,0,20,0,20,0,20,0,20,0,20,0,20,0,,,,
789573,,,,,,,,,,,,,,,,,,,,,
789576,,,,,,,,,,,,,,,,,,,,,
789579,,,,,,,,,,,,,,,,,,,,,
789585,28,28,0,28,0,28,0,28,0,,,28,0,,,28,0,,,28,0
789587,,,,,,,,,,,,,,,,,,,,,
789590,,,,,,,,,,,,,,,,,,,,,
789596,,,,,,,,,,,,,,,,,,,,,
789627,218,218,0,218,0,218,0,218,0,289,-0.246,289,-0.246,,,,,,,,
789639,81,81,0,81,0,81,0,81,0,81,0,73.6,0.101,73.6,0.101,58.9,0.375,103,-0.214,103,-0.214
789673,,,,,,,,,,,,,,,,,,,,,
789676,,,,,,,,,,,,,,,,,,,,,
789678,49.9,58.9,-0.153,58.9,-0.153,58.9,-0.153,58.9,-0.153,58.9,-0.153,58.9,-0.153,,,54,-0.0759,,,,
789701,102,102,0,102,0,102,0,102,0,102,0,102,0,98.8,0.0374,93.8,0.0928,93.8,0.0928,105,-0.0229
789709,,,,,,,,,,,,,,,,,,,,,
789715,17.5,17.5,0,17.5,0,17.5,0,17.5,0,17.5,0,17.5,0,,,,,17.5,0,,
789718,,,,,,,,,,,,,,,,,,,,,
789719,,,,,,,,,,,,,,,,,,,,,
789725,,,,,,,,,,,,,,,,,,,,,
789741,140,140,0,140,0,140,0,,,,,,,,,,,199,-0.296,158,-0.114
789742,55,55,0,55,0,55,0,55,0,55,0,55,0,55,0,55,0,49.4,0.113,49.4,0.113
789744,,,,,,,,,,,,,,,,,,,,,
789745,29.9,29.9,0,29.9,0,29.9,0,29.9,0,29.9,0,29.9,0,,,29.9,0,29.9,0,18.8,0.59
789755,,,,,,,,,,,,,,,,,,,,,
789759,35,35,0,35,0,35,0,,,35,0,,,,,,,33.5,0.0448,37,-0.0541
789790,,,,,,,,,,,,,,,,,,,,,
789795,40,40,0,40,0,40,0,40,0,40,0,,,,,40,0,25,0.6,25,0.6
789796,,,,,,,,,,,,,,,,,,,,,
789799,,,,,,,,,,,,,,,,,,,,,
789808,,,,,,,,,,,,,,,,,,,,,
789811,20.5,20.5,0,20.5,0,20.5,0,20.5,0,20.5,0,20.5,0,20.5,0,20.5,0,20.5,0,20.5,0
789824,12.5,12.5,0,12.5,0,12.5,0,12.5,0,12.5,0,,,,,12.5,0,12.5,0,12.5,0
789826,7.9,7.9,0,7.9,0,7.9,0,7.9,0,7.9,0,7.9,0,,,7.9,0,7.9,0,7,0.129
789835,15.5,15.5,0,15.5,0,15.5,0,15.5,0,15.5,0,,,,,,,15.5,0,,
789846,12.5,12.5,0,12.5,0,12.5,0,12.5,0,12.5,0,12.5,0,12.5,0,12.5,0,12.5,0,12.5,0
789848,156,156,0,156,0,156,0,,,211,-0.262,211,-0.262,,,,,211,-0.262,211,-0.262
789859,15.5,15.5,0,15.5,0,15.5,0,15.5,0,15.5,0,,,,,,,15.5,0,15.5,0
790961,17,17,0,17,0,17,0,17,0,17,0,17,0,17,0,17.5,-0.0286,17.5,-0.0286,17.5,-0.0286
790966,23.5,23.5,0,23.5,0,23.5,0,23.5,0,23.5,0,23.5,0,23.5,0,23.5,0,25,-0.06,25,-0.06
790976,17,17,0,17,0,17,0,17,0,17,0,17,0,17,0,18.5,-0.0811,,,,
790981,16,16,0,16,0,16,0,16,0,16,0,16,0,16,0,21,-0.238,,,,
791008,,,,,,,,,,,,,,,,,,,,,
791048,46,46,0,46,0,46,0,46,0,46,0,46,0,46,0,45,0.0222,,,,
791053,25.9,25.9,0,25.9,0,25.9,0,25.9,0,25.9,0,25.9,0,25.9,0,25.9,0,26.9,-0.0372,26.9,-0.0372
791068,23.9,23.9,0,23.9,0,23.9,0,23.9,0,23.9,0,23.9,0,23.9,0,24.5,-0.0245,,,,
791073,25,25,0,25,0,25,0,,,,,,,,,,,,,,
791102,30,30,0,30,0,30,0,30,0,30,0,30,0,30,0,30,0,,,,
791117,30,30,0,30,0,30,0,30,0,30,0,30,0,30,0,30,0,30,0,100,-0.7
791137,55,55,0,55,0,55,0,55,0,55,0,55,0,55,0,58.5,-0.0598,59.9,-0.0818,59.9,-0.0818
791142,45,45,0,45,0,45,0,45,0,45,0,45,0,45,0,45,0,,,,
791177,29.9,29.9,0,29.9,0,29.9,0,29.9,0,29.9,0,29.9,0,29.9,0,29.9,0,,,,
791182,25.9,25.9,0,25.9,0,25.9,0,25.9,0,25.9,0,25.9,0,25.9,0,25.9,0,,,,
791197,19,19,0,19,0,19,0,19,0,19,0,19,0,19,0,22.5,-0.156,28,-0.321,28,-0.321
791211,,,,,,,,,,,,,,,,,,,,,
791226,25,25,0,25,0,25,0,25,0,25,0,25,0,25,0,25,0,,,,
791232,,,,,,,,,,,,,,,,,,,,,
791246,47.5,47.5,0,47.5,0,47.5,0,47.5,0,47.5,0,47.5,0,47.5,0,46.5,0.0215,49.9,-0.0481,49.9,-0.0481
791271,49,49,0,49,0,49,0,49,0,49,0,49,0,49,0,49,0,,,,
791291,29.9,29.9,0,29.9,0,29.9,0,29.9,0,29.9,0,29.9,0,29.9,0,29.9,0,,,,
791300,47,47,0,47,0,47,0,47,0,47,0,47,0,47,0,49.9,-0.0581,,,,
791333,,,,,,,,,,,,,,,,,,,,,
791478,,,,,,,,,,,,,,,,,,,,,
791483,,,,,,,,,,,,,,,,,,,,,
791532,,,,,,,,,,,,,,,,,,,,,
791697,149,149,0,149,0,149,0,149,0,,,,,,,,,,,,
791979,11.9,11.9,0,11.9,0,11.9,0,11.9,0,11.9,0,,,,,10.9,0.0917,10.9,0.0917,8.9,0.337
792209,10.9,10.9,0,10.9,0,10.9,0,,,10.9,0,,,,,,,,,15.8,-0.31
792214,52.9,52.9,0,52.9,0,52.9,0,52.9,0,52.9,0,59.9,-0.117,59.9,-0.117,74,-0.285,75.9,-0.303,75.9,-0.303
792318,,,,,,,,,,,,,,,,,,,,,
792323,,,,,,,,,,,,,,,,,,,,,
792338,,,,,,,,,,,,,,,,,,,,,
792343,,,,,,,,,,,,,,,,,,,,,
792383,,,,,,,,,,,,,,,,,,,,,
792398,33.5,33.5,0,33.5,0,33.5,0,33.5,0,33.5,0,33.5,0,38.5,-0.13,38.5,-0.13,38.5,-0.13,38.5,-0.13
792407,,,,,,,,,,,,,,,,,,,,,
792587,,,,,,,,,,,,,,,,,,,,,
792685,,,,,,,,,,,,,,,,,,,,,
792693,42,42,0,42,0,42,0,36.9,0.138,36.9,0.138,42,0,,,39.8,0.0553,,,,
792709,14.5,14.5,0,14.5,0,14.5,0,14.5,0,14.5,0,14.5,0,14.5,0,14.5,0,14.5,0,14.5,0
792714,5.2,5.2,0,5.2,0,5.2,0,5.2,0,5.2,0,,,,,5.2,0,5.2,0,5.2,0
792898,35.5,35.5,0,35.5,0,35.5,0,35.5,0,35.5,0,35.5,0,35.5,0,35.5,0,35.5,0,35.5,0
792932,219,219,0,219,0,,,219,0,219,0,219,0,219,0,275,-0.204,275,-0.204,275,-0.204
792947,159,159,0,159,0,,,159,0,159,0,159,0,159,0,204,-0.222,204,-0.222,204,-0.222
792952,134,134,0,165,-0.191,,,165,-0.191,165,-0.191,165,-0.191,165,-0.191,204,-0.347,204,-0.347,204,-0.347
793148,3.95e+03,3.95e+03,0,3.95e+03,0,,,3.95e+03,0,3.95e+03,0,3.95e+03,0,3.95e+03,0,3.95e+03,0,4.16e+03,-0.0496,4.16e+03,-0.0496
793528,,,,,,,,,,,,,,,,,,,,,
793539,,,,,,,,,,,,,,,,,,,,,
793722,12.5,12.5,0,12.5,0,12.5,0,12.5,0,12.5,0,12.5,0,12.5,0,12.5,0,12.5,0,12.5,0
793737,18.9,18.9,0,22.4,-0.156,22.4,-0.156,22.4,-0.156,22,-0.141,22,-0.141,22,-0.141,23,-0.178,22.5,-0.16,27.5,-0.313
793762,,,,,,,,,,,,,,,,,,,,,
793960,39.6,39.6,0,39.6,0,39.6,0,39.6,0,39.6,0,39.6,0,39.6,0,39.6,0,39.6,0,34.8,0.138
794218,,,,,,,,,,,,,,,,,,,,,
794237,,,,,,,,,,,,,,,,,,,,,
794722,,,,,,,,,,,,,,,,,,,,,
795160,28,28,0,28,0,28,0,28,0,,,,,,,,,,,,
795161,26,26,0,26,0,26,0,26,0,26,0,,,,,,,,,,
795162,21,21,0,21,0,21,0,21,0,21,0,,,,,,,,,,
795163,26,26,0,26,0,26,0,26,0,26,0,,,,,,,,,,
795164,26,26,0,26,0,26,0,26,0,26,0,,,,,,,,,,
795192,6.5,6.5,0,6.5,0,6.5,0,6.5,0,6.5,0,6.5,0,,,,,,,,
795451,43.5,43.5,0,43.5,0,43.5,0,43.5,0,43.5,0,43.5,0,43.5,0,43.5,0,43.5,0,43.5,0
795580,17.5,17.5,0,17.5,0,17.5,0,17.5,0,16.5,0.0606,16.5,0.0606,11.9,0.471,19.9,-0.121,,,,
795621,,,,,,,,,,,,,,,,,,,,,
795635,,,,,,,,,,,,,,,,,,,,,
795748,22.5,22.5,0,22.5,0,22.5,0,22.5,0,22.5,0,22.5,0,22.5,0,22.5,0,,,22.5,0
795832,,,,,,,,,,,,,,,,,,,,,
795897,,,,,,,,,,,,,,,,,,,,,
796321,22,22,0,22,0,22,0,22,0,22,0,22,0,22,0,21.6,0.0185,21.6,0.0185,21.6,0.0185
796428,,,,,,,,,,,,,,,,,,,,,
796483,,,,,,,,,,,,,,,,,,,,,
796513,24,24,0,24,0,24,0,24,0,,,,,,,24,0,24,0,24,0
796539,,,,,,,,,,,,,,,,,,,,,
796728,,,,,,,,,,,,,,,,,,,,,
796761,24.5,24.5,0,24.5,0,24.5,0,24.5,0,24.5,0,24.5,0,24.5,0,24.5,0,23.5,0.0426,22,0.114
796826,,,,,,,,,,,,,,,,,,,,,
796930,,,,,,,,,,,,,,,,,,,,,
797148,,,,,,,,,,,,,,,,,,,,,
797213,91,91,0,91,0,91,0,91,0,91,0,88.6,0.0271,88.6,0.0271,88.6,0.0271,80,0.137,80,0.137
797223,91,91,0,91,0,91,0,91,0,91,0,88.6,0.0271,88.6,0.0271,88.6,0.0271,80,0.137,80,0.137
797233,91,91,0,91,0,91,0,91,0,91,0,88.6,0.0271,88.6,0.0271,88.6,0.0271,80,0.137,80,0.137
797243,91,91,0,91,0,91,0,91,0,91,0,88.6,0.0271,88.6,0.0271,88.6,0.0271,80,0.137,80,0.137
797253,91,91,0,91,0,91,0,91,0,91,0,88.6,0.0271,88.6,0.0271,88.6,0.0271,80,0.137,80,0.137
797620,83.9,83.9,0,83.9,0,83.9,0,,,83.9,0,76.5,0.0967,76.5,0.0967,95.6,-0.122,,,,
797635,83.9,83.9,0,83.9,0,83.9,0,83.9,0,83.9,0,76.5,0.0967,76.5,0.0967,95.6,-0.122,95.6,-0.122,95.6,-0.122
797837,,,,,,,,,,,,,,,,,,,,,
797979,,,,,,,,,,,,,,,,,,,,,
798311,84,84,0,84,0,84,0,84,0,84,0,83,0.012,80,0.05,80,0.05,72.5,0.159,72.5,0.159
798322,,,,,,,,,,,,,,,,,,,,,
798326,,,,,,,,,,,,,,,,,,,,,
798338,,,,,,,,,,,,,,,,,,,,,
798342,,,,,,,,,,,,,,,,,,,,,
798349,,,,,,,,,,,,,,,,,,,,,
798352,15.3,15.3,0,15.3,0,15.3,0,15.3,0,,,,,15.3,0,15.3,0,14,0.0929,14,0.0929
798362,,,,,,,,,,,,,,,,,,,,,
798364,,,,,,,,,,,,,,,,,,,,,
798368,,,,,,,,,,,,,,,,,,,,,
798372,,,,,,,,,,,,,,,,,,,,,
798412,,,,,,,,,,,,,,,,,,,,,
798452,,,,,,,,,,,,,,,,,,,,,
798459,,,,,,,,,,,,,,,,,,,,,
798472,,,,,,,,,,,,,,,,,,,,,
798532,,,,,,,,,,,,,,,,,,,,,
798538,,,,,,,,,,,,,,,,,,,,,
798542,,,,,,,,,,,,,,,,,,,,,
798579,,,,,,,,,,,,,,,,,,,,,
798628,20,20,0,20,0,20,0,20,0,20,0,20,0,,,,,,,,
798634,,,,,,,,,,,,,,,,,,,,,
798734,,,,,,,,,,,,,,,,,,,,,
798746,,,,,,,,,,,,,,,,,,,,,
798768,57,57,0,,,,,57,0,71.3,-0.201,71.3,-0.201,,,71.3,-0.201,71.3,-0.201,67.9,-0.161
798823,,,,,,,,,,,,,,,,,,,,,
799186,14,14,0,14,0,14,0,,,,,,,,,,,,,,
799287,40.5,40.5,0,40.5,0,40.5,0,,,,,,,,,,,,,,
800028,32,32,0,32,0,32,0,32,0,32,0,32,0,,,,,,,,
800101,25,25,0,25,0,25,0,25,0,25,0,25,0,25,0,,,,,,
800103,30,30,0,30,0,30,0,30,0,30,0,30,0,30,0,,,,,,
800118,,,,,,,,,,,,,,,,,,,,,
800119,,,,,,,,,,,,,,,,,,,,,
800122,117,117,0,117,0,117,0,117,0,117,0,117,0,117,0,117,0,115,0.0165,115,0.0165
800137,,,,,,,,,,,,,,,,,,,,,
800142,8,8,0,8,0,8,0,8,0,8,0,8,0,8,0,7.5,0.0667,,,,
800144,,,,,,,,,,,,,,,,,,,,,
800266,,,,,,,,,,,,,,,,,,,,,
800271,,,,,,,,,,,,,,,,,,,,,
800278,,,,,,,,,,,,,,,,,,,,,
800279,7.5,7.5,0,7.5,0,7.5,0,7.5,0,7.5,0,7.5,0,7.5,0,7.5,0,12.5,-0.4,,
800664,33,33,0,33,0,33,0,33,0,33,0,33,0,33,0,33,0,33,0,33,0
800665,,,,,,,,,,,,,,,,,,,,,
800669,,,,,,,,,,,,,,,,,,,,,
800772,76,76,0,76,0,76,0,76,0,76,0,76,0,76,0,89,-0.146,69.9,0.0873,119,-0.361
800874,,,,,,,,,,,,,,,,,,,,,
800893,48,48,0,48,0,48,0,48,0,48,0,48,0,48,0,,,,,,
800897,,,,,,,,,,,,,,,,,,,,,
800898,49,49,0,49,0,49,0,49,0,49,0,49,0,49,0,,,,,,
800988,57,57,0,57,0,57,0,57,0,57,0,57,0,57,0,,,,,,
800990,34,34,0,34,0,34,0,34,0,34,0,34,0,34,0,,,,,,
801105,,,,,,,,,,,,,,,,,,,,,
801110,23.9,23.9,0,23.9,0,23.9,0,23.9,0,23.9,0,23.9,0,23.9,0,,,30.5,-0.216,30.5,-0.216
801125,,,,,,,,,,,,,,,,,,,,,
801234,,,,,,,,,,,,,,,,,,,,,
801338,4,4,0,4,0,4,0,4,0,4,0,4,0,4,0,4,0,4,0,4,0
801355,,,,,,,,,,,,,,,,,,,,,
801811,,,,,,,,,,,,,,,,,,,,,
801832,66,66,0,66,0,66,0,66,0,66,0,66,0,66,0,,,,,,
801834,45,45,0,45,0,45,0,45,0,45,0,45,0,45,0,,,,,,
801956,,,,,,,,,,,,,,,,,,,,,
801957,,,,,,,,,,,,,,,,,,,,,
801966,37,37,0,37,0,37,0,37,0,37,0,37,0,37,0,,,,,,
801968,,,,,,,,,,,,,,,,,,,,,
801969,37,37,0,37,0,37,0,37,0,37,0,37,0,37,0,,,,,,
802236,44,44,0,44,0,44,0,44,0,44,0,44,0,44,0,,,,,,
802254,34,34,0,34,0,34,0,34,0,34,0,,,,,,,,,,
802255,50,50,0,50,0,50,0,50,0,50,0,50,0,50,0,,,,,,
802256,30,30,0,30,0,30,0,30,0,30,0,30,0,30,0,,,,,,
802365,37,37,0,37,0,37,0,37,0,37,0,37,0,37,0,,,,,,
802385,37,37,0,37,0,37,0,37,0,,,37,0,37,0,,,,,,
802401,18.5,18.5,0,18.5,0,18.5,0,18.5,0,18.5,0,18.5,0,18.5,0,18.5,0,18.5,0,18.5,0
802402,10,10,0,10,0,10,0,10,0,10,0,10,0,10,0,10,0,10,0,10,0
802403,18,18,0,18,0,18,0,18,0,18,0,18,0,18,0,18,0,18,0,18,0
802404,13,13,0,13,0,13,0,13,0,13,0,13,0,13,0,13,0,13,0,13,0
802433,35,35,0,35,0,35,0,35,0,35,0,35,0,35,0,,,,,,
802438,70,70,0,70,0,70,0,70,0,70,0,,,,,,,,,,
802452,36,36,0,36,0,36,0,36,0,36,0,36,0,36,0,,,,,,
802455,49,49,0,49,0,49,0,49,0,49,0,49,0,49,0,,,,,,
802481,32,32,0,32,0,32,0,32,0,32,0,32,0,32,0,,,,,,
802490,32,32,0,32,0,32,0,32,0,32,0,32,0,32,0,,,,,,
802561,,,,,,,,,,,,,,,,,,,,,
802593,,,,,,,,,,,,,,,,,,,,,
802628,,,,,,,,,,,,,,,,,,,,,
802648,,,,,,,,,,,,,,,,,,,,,
802653,,,,,,,,,,,,,,,,,,,,,
802693,44,44,0,44,0,44,0,44,0,44,0,39,0.128,39,0.128,54.2,-0.188,54.2,-0.188,54.2,-0.188
802695,,,,,,,,,,,,,,,,,,,,,
802713,,,,,,,,,,,,,,,,,,,,,
802721,21,21,0,21,0,21,0,21,0,21,0,21,0,21,0,,,,,,
802853,31,31,0,31,0,31,0,31,0,31,0,31,0,31,0,,,,,,
802938,17,17,0,17,0,17,0,17,0,17,0,17,0,17,0,,,,,,
802961,,,,,,,,,,,,,,,,,,,,,
802992,52,52,0,52,0,52,0,52,0,,,,,,,,,,,,
803051,21,21,0,21,0,21,0,21,0,21,0,21,0,21,0,,,,,,
803053,24,24,0,24,0,24,0,24,0,24,0,24,0,24,0,24,0,,,,
803054,15,15,0,15,0,15,0,15,0,15,0,15,0,15,0,15,0,15,0,,
803187,9,9,0,9,0,9,0,9,0,9,0,9,0,9,0,,,,,,
803190,23,23,0,23,0,23,0,23,0,23,0,21.5,0.0698,21.5,0.0698,21.5,0.0698,21.5,0.0698,21.5,0.0698
803247,,,,,,,,,,,,,,,,,,,,,
803305,34,34,0,34,0,34,0,34,0,34,0,34,0,34,0,,,,,,
803403,,,,,,,,,,,,,,,,,,,,,
803472,36,36,0,36,0,36,0,36,0,36,0,36,0,36,0,,,,,,
803654,13,13,0,13,0,13,0,13,0,13,0,13,0,13,0,13,0,13,0,,
803692,,,,,,,,,,,,,,,,,,,,,
803755,105,105,0,105,0,105,0,105,0,105,0,105,0,105,0,,,,,,
803871,11,11,0,11,0,11,0,11,0,11,0,11,0,11,0,11,0,,,,
803872,11,11,0,11,0,11,0,11,0,11,0,11,0,11,0,11,0,,,,
803873,11,11,0,11,0,11,0,11,0,11,0,11,0,11,0,11,0,,,,
803882,4,4,0,4,0,4,0,4,0,4,0,4,0,4,0,4,0,,,,
803883,4,4,0,4,0,4,0,4,0,4,0,4,0,4,0,4,0,,,,
803885,11,11,0,11,0,11,0,11,0,11,0,11,0,11,0,11,0,,,,
803928,,,,,,,,,,,,,,,,,,,,,
803929,,,,,,,,,,,,,,,,,,,,,
803931,225,225,0,225,0,225,0,,,,,,,,,,,,,,
803933,199,199,0,199,0,199,0,,,,,,,,,,,,,,
803954,,,,,,,,,,,,,,,,,,,,,
804028,20,20,0,20,0,20,0,20,0,20,0,20,0,20,0,,,,,,
804036,,,,,,,,,,,,,,,,,,,,,
804082,,,,,,,,,,,,,,,,,,,,,
804089,45,45,0,45,0,45,0,45,0,45,0,45,0,45,0,,,,,,
804092,50,50,0,50,0,50,0,50,0,50,0,50,0,50,0,,,,,,
804097,20,20,0,20,0,20,0,20,0,20,0,20,0,20,0,,,,,,
804876,42,42,0,42,0,42,0,42,0,42,0,42,0,42,0,,,,,,
804906,42.5,42.5,0,42.5,0,42.5,0,42.5,0,42.5,0,42.5,0,42.5,0,42.5,0,42.5,0,42.5,0
804911,,,,,,,,,,,,,,,,,,,,,
804917,,,,,,,,,,,,,,,,,,,,,
804918,,,,,,,,,,,,,,,,,,,,,
804919,,,,,,,,,,,,,,,,,,,,,
804920,,,,,,,,,,,,,,,,,,,,,
804921,58,58,0,58,0,58,0,58,0,58,0,58,0,58,0,,,,,,
804922,55,55,0,55,0,55,0,55,0,55,0,55,0,,,,,,,,
804924,29.9,29.9,0,29.9,0,29.9,0,29.9,0,55,-0.456,55,-0.456,55,-0.456,,,,,,
805186,,,,,,,,,,,,,,,,,,,,,
805537,47,47,0,47,0,47,0,47,0,47,0,,,,,,,,,,
805543,6,6,0,6,0,6,0,6,0,6,0,6,0,6,0,6,0,6,0,6,0
805692,47,47,0,47,0,47,0,47,0,47,0,47,0,47,0,47,0,47.5,-0.0105,47.5,-0.0105
805701,29.5,29.5,0,29.5,0,29.5,0,29.5,0,29.5,0,,,,,29.5,0,29.5,0,29.5,0
805776,6.3,6.3,0,6.3,0,6.3,0,6.3,0,6.3,0,6.3,0,6.3,0,6.3,0,4.9,0.286,6.3,0
805825,,,,,,,,,,,,,,,,,,,,,
805830,19.9,19.9,0,19.9,0,19.9,0,19.9,0,19.9,0,,,21.9,-0.0913,21.9,-0.0913,21.9,-0.0913,14.9,0.336
805845,9.9,9.9,0,9.9,0,9.9,0,9.9,0,9.9,0,9.9,0,14.9,-0.336,19.9,-0.503,,,24.9,-0.602
805979,48,48,0,48,0,48,0,48,0,48,0,,,,,,,,,,
806120,,,,,,,,,,,,,,,,,,,,,
806175,,,,,,,,,,,,,,,,,,,,,
806195,,,,,,,,,,,,,,,,,,,,,
806246,52,52,0,52,0,52,0,52,0,52,0,52,0,52,0,,,,,,
806247,52,52,0,52,0,52,0,52,0,52,0,52,0,52,0,52,0,52,0,,
806926,,,,,,,,,,,,,,,,,,,,,
807388,17,17,0,17,0,17,0,17,0,17,0,17,0,17,0,,,,,,
807389,410,410,0,410,0,410,0,410,0,410,0,410,0,410,0,,,,,,
807390,,,,,,,,,,,,,,,,,,,,,
807391,,,,,,,,,,,,,,,,,,,,,
807392,,,,,,,,,,,,,,,,,,,,,
807393,26,26,0,26,0,26,0,15,0.733,15,0.733,26,0,26,0,,,,,,
807394,25,25,0,25,0,25,0,15,0.667,15,0.667,25,0,25,0,,,,,,
807395,29,29,0,29,0,29,0,19,0.526,19,0.526,29,0,29,0,,,,,,
807397,25,25,0,25,0,25,0,15,0.667,15,0.667,25,0,25,0,,,,,,
807398,25,25,0,25,0,25,0,15,0.667,15,0.667,25,0,25,0,,,,,,
807435,25,25,0,25,0,25,0,15,0.667,15,0.667,25,0,25,0,,,,,,
807436,199,199,0,199,0,199,0,199,0,199,0,199,0,199,0,,,,,,
807438,22,22,0,22,0,22,0,22,0,22,0,22,0,22,0,,,,,,
807441,22,22,0,22,0,22,0,22,0,22,0,,,,,,,,,,
807446,26,26,0,26,0,26,0,26,0,26,0,26,0,,,,,,,,
807447,15,15,0,23,-0.348,23,-0.348,23,-0.348,23,-0.348,23,-0.348,,,,,,,,
807452,47,47,0,47,0,47,0,47,0,47,0,47,0,47,0,,,,,,
807453,40,40,0,40,0,40,0,40,0,40,0,40,0,40,0,,,,,,
807454,40,40,0,40,0,40,0,40,0,40,0,,,,,,,,,,
807456,40,40,0,40,0,40,0,40,0,40,0,40,0,40,0,,,,,,
807457,40,40,0,40,0,40,0,40,0,40,0,,,,,,,,,,
807459,30,30,0,30,0,30,0,30,0,30,0,,,,,,,,,,
807460,31,31,0,31,0,31,0,31,0,31,0,31,0,31,0,,,,,,
807461,40,40,0,40,0,40,0,40,0,40,0,40,0,40,0,,,,,,
807462,35,35,0,35,0,35,0,35,0,35,0,,,,,,,,,,
807463,,,,,,,,,,,,,,,,,,,,,
807471,,,,,,,,,,,,,,,,,,,,,
807484,13,13,0,13,0,13,0,13,0,13,0,13,0,,,,,,,,
807486,27,27,0,27,0,27,0,16,0.688,16,0.688,27,0,27,0,,,,,,
807487,,,,,,,,,,,,,,,,,,,,,
807488,31,31,0,31,0,31,0,20,0.55,20,0.55,31,0,,,,,,,,
807489,27,27,0,27,0,27,0,16,0.688,16,0.688,,,,,,,,,,
807491,27,27,0,27,0,27,0,16,0.688,16,0.688,27,0,27,0,,,,,,
807492,27,27,0,27,0,27,0,16,0.688,16,0.688,,,,,,,,,,
807493,27,27,0,27,0,27,0,16,0.688,16,0.688,27,0,27,0,,,,,,
807494,,,,,,,,,,,,,,,,,,,,,
807495,28,28,0,28,0,28,0,28,0,28,0,28,0,,,,,,,,
807496,27,27,0,27,0,27,0,27,0,27,0,27,0,27,0,,,,,,
807497,15,15,0,15,0,15,0,15,0,15,0,15,0,15,0,30,-0.5,39,-0.615,,
807498,44,44,0,44,0,44,0,44,0,44,0,54,-0.185,54,-0.185,,,,,,
807561,17,17,0,17,0,17,0,17,0,17,0,17,0,17,0,,,,,,
807562,35,35,0,35,0,35,0,35,0,35,0,35,0,35,0,,,,,,
807564,30,30,0,30,0,30,0,30,0,30,0,30,0,30,0,,,,,,
807587,30,30,0,30,0,30,0,30,0,30,0,25,0.2,25,0.2,,,,,,
807790,12,12,0,12,0,12,0,12,0,12,0,12,0,12,0,,,,,,
807799,30,30,0,30,0,30,0,30,0,30,0,30,0,30,0,,,,,,
807832,50,50,0,50,0,50,0,50,0,50,0,50,0,50,0,,,,,,
807844,35,35,0,35,0,35,0,35,0,35,0,35,0,35,0,,,,,,
807897,,,,,,,,,,,,,,,,,,,,,
807904,,,,,,,,,,,,,,,,,,,,,
807932,22,22,0,22,0,22,0,22,0,22,0,22,0,22,0,,,,,,
808054,23,23,0,23,0,23,0,23,0,23,0,23,0,23,0,,,,,,
808077,,,,,,,,,,,,,,,,,,,,,
808101,830,830,0,830,0,830,0,599,0.386,599,0.386,830,0,830,0,,,,,,
808126,80,80,0,80,0,,,80,0,80,0,80,0,80,0,80,0,78,0.0256,78,0.0256
808131,59,59,0,59,0,59,0,59,0,59,0,59,0,59,0,59,0,59,0,59,0
808146,28.5,28.5,0,28.5,0,28.5,0,28.5,0,,,,,,,28.5,0,29,-0.0172,29,-0.0172
808165,23,23,0,23,0,23,0,23,0,23,0,20,0.15,,,,,,,,
808166,23,23,0,23,0,23,0,23,0,23,0,20,0.15,20,0.15,22.9,0.00437,22.9,0.00437,25.9,-0.112
808168,135,135,0,135,0,135,0,135,0,135,0,135,0,135,0,,,,,,
808288,219,219,0,219,0,219,0,219,0,219,0,219,0,219,0,,,,,,
808294,190,190,0,190,0,190,0,190,0,190,0,190,0,190,0,,,,,,
808302,220,220,0,220,0,220,0,220,0,220,0,220,0,220,0,,,,,,
808313,,,,,,,,,,,,,,,,,,,,,
808323,310,310,0,310,0,310,0,310,0,310,0,310,0,310,0,,,,,,
808368,65,65,0,65,0,65,0,65,0,65,0,,,,,,,,,,
808387,,,,,,,,,,,,,,,,,,,,,
808484,,,,,,,,,,,,,,,,,,,,,
808565,79,79,0,79,0,79,0,79,0,79,0,79,0,79,0,107,-0.262,,,,
808591,,,,,,,,,,,,,,,,,,,,,
808625,,,,,,,,,,,,,,,,,,,,,
808626,262,262,0,262,0,,,262,0,262,0,,,262,0,262,0,262,0,262,0
808671,13.5,13.5,0,13.5,0,13.5,0,13.5,0,13.5,0,,,,,,,,,,
808695,,,,,,,,,,,,,,,,,,,,,
808702,,,,,,,,,,,,,,,,,,,,,
809041,410,410,0,410,0,410,0,410,0,410,0,,,,,,,,,,
809162,,,,,,,,,,,,,,,,,,,,,
809168,,,,,,,,,,,,,,,,,,,,,
809170,25,25,0,25,0,25,0,25,0,25,0,,,,,,,,,,
809171,25,25,0,25,0,25,0,25,0,25,0,,,,,,,,,,
809172,25,25,0,25,0,25,0,25,0,25,0,,,,,,,,,,
809173,25,25,0,25,0,25,0,25,0,25,0,25,0,25,0,,,,,,
809177,25,25,0,25,0,25,0,25,0,,,,,,,,,,,,
809178,18,18,0,18,0,18,0,18,0,,,,,,,,,,,,
809179,18,18,0,18,0,18,0,18,0,18,0,,,,,,,,,,
809180,,,,,,,,,,,,,,,,,,,,,
809183,,,,,,,,,,,,,,,,,,,,,
809184,79,79,0,99,-0.202,99,-0.202,99,-0.202,99,-0.202,99,-0.202,99,-0.202,99,-0.202,,,,
809185,99,99,0,99,0,99,0,99,0,99,0,99,0,99,0,99,0,,,,
809193,,,,,,,,,,,,,,,,,,,,,
809196,,,,,,,,,,,,,,,,,,,,,
809203,43,43,0,,,,,,,43,0,40.5,0.0617,51.5,-0.165,51.5,-0.165,51.5,-0.165,51.5,-0.165
809213,59,59,0,59,0,59,0,59,0,59,0,59,0,59,0,,,,,,
809312,,,,,,,,,,,,,,,,,,,,,
809327,23,23,0,23,0,23,0,23,0,23,0,20,0.15,20,0.15,,,,,25.9,-0.112
809427,,,,,,,,,,,,,,,,,,,,,
809428,,,,,,,,,,,,,,,,,,,,,
809429,,,,,,,,,,,,,,,,,,,,,
809450,55,55,0,72,-0.236,72,-0.236,72,-0.236,72,-0.236,72,-0.236,72,-0.236,,,,,,
809451,55,55,0,72,-0.236,72,-0.236,72,-0.236,72,-0.236,72,-0.236,72,-0.236,,,,,,
809459,34,34,0,34,0,34,0,34,0,34,0,34,0,,,,,,,,
809460,43,43,0,43,0,43,0,43,0,43,0,43,0,,,,,,,,
809462,53,53,0,53,0,53,0,53,0,53,0,53,0,,,,,,,,
809463,49,49,0,49,0,49,0,49,0,49,0,49,0,,,,,,,,
809464,60,60,0,60,0,60,0,60,0,60,0,60,0,,,,,,,,
809465,34,34,0,34,0,34,0,34,0,34,0,34,0,,,,,,,,
809466,49,49,0,49,0,49,0,49,0,49,0,49,0,,,,,,,,
809467,43,43,0,43,0,43,0,43,0,43,0,,,,,,,,,,
809468,53,53,0,53,0,53,0,53,0,53,0,53,0,53,0,,,,,,
809469,60,60,0,60,0,60,0,60,0,60,0,,,,,,,,,,
809472,42,42,0,42,0,42,0,42,0,42,0,42,0,42,0,42,0,42,0,,
809480,22,22,0,22,0,22,0,22,0,22,0,22,0,22,0,,,,,,
809487,37,37,0,37,0,37,0,37,0,37,0,37,0,,,,,,,,
809489,52,52,0,52,0,52,0,52,0,52,0,52,0,,,,,,,,
809490,65,65,0,65,0,65,0,65,0,65,0,65,0,,,,,,,,
809492,50,50,0,50,0,50,0,50,0,50,0,50,0,,,,,,,,
809507,,,,,,,,,,,,,,,,,,,,,
809508,,,,,,,,,,,,,,,,,,,,,
809509,,,,,,,,,,,,,,,,,,,,,
809512,,,,,,,,,,,,,,,,,,,,,
809515,33,33,0,33,0,33,0,33,0,33,0,33,0,,,,,,,,
809516,33,33,0,33,0,33,0,33,0,33,0,33,0,,,,,,,,
809517,,,,,,,,,,,,,,,,,,,,,
809520,,,,,,,,,,,,,,,,,,,,,
809523,,,,,,,,,,,,,,,,,,,,,
809524,,,,,,,,,,,,,,,,,,,,,
809527,,,,,,,,,,,,,,,,,,,,,
809528,,,,,,,,,,,,,,,,,,,,,
809557,106,106,0,106,0,106,0,106,0,106,0,106,0,106,0,,,,,,
809558,,,,,,,,,,,,,,,,,,,,,
809560,,,,,,,,,,,,,,,,,,,,,
809581,10,10,0,10,0,10,0,10,0,10,0,,,,,,,,,,
809590,115,115,0,115,0,115,0,115,0,115,0,115,0,186,-0.383,186,-0.383,186,-0.383,,
809603,,,,,,,,,,,,,,,,,,,,,
809622,19,19,0,19,0,19,0,19,0,19,0,19,0,19,0,,,,,,
809626,59,59,0,59,0,59,0,59,0,59,0,59,0,59,0,59,0,,,,
809627,,,,,,,,,,,,,,,,,,,,,
809628,59,59,0,59,0,59,0,59,0,59,0,59,0,59,0,59,0,,,,
809630,59,59,0,59,0,59,0,59,0,59,0,59,0,59,0,59,0,,,,
809631,,,,,,,,,,,,,,,,,,,,,
809632,,,,,,,,,,,,,,,,,,,,,
809643,,,,,,,,,,,,,,,,,,,,,
809644,,,,,,,,,,,,,,,,,,,,,
809659,79,79,0,79,0,79,0,79,0,79,0,,,,,,,,,,
809660,70,70,0,85,-0.176,85,-0.176,85,-0.176,85,-0.176,85,-0.176,85,-0.176,,,,,,
809661,70,70,0,85,-0.176,85,-0.176,85,-0.176,85,-0.176,85,-0.176,85,-0.176,,,,,,
809662,70,70,0,85,-0.176,85,-0.176,85,-0.176,85,-0.176,85,-0.176,85,-0.176,,,,,,
809663,70,70,0,85,-0.176,85,-0.176,85,-0.176,85,-0.176,85,-0.176,85,-0.176,,,,,,
809664,70,70,0,85,-0.176,85,-0.176,85,-0.176,85,-0.176,85,-0.176,85,-0.176,,,,,,
809665,,,,,,,,,,,,,,,,,,,,,
809666,55,55,0,69,-0.203,69,-0.203,69,-0.203,69,-0.203,69,-0.203,69,-0.203,,,,,,
809667,55,55,0,69,-0.203,69,-0.203,69,-0.203,69,-0.203,69,-0.203,69,-0.203,,,,,,
809668,,,,,,,,,,,,,,,,,,,,,
809670,,,,,,,,,,,,,,,,,,,,,
809671,55,55,0,69,-0.203,69,-0.203,69,-0.203,69,-0.203,69,-0.203,,,,,,,,
809672,55,55,0,69,-0.203,69,-0.203,69,-0.203,69,-0.203,69,-0.203,69,-0.203,,,,,,
809673,60,60,0,75,-0.2,75,-0.2,75,-0.2,75,-0.2,75,-0.2,75,-0.2,,,,,,
809675,60,60,0,75,-0.2,75,-0.2,75,-0.2,75,-0.2,75,-0.2,75,-0.2,,,,,,
809676,60,60,0,75,-0.2,75,-0.2,75,-0.2,75,-0.2,75,-0.2,75,-0.2,,,,,,
809677,60,60,0,75,-0.2,75,-0.2,75,-0.2,75,-0.2,75,-0.2,75,-0.2,,,,,,
809678,60,60,0,75,-0.2,75,-0.2,75,-0.2,75,-0.2,75,-0.2,75,-0.2,,,,,,
809679,60,60,0,75,-0.2,75,-0.2,75,-0.2,75,-0.2,75,-0.2,75,-0.2,,,,,,
809685,22,22,0,22,0,22,0,22,0,22,0,22,0,22,0,,,,,,
809686,,,,,,,,,,,,,,,,,,,,,
809690,60,60,0,60,0,60,0,60,0,60,0,60,0,60,0,,,,,,
809692,29,29,0,29,0,29,0,29,0,29,0,29,0,,,,,,,,
809700,17.5,17.5,0,22,-0.205,22,-0.205,22,-0.205,22,-0.205,22,-0.205,22,-0.205,22,-0.205,,,,
809709,92,92,0,92,0,92,0,92,0,92,0,92,0,92,0,92,0,92,0,,
809714,57,57,0,57,0,57,0,57,0,57,0,57,0,57,0,,,,,,
809729,,,,,,,,,,,,,,,,,,,,,
809732,52,52,0,52,0,52,0,52,0,52,0,52,0,52,0,52,0,29.9,0.739,,
809814,,,,,,,,,,,,,,,,,,,,,
809815,,,,,,,,,,,,,,,,,,,,,
809816,,,,,,,,,,,,,,,,,,,,,
809817,,,,,,,,,,,,,,,,,,,,,
809818,,,,,,,,,,,,,,,,,,,,,
809819,119,119,0,119,0,119,0,119,0,157,-0.242,157,-0.242,157,-0.242,,,,,,
809821,119,119,0,119,0,119,0,119,0,157,-0.242,157,-0.242,157,-0.242,,,,,,
809822,49,49,0,86,-0.43,86,-0.43,86,-0.43,86,-0.43,86,-0.43,49,0,86,-0.43,86,-0.43,,
809823,49,49,0,86,-0.43,86,-0.43,86,-0.43,86,-0.43,86,-0.43,49,0,86,-0.43,86,-0.43,,
809831,26,26,0,26,0,26,0,26,0,26,0,26,0,26,0,,,,,,
809833,53,53,0,53,0,53,0,53,0,53,0,49,0.0816,49,0.0816,,,,,,
809834,53,53,0,53,0,53,0,53,0,53,0,49,0.0816,49,0.0816,,,,,,
809871,,,,,,,,,,,,,,,,,,,,,
809889,,,,,,,,,,,,,,,,,,,,,
809896,79,79,0,79,0,79,0,115,-0.313,115,-0.313,115,-0.313,115,-0.313,,,,,,
809898,,,,,,,,,,,,,,,,,,,,,
809904,,,,,,,,,,,,,,,,,,,,,
809906,,,,,,,,,,,,,,,,,,,,,
809910,,,,,,,,,,,,,,,,,,,,,
809911,16,16,0,16,0,16,0,16,0,16,0,16,0,,,,,,,,
809913,16,16,0,16,0,16,0,16,0,16,0,16,0,16,0,,,,,,
809927,121,121,0,121,0,121,0,121,0,121,0,121,0,121,0,,,,,,
809928,115,115,0,115,0,115,0,115,0,115,0,115,0,115,0,,,,,,
809929,115,115,0,115,0,115,0,115,0,115,0,115,0,,,,,,,,
809930,115,115,0,115,0,115,0,115,0,115,0,115,0,,,,,,,,
809949,36,36,0,36,0,36,0,36,0,36,0,36,0,36,0,,,,,,
809978,17,17,0,17,0,17,0,17,0,17,0,17,0,17,0,,,,,,
809980,37,37,0,37,0,37,0,37,0,37,0,37,0,37,0,,,,,,
809984,18,18,0,18,0,18,0,18,0,18,0,18,0,18,0,,,,,,
809988,,,,,,,,,,,,,,,,,,,,,
810053,67,67,0,67,0,67,0,67,0,67,0,67,0,67,0,72,-0.0694,72,-0.0694,72,-0.0694
810060,86,86,0,86,0,86,0,86,0,86,0,86,0,,,86,0,86,0,86,0
810174,,,,,,,,,,,,,,,,,,,,,
810178,15,15,0,15,0,15,0,15,0,15,0,15,0,15,0,,,,,,
810182,22,22,0,22,0,22,0,22,0,22,0,22,0,22,0,,,,,,
810183,26,26,0,26,0,26,0,26,0,26,0,26,0,26,0,,,,,,
810185,31,31,0,31,0,31,0,31,0,31,0,31,0,31,0,,,,,,
810242,9,9,0,9,0,9,0,9,0,9,0,9,0,9,0,,,,,,
810243,55,55,0,55,0,55,0,55,0,55,0,55,0,55,0,,,,,,
810244,,,,,,,,,,,,,,,,,,,,,
810249,26,26,0,26,0,26,0,26,0,26,0,26,0,26,0,,,,,,
810250,36,36,0,36,0,36,0,36,0,36,0,36,0,36,0,,,,,,
810251,69,69,0,69,0,69,0,69,0,69,0,69,0,69,0,,,,,,
810255,54,54,0,54,0,54,0,54,0,54,0,54,0,54,0,,,,,,
810338,55,55,0,75,-0.267,75,-0.267,75,-0.267,75,-0.267,75,-0.267,75,-0.267,,,,,,
810339,39,39,0,39,0,39,0,39,0,62,-0.371,62,-0.371,62,-0.371,,,,,,
810340,79,79,0,79,0,79,0,79,0,79,0,79,0,79,0,,,,,,
810358,,,,,,,,,,,,,,,,,,,,,
810359,,,,,,,,,,,,,,,,,,,,,
810360,,,,,,,,,,,,,,,,,,,,,
810361,8,8,0,8,0,8,0,8,0,8,0,8,0,8,0,,,,,,
810363,,,,,,,,,,,,,,,,,,,,,
810365,,,,,,,,,,,,,,,,,,,,,
810366,,,,,,,,,,,,,,,,,,,,,
810367,8,8,0,8,0,8,0,8,0,8,0,8,0,8,0,,,,,,
810368,8,8,0,8,0,8,0,8,0,,,,,8,0,,,,,,
810522,,,,,,,,,,,,,,,,,,,,,
810524,,,,,,,,,,,,,,,,,,,,,
810525,37,37,0,37,0,37,0,37,0,37,0,37,0,37,0,,,,,,
810526,,,,,,,,,,,,,,,,,,,,,
810528,,,,,,,,,,,,,,,,,,,,,
810531,,,,,,,,,,,,,,,,,,,,,
810532,45,45,0,45,0,45,0,45,0,,,,,45,0,,,,,,
810870,35,35,0,35,0,35,0,35,0,,,,,,,,,,,,
810871,35,35,0,35,0,35,0,35,0,35,0,35,0,35,0,,,,,,
810872,,,,,,,,,,,,,,,,,,,,,
810873,,,,,,,,,,,,,,,,,,,,,
810874,35,35,0,35,0,35,0,35,0,35,0,35,0,35,0,,,,,,
810876,35,35,0,35,0,35,0,35,0,35,0,35,0,35,0,,,,,,
810900,12,12,0,12,0,12,0,12,0,12,0,,,,,,,,,,
810901,10,10,0,10,0,10,0,10,0,10,0,,,,,,,,,,
810902,14,14,0,14,0,14,0,14,0,14,0,,,,,,,,,,
810903,16,16,0,16,0,16,0,16,0,16,0,,,,,,,,,,
810904,7,7,0,7,0,7,0,7,0,7,0,,,,,,,,,,
810907,9,9,0,9,0,9,0,9,0,9,0,,,,,,,,,,
810909,17,17,0,17,0,17,0,17,0,17,0,,,,,,,,,,
810912,11,11,0,11,0,11,0,11,0,11,0,,,,,,,,,,
810915,12,12,0,12,0,12,0,12,0,12,0,,,,,,,,,,
810916,9,9,0,9,0,9,0,9,0,9,0,,,,,,,,,,
810918,10,10,0,10,0,10,0,10,0,10,0,,,,,,,,,,
810919,8,8,0,8,0,8,0,8,0,8,0,,,,,,,,,,
810921,3,3,0,3,0,3,0,3,0,3,0,,,,,,,,,,
810922,3,3,0,3,0,3,0,3,0,3,0,,,,,,,,,,
810924,5,5,0,5,0,5,0,5,0,5,0,,,,,,,,,,
810925,5,5,0,5,0,5,0,5,0,5,0,,,,,,,,,,
810936,10,10,0,10,0,10,0,10,0,10,0,,,,,,,,,,
810937,10,10,0,10,0,10,0,10,0,10,0,,,,,,,,,,
811489,,,,,,,,,,,,,,,,,,,,,
811739,8,8,0,8,0,8,0,8,0,8,0,8,0,8,0,,,,,,
811773,,,,,,,,,,,,,,,,,,,,,
811796,,,,,,,,,,,,,,,,,,,,,
811810,,,,,,,,,,,,,,,,,,,,,
811880,,,,,,,,,,,,,,,,,,,,,
811883,8,8,0,8,0,8,0,8,0,8,0,8,0,8,0,,,,,,
811884,8,8,0,8,0,8,0,8,0,8,0,8,0,8,0,,,,,,
811888,,,,,,,,,,,,,,,,,,,,,
811958,,,,,,,,,,,,,,,,,,,,,
811982,52,52,0,52,0,52,0,52,0,52,0,52,0,52,0,,,,,,
812660,61,61,0,61,0,61,0,61,0,61,0,,,,,61,0,61,0,58.2,0.0481
812764,132,132,0,132,0,132,0,132,0,132,0,,,,,132,0,132,0,120,0.0929
813158,12,12,0,12,0,12,0,8,0.5,8,0.5,15,-0.2,15,-0.2,10,0.2,14,-0.143,15,-0.2
813178,,,,,,,,,,,,,,,,,,,,,
813183,,,,,,,,,,,,,,,,,,,,,
813223,,,,,,,,,,,,,,,,,,,,,
813482,35,35,0,35,0,35,0,35,0,35,0,35,0,35,0,,,,,,
813486,35,35,0,35,0,35,0,35,0,35,0,35,0,35,0,,,,,,
813487,35,35,0,35,0,35,0,35,0,35,0,35,0,35,0,,,,,,
813488,35,35,0,35,0,35,0,35,0,35,0,35,0,35,0,,,,,,
813494,,,,,,,,,,,,,,,,,,,,,
813495,35,35,0,35,0,35,0,35,0,35,0,35,0,35,0,,,,,,
813496,42,42,0,42,0,42,0,42,0,42,0,42,0,42,0,,,,,,
813497,25,25,0,25,0,25,0,25,0,25,0,25,0,25,0,,,,,,
813498,28,28,0,28,0,28,0,28,0,28,0,28,0,28,0,,,,,,
813607,28,28,0,28,0,28,0,28,0,28,0,28,0,28,0,,,,,,
813624,,,,,,,,,,,,,,,,,,,,,
814032,32,32,0,32,0,32,0,32,0,32,0,32,0,32,0,,,,,,
814324,19.5,19.5,0,19.5,0,19.5,0,19.5,0,19.5,0,19.5,0,19.5,0,21,-0.0714,21,-0.0714,21,-0.0714
814593,32,32,0,32,0,32,0,32,0,32,0,32,0,32,0,,,,,,
814623,37,37,0,37,0,37,0,37,0,37,0,37,0,37,0,,,,,,
814853,64,64,0,64,0,64,0,64,0,64,0,64,0,64,0,,,,,,
814944,64,64,0,64,0,64,0,64,0,64,0,64,0,,,,,,,,
814945,58,58,0,58,0,58,0,58,0,58,0,,,,,,,,,,
815142,,,,,,,,,,,,,,,,,,,,,
815548,,,,,,,,,,,,,,,,,,,,,
815549,,,,,,,,,,,,,,,,,,,,,
816328,,,,,,,,,,,,,,,,,,,,,
816356,219,219,0,219,0,219,0,219,0,219,0,219,0,219,0,219,0,219,0,,
816361,189,189,0,189,0,189,0,189,0,189,0,189,0,,,,,,,,
816362,162,162,0,162,0,162,0,162,0,162,0,162,0,,,,,,,,
816363,122,122,0,122,0,122,0,122,0,122,0,122,0,122,0,122,0,122,0,,
816364,122,122,0,122,0,122,0,122,0,122,0,,,,,,,,,,
816365,122,122,0,122,0,122,0,122,0,122,0,122,0,,,,,,,,
816367,205,205,0,205,0,205,0,205,0,205,0,205,0,,,,,,,,
816368,205,205,0,205,0,205,0,205,0,205,0,205,0,205,0,205,0,205,0,,
816369,217,217,0,217,0,217,0,217,0,217,0,217,0,,,,,,,,
816371,135,135,0,135,0,135,0,135,0,135,0,135,0,,,,,,,,
816376,117,117,0,117,0,117,0,117,0,117,0,117,0,117,0,117,0,117,0,,
816377,298,298,0,298,0,298,0,298,0,298,0,298,0,298,0,298,0,298,0,,
816379,333,333,0,333,0,333,0,333,0,333,0,333,0,333,0,333,0,333,0,,
816384,,,,,,,,,,,,,,,,,,,,,
816385,180,180,0,180,0,180,0,180,0,180,0,180,0,,,,,,,,
816387,236,236,0,236,0,236,0,236,0,236,0,236,0,236,0,236,0,236,0,,
816388,211,211,0,211,0,211,0,211,0,211,0,211,0,211,0,211,0,211,0,,
816419,10.5,10.5,0,10.5,0,10.5,0,10.5,0,10.5,0,10.5,0,10.5,0,14.8,-0.291,14.8,-0.291,14.8,-0.291
816427,109,109,0,109,0,109,0,109,0,109,0,109,0,125,-0.128,125,-0.128,,,,
816428,109,109,0,109,0,109,0,109,0,109,0,109,0,125,-0.128,125,-0.128,,,,
816429,109,109,0,109,0,109,0,109,0,109,0,109,0,125,-0.128,125,-0.128,,,,
816430,109,109,0,109,0,109,0,109,0,109,0,109,0,125,-0.128,125,-0.128,,,,
816439,20,20,0,20,0,20,0,20,0,,,,,,,,,,,,
816502,49,49,0,49,0,49,0,49,0,49,0,,,,,,,,,,
816509,625,625,0,625,0,625,0,625,0,625,0,625,0,625,0,,,,,,
816510,,,,,,,,,,,,,,,,,,,,,
816538,34,34,0,34,0,34,0,34,0,34,0,34,0,,,,,,,,
816556,23,23,0,23,0,23,0,23,0,23,0,23,0,23,0,,,,,,
816559,,,,,,,,,,,,,,,,,,,,,
816565,,,,,,,,,,,,,,,,,,,,,
816570,,,,,,,,,,,,,,,,,,,,,
816572,,,,,,,,,,,,,,,,,,,,,
816574,,,,,,,,,,,,,,,,,,,,,
816577,,,,,,,,,,,,,,,,,,,,,
816580,,,,,,,,,,,,,,,,,,,,,
816585,19,19,0,19,0,19,0,19,0,19,0,19,0,19,0,,,,,,
816590,14,14,0,14,0,14,0,14,0,14,0,14,0,14,0,,,,,,
816594,22,22,0,22,0,22,0,22,0,22,0,,,,,,,,,,
816595,20,20,0,20,0,20,0,20,0,20,0,,,,,,,,,,
816599,28,28,0,28,0,28,0,28,0,28,0,28,0,28,0,,,,,,
816617,,,,,,,,,,,,,,,,,,,,,
816756,53,53,0,53,0,53,0,53,0,53,0,53,0,53,0,,,,,,
816758,37,37,0,37,0,37,0,37,0,37,0,37,0,37,0,,,,,,
816760,31.9,31.9,0,31.9,0,31.9,0,31.9,0,31.9,0,31.9,0,31.9,0,,,,,,
816761,43,43,0,43,0,43,0,30,0.433,30,0.433,43,0,43,0,,,,,,
816762,99,99,0,99,0,99,0,99,0,99,0,99,0,99,0,,,,,,
816763,92,92,0,92,0,92,0,92,0,92,0,92,0,92,0,,,,,,
816806,,,,,,,,,,,,,,,,,,,,,
816808,,,,,,,,,,,,,,,,,,,,,
816814,,,,,,,,,,,,,,,,,,,,,
816819,,,,,,,,,,,,,,,,,,,,,
816825,20,20,0,20,0,20,0,20,0,20,0,20,0,20,0,,,,,,
816840,,,,,,,,,,,,,,,,,,,,,
816856,16,16,0,16,0,16,0,16,0,16,0,,,,,,,,,,
816858,12,12,0,12,0,12,0,9,0.333,9,0.333,12,0,12,0,,,,,,
816859,,,,,,,,,,,,,,,,,,,,,
816864,7,7,0,7,0,7,0,7,0,7,0,7,0,7,0,,,,,,
816866,37,37,0,37,0,37,0,37,0,37,0,37,0,37,0,,,,,,
816867,27,27,0,27,0,27,0,27,0,27,0,27,0,27,0,,,,,,
816868,27,27,0,27,0,27,0,27,0,27,0,27,0,27,0,,,,,,
816870,29,29,0,29,0,29,0,29,0,29,0,29,0,29,0,,,,,,
816871,,,,,,,,,,,,,,,,,,,,,
816877,,,,,,,,,,,,,,,,,,,,,
816878,58,58,0,58,0,58,0,58,0,58,0,,,,,,,,,,
816880,,,,,,,,,,,,,,,,,,,,,
816881,54,54,0,54,0,54,0,54,0,54,0,54,0,54,0,,,,,,
816882,56,56,0,56,0,56,0,56,0,56,0,56,0,56,0,,,,,,
816887,,,,,,,,,,,,,,,,,,,,,
816888,,,,,,,,,,,,,,,,,,,,,
816891,,,,,,,,,,,,,,,,,,,,,
816892,,,,,,,,,,,,,,,,,,,,,
816893,,,,,,,,,,,,,,,,,,,,,
816894,35,35,0,35,0,35,0,35,0,35,0,35,0,25,0.4,,,,,,
816896,35,35,0,35,0,35,0,35,0,35,0,35,0,25,0.4,,,,,,
816899,,,,,,,,,,,,,,,,,,,,,
816904,21.9,21.9,0,21.9,0,21.9,0,21.9,0,17.9,0.223,17.9,0.223,17.9,0.223,19.9,0.101,,,9.9,1.21
816913,,,,,,,,,,,,,,,,,,,,,
816920,,,,,,,,,,,,,,,,,,,,,
816921,47,47,0,47,0,47,0,47,0,47,0,47,0,47,0,,,,,,
816926,,,,,,,,,,,,,,,,,,,,,
816927,,,,,,,,,,,,,,,,,,,,,
816928,25,25,0,25,0,25,0,25,0,25,0,25,0,25,0,,,,,,
816934,,,,,,,,,,,,,,,,,,,,,
816936,,,,,,,,,,,,,,,,,,,,,
816940,,,,,,,,,,,,,,,,,,,,,
816963,35,35,0,35,0,35,0,35,0,35,0,35,0,35,0,,,,,,
816965,65,65,0,65,0,65,0,65,0,65,0,65,0,65,0,,,,,,
816966,35,35,0,35,0,35,0,35,0,35,0,35,0,35,0,,,,,,
816967,43,43,0,43,0,43,0,43,0,43,0,43,0,43,0,,,,,,
816968,50,50,0,50,0,50,0,50,0,50,0,50,0,50,0,,,,,,
816969,35,35,0,35,0,35,0,35,0,35,0,35,0,35,0,,,,,,
816972,29,29,0,29,0,29,0,29,0,29,0,29,0,,,,,,,,
816989,32,32,0,32,0,32,0,32,0,32,0,32,0,32,0,,,,,,
816990,,,,,,,,,,,,,,,,,,,,,
816991,9,9,0,9,0,9,0,9,0,9,0,,,,,,,,,,
816992,9,9,0,9,0,9,0,9,0,9,0,9,0,9,0,,,,,,
816993,9,9,0,9,0,9,0,9,0,9,0,,,,,,,,,,
816994,9,9,0,9,0,9,0,9,0,9,0,9,0,,,,,,,,
817057,9,9,0,9,0,9,0,9,0,9,0,,,,,,,,,,
817069,34,34,0,34,0,,,,,,,,,,,,,,,,
817070,97,97,0,97,0,97,0,97,0,97,0,97,0,,,,,,,,
817071,142,142,0,142,0,142,0,142,0,142,0,,,,,,,,,,
817072,153,153,0,153,0,153,0,153,0,153,0,153,0,,,,,,,,
817073,231,231,0,231,0,231,0,231,0,231,0,231,0,,,,,,,,
817075,122,122,0,122,0,122,0,122,0,122,0,,,,,,,,,,
817076,59,59,0,59,0,59,0,59,0,59,0,59,0,,,,,,,,
817079,197,197,0,197,0,197,0,197,0,197,0,197,0,,,,,,,,
817080,287,287,0,287,0,287,0,287,0,287,0,,,,,,,,,,
817082,120,120,0,120,0,120,0,120,0,120,0,120,0,,,,,,,,
817083,112,112,0,112,0,112,0,112,0,112,0,,,,,,,,,,
817084,112,112,0,112,0,112,0,112,0,112,0,,,,,,,,,,
817085,112,112,0,112,0,112,0,112,0,112,0,,,,,,,,,,
817088,106,106,0,106,0,106,0,106,0,106,0,106,0,,,,,,,,
817089,176,176,0,176,0,176,0,176,0,176,0,,,,,,,,,,
817092,,,,,,,,,,,,,,,,,,,,,
817093,112,112,0,112,0,112,0,112,0,112,0,,,,,,,,,,
817095,180,180,0,180,0,180,0,180,0,180,0,180,0,,,,,,,,
817096,459,459,0,459,0,459,0,459,0,459,0,,,,,,,,,,
817098,203,203,0,203,0,203,0,203,0,203,0,,,,,,,,,,
817099,337,337,0,337,0,337,0,337,0,337,0,,,,,,,,,,
817100,182,182,0,182,0,182,0,182,0,182,0,,,,,,,,,,
817102,142,142,0,142,0,142,0,142,0,142,0,,,,,,,,,,
817247,122,122,0,122,0,122,0,122,0,122,0,,,,,,,,,,
817272,83,83,0,83,0,83,0,83,0,83,0,83,0,,,,,,,,
817291,139,139,0,139,0,139,0,139,0,139,0,139,0,,,,,,,,
817292,439,439,0,439,0,439,0,439,0,439,0,,,,,,,,,,
817293,,,,,,,,,,,,,,,,,,,,,
817301,97,97,0,97,0,97,0,97,0,97,0,97,0,,,,,,,,
817302,142,142,0,142,0,142,0,142,0,142,0,,,,,,,,,,
817303,142,142,0,142,0,142,0,142,0,142,0,,,,,,,,,,
817304,304,304,0,304,0,304,0,304,0,304,0,,,,,,,,,,
817305,162,162,0,162,0,162,0,162,0,162,0,,,,,,,,,,
817306,98,98,0,98,0,98,0,98,0,98,0,98,0,,,,,,,,
817307,98,98,0,98,0,98,0,98,0,98,0,,,,,,,,,,
817308,66,66,0,66,0,66,0,66,0,66,0,,,,,,,,,,
817309,51,51,0,51,0,51,0,51,0,51,0,51,0,51,0,,,,,,
817318,57,57,0,57,0,57,0,57,0,57,0,,,,,,,,,,
817321,33,33,0,33,0,33,0,33,0,33,0,,,,,,,,,,
817351,7.5,7.5,0,7.5,0,7.5,0,7.5,0,,,,,,,,,,,,
817352,,,,,,,,,,,,,,,,,,,,,
817353,,,,,,,,,,,,,,,,,,,,,
817354,,,,,,,,,,,,,,,,,,,,,
817355,,,,,,,,,,,,,,,,,,,,,
817360,,,,,,,,,,,,,,,,,,,,,
817361,,,,,,,,,,,,,,,,,,,,,
817363,,,,,,,,,,,,,,,,,,,,,
817364,,,,,,,,,,,,,,,,,,,,,
817365,,,,,,,,,,,,,,,,,,,,,
817366,,,,,,,,,,,,,,,,,,,,,
817368,,,,,,,,,,,,,,,,,,,,,
817369,10,10,0,10,0,10,0,10,0,10,0,10,0,16,-0.375,,,,,,
817370,8,8,0,8,0,8,0,8,0,8,0,8,0,,,,,,,,
817371,,,,,,,,,,,,,,,,,,,,,
817372,11,11,0,11,0,11,0,11,0,11,0,11,0,,,,,,,,
817375,15,15,0,15,0,15,0,15,0,15,0,15,0,23,-0.348,,,,,,
817376,,,,,,,,,,,,,,,,,,,,,
817377,,,,,,,,,,,,,,,,,,,,,
817378,,,,,,,,,,,,,,,,,,,,,
817379,,,,,,,,,,,,,,,,,,,,,
817380,,,,,,,,,,,,,,,,,,,,,
817381,,,,,,,,,,,,,,,,,,,,,
817393,,,,,,,,,,,,,,,,,,,,,
817395,25,25,0,38,-0.342,38,-0.342,38,-0.342,38,-0.342,38,-0.342,38,-0.342,,,,,,
817419,,,,,,,,,,,,,,,,,,,,,
817423,,,,,,,,,,,,,,,,,,,,,
817426,,,,,,,,,,,,,,,,,,,,,
817448,29,29,0,29,0,29,0,29,0,29,0,29,0,29,0,,,,,,
817463,15,15,0,15,0,15,0,15,0,15,0,15,0,15,0,,,,,,
817465,23,23,0,23,0,23,0,23,0,23,0,23,0,23,0,,,,,,
817466,23,23,0,23,0,23,0,23,0,23,0,23,0,23,0,,,,,,
817467,23,23,0,23,0,23,0,23,0,23,0,23,0,23,0,,,,,,
817468,40,40,0,40,0,40,0,40,0,40,0,40,0,40,0,,,,,,
817469,29,29,0,29,0,29,0,29,0,29,0,29,0,29,0,,,,,,
817470,22,22,0,22,0,22,0,22,0,22,0,22,0,22,0,,,,,,
817471,22,22,0,22,0,22,0,22,0,22,0,22,0,22,0,,,,,,
817484,,,,,,,,,,,,,,,,,,,,,
817494,,,,,,,,,,,,,,,,,,,,,
817496,,,,,,,,,,,,,,,,,,,,,
817497,,,,,,,,,,,,,,,,,,,,,
817503,,,,,,,,,,,,,,,,,,,,,
817508,16,16,0,16,0,16,0,16,0,16,0,16,0,16,0,,,,,,
817511,,,,,,,,,,,,,,,,,,,,,
817513,,,,,,,,,,,,,,,,,,,,,
817516,15,15,0,15,0,15,0,15,0,15,0,15,0,15,0,,,,,,
817518,,,,,,,,,,,,,,,,,,,,,
817523,,,,,,,,,,,,,,,,,,,,,
817525,8,8,0,8,0,8,0,8,0,8,0,8,0,8,0,,,,,,
817530,,,,,,,,,,,,,,,,,,,,,
817532,,,,,,,,,,,,,,,,,,,,,
817535,12,12,0,12,0,12,0,8,0.5,8,0.5,12,0,12,0,,,,,,
817536,23,23,0,23,0,23,0,23,0,23,0,33,-0.303,33,-0.303,,,,,,
817539,,,,,,,,,,,,,,,,,,,,,
817541,,,,,,,,,,,,,,,,,,,,,
817542,,,,,,,,,,,,,,,,,,,,,
817543,19,19,0,19,0,19,0,19,0,19,0,19,0,19,0,,,,,,
817544,19,19,0,19,0,19,0,19,0,19,0,19,0,19,0,,,,,,
817545,19,19,0,19,0,19,0,19,0,19,0,19,0,19,0,,,,,,
817546,15,15,0,15,0,15,0,15,0,15,0,15,0,15,0,,,,,,
817547,15,15,0,15,0,15,0,15,0,15,0,15,0,15,0,,,,,,
817548,31,31,0,31,0,31,0,31,0,31,0,31,0,31,0,,,,,,
817553,,,,,,,,,,,,,,,,,,,,,
817555,55,55,0,55,0,55,0,55,0,55,0,55,0,55,0,,,,,,
817556,57,57,0,57,0,57,0,57,0,57,0,57,0,57,0,,,,,,
817559,,,,,,,,,,,,,,,,,,,,,
817560,10,10,0,10,0,10,0,10,0,10,0,10,0,10,0,,,,,,
817561,11,11,0,11,0,11,0,11,0,11,0,11,0,11,0,,,,,,
817563,,,,,,,,,,,,,,,,,,,,,
817564,17,17,0,17,0,17,0,17,0,17,0,17,0,17,0,,,,,,
817568,32,32,0,32,0,32,0,32,0,32,0,32,0,32,0,,,,,,
817572,23,23,0,23,0,23,0,23,0,23,0,23,0,23,0,,,,,,
817573,31,31,0,31,0,31,0,31,0,31,0,31,0,31,0,,,,,,
817575,,,,,,,,,,,,,,,,,,,,,
817576,,,,,,,,,,,,,,,,,,,,,
817577,33,33,0,33,0,33,0,33,0,33,0,33,0,33,0,,,,,,
817596,15,15,0,15,0,15,0,15,0,15,0,15,0,15,0,,,,,,
817599,,,,,,,,,,,,,,,,,,,,,
817615,9,9,0,9,0,9,0,9,0,9,0,9,0,9,0,,,,,,
817619,18,18,0,18,0,18,0,18,0,18,0,18,0,18,0,,,,,,
817620,,,,,,,,,,,,,,,,,,,,,
817621,,,,,,,,,,,,,,,,,,,,,
817632,11,11,0,11,0,11,0,11,0,11,0,11,0,11,0,,,,,,
817633,,,,,,,,,,,,,,,,,,,,,
817638,15,15,0,15,0,15,0,15,0,15,0,15,0,15,0,,,,,,
817641,32,32,0,32,0,32,0,32,0,32,0,32,0,32,0,,,,,,
817642,,,,,,,,,,,,,,,,,,,,,
817654,15,15,0,15,0,15,0,15,0,15,0,15,0,15,0,,,,,,
817655,478,478,0,478,0,478,0,478,0,478,0,478,0,478,0,,,,,,
817658,332,332,0,332,0,332,0,332,0,332,0,332,0,332,0,,,,,,
817663,165,165,0,165,0,165,0,165,0,165,0,165,0,165,0,,,,,,
817664,,,,,,,,,,,,,,,,,,,,,
817673,15,15,0,15,0,15,0,15,0,15,0,15,0,15,0,,,,,,
817674,,,,,,,,,,,,,,,,,,,,,
817679,21,21,0,21,0,21,0,21,0,21,0,21,0,21,0,,,,,,
817680,24,24,0,24,0,24,0,24,0,24,0,24,0,24,0,,,,,,
817681,26,26,0,26,0,26,0,26,0,26,0,26,0,26,0,,,,,,
817683,,,,,,,,,,,,,,,,,,,,,
817699,77,77,0,77,0,77,0,77,0,77,0,,,,,,,,,,
817700,113,113,0,113,0,113,0,113,0,113,0,,,,,,,,,,
817701,,,,,,,,,,,,,,,,,,,,,
817708,9,9,0,9,0,9,0,9,0,9,0,9,0,9,0,,,,,,
817710,9,9,0,9,0,9,0,9,0,9,0,,,,,,,,,,
817712,9,9,0,9,0,9,0,9,0,9,0,,,,,,,,,,
817716,7,7,0,7,0,7,0,7,0,7,0,7,0,7,0,,,,,,
817717,9,9,0,9,0,9,0,9,0,9,0,9,0,9,0,,,,,,
817718,9,9,0,9,0,9,0,9,0,9,0,9,0,9,0,,,,,,
817719,9,9,0,9,0,9,0,9,0,9,0,9,0,9,0,,,,,,
817720,9,9,0,9,0,9,0,9,0,9,0,,,,,,,,,,
817721,9,9,0,9,0,9,0,9,0,9,0,9,0,9,0,,,,,,
817722,7,7,0,7,0,7,0,7,0,7,0,7,0,7,0,,,,,,
817723,7,7,0,7,0,7,0,7,0,7,0,7,0,7,0,,,,,,
817725,7,7,0,7,0,7,0,7,0,7,0,7,0,7,0,,,,,,
817727,8,8,0,8,0,8,0,8,0,8,0,8,0,8,0,,,,,,
817728,17,17,0,17,0,17,0,17,0,17,0,17,0,17,0,,,,,,
817731,96,96,0,96,0,96,0,96,0,,,,,,,,,,,,
817735,14,14,0,14,0,14,0,,,,,,,,,,,,,,
817737,,,,,,,,,,,,,,,,,,,,,
817738,34,34,0,34,0,34,0,34,0,34,0,34,0,34,0,,,,,,
817740,17,17,0,17,0,17,0,17,0,17,0,17,0,17,0,,,,,,
817741,,,,,,,,,,,,,,,,,,,,,
817744,108,108,0,108,0,108,0,108,0,108,0,108,0,108,0,,,,,,
817785,,,,,,,,,,,,,,,,,,,,,
817787,46,46,0,46,0,46,0,46,0,46,0,46,0,46,0,,,,,,
817816,,,,,,,,,,,,,,,,,,,,,
817817,12,12,0,12,0,12,0,12,0,12,0,12,0,12,0,,,,,,
817828,125,125,0,125,0,125,0,125,0,125,0,125,0,125,0,,,,,,
817829,109,109,0,109,0,109,0,109,0,109,0,109,0,125,-0.128,,,,,,
817830,109,109,0,109,0,109,0,109,0,109,0,109,0,125,-0.128,,,,,,
817839,109,109,0,109,0,109,0,109,0,109,0,109,0,125,-0.128,,,,,,
817842,109,109,0,109,0,109,0,109,0,109,0,109,0,125,-0.128,,,,,,
817845,109,109,0,109,0,109,0,109,0,109,0,109,0,125,-0.128,,,,,,
817851,109,109,0,109,0,109,0,109,0,109,0,109,0,125,-0.128,,,,,,
817889,358,358,0,358,0,358,0,358,0,,,,,,,,,,,,
817892,253,253,0,253,0,253,0,253,0,253,0,253,0,253,0,,,,,,
818428,,,,,,,,,,,,,,,,,,,,,
818468,3.1,3.1,0,3.1,0,3.1,0,3.1,0,3.1,0,3.1,0,3.1,0,3.1,0,3.1,0,3.1,0
818502,,,,,,,,,,,,,,,,,,,,,
818512,19,19,0,19,0,19,0,19,0,19,0,19,0,19,0,,,,,,
818514,25,25,0,25,0,25,0,25,0,25,0,25,0,,,,,,,,
818515,25,25,0,25,0,25,0,25,0,25,0,25,0,,,,,,,,
818516,25,25,0,25,0,25,0,25,0,25,0,25,0,25,0,,,,,,
818535,25,25,0,25,0,25,0,25,0,25,0,25,0,,,,,,,,
818541,24,24,0,24,0,24,0,24,0,24,0,24,0,,,,,,,,
818542,24,24,0,24,0,24,0,24,0,24,0,24,0,,,,,,,,
818551,,,,,,,,,,,,,,,,,,,,,
818669,38.3,,,,,,,,,,,38.3,0,38.3,0,38.3,0,38.3,0,38.3,0
818724,49,49,0,49,0,49,0,49,0,37,0.324,37,0.324,37,0.324,44,0.114,51,-0.0392,55,-0.109
818731,,,,,,,,,,,,,,,,,,,,,
818732,244,244,0,244,0,244,0,244,0,244,0,244,0,244,0,,,,,,
818734,,,,,,,,,,,,,,,,,,,,,
818827,77,77,0,77,0,77,0,77,0,77,0,77,0,77,0,,,,,,
818849,37,37,0,,,,,,,,,,,,,37,0,37,0,,
818850,40,40,0,,,,,,,,,,,,,40,0,40,0,,
818854,53,53,0,53,0,53,0,53,0,53,0,53,0,53,0,53,0,53,0,,
818860,56,56,0,,,,,56,0,56,0,56,0,56,0,56,0,56,0,,
818863,99,99,0,99,0,99,0,,,,,,,,,,,,,,
818864,99,99,0,99,0,99,0,,,,,,,,,,,,,,
819066,22,22,0,22,0,22,0,22,0,22,0,22,0,22,0,22,0,22,0,22,0
819069,,,,,,,,,,,,,,,,,,,,,
819083,13,13,0,13,0,13,0,13,0,13,0,13,0,13,0,13,0,13,0,13,0
819095,9,9,0,9,0,9,0,9,0,9,0,9,0,9,0,9,0,9,0,9,0
819220,52,52,0,52,0,52,0,52,0,48,0.0833,,,,,,,,,,
819265,,,,,,,,,,,,,,,,,,,,,
819287,,,,,,,,,,,,,,,,,,,,,
819329,,,,,,,,,,,,,,,,,,,,,
819334,,,,,,,,,,,,,,,,,,,,,
819403,95,95,0,95,0,,,95,0,95,0,95,0,105,-0.0952,105,-0.0952,112,-0.152,112,-0.152
819418,110,110,0,110,0,,,110,0,110,0,110,0,138,-0.2,120,-0.0826,138,-0.2,138,-0.2
819423,199,199,0,199,0,,,199,0,199,0,199,0,219,-0.0913,219,-0.0913,239,-0.167,239,-0.167
819563,,,,,,,,,,,,,,,,,,,,,
819564,,,,,,,,,,,,,,,,,,,,,
819577,,,,,,,,,,,,,,,,,,,,,
819627,,,,,,,,,,,,,,,,,,,,,
819636,96.5,96.5,0,96.5,0,,,96.5,0,96.5,0,96.5,0,96.5,0,96.5,0,96.5,0,,
819641,96.5,96.5,0,96.5,0,,,96.5,0,96.5,0,96.5,0,96.5,0,96.5,0,96.5,0,,
819645,18,18,0,18,0,18,0,18,0,18,0,18,0,18,0,,,,,,
819651,53,53,0,53,0,53,0,53,0,53,0,53,0,53,0,,,,,,
819654,,,,,,,,,,,,,,,,,,,,,
819661,20.5,20.5,0,,,,,,,20.5,0,20.5,0,,,20.5,0,20.5,0,20.5,0
819663,,,,,,,,,,,,,,,,,,,,,
819675,,,,,,,,,,,,,,,,,,,,,
819676,10.6,10.6,0,,,,,,,,,10.6,0,,,10.6,0,10.6,0,10.6,0
819681,29.5,29.5,0,29.5,0,29.5,0,29.5,0,29.5,0,29.5,0,29.5,0,29.5,0,29.5,0,29.5,0
819682,,,,,,,,,,,,,,,,,,,,,
819690,,,,,,,,,,,,,,,,,,,,,
819761,25,25,0,25,0,25,0,25,0,25,0,25,0,25,0,,,,,,
819763,41,41,0,41,0,41,0,41,0,41,0,41,0,41,0,,,,,,
819764,19,19,0,19,0,19,0,19,0,19,0,19,0,19,0,,,,,,
819768,17,17,0,17,0,17,0,17,0,17,0,17,0,,,,,,,,
819776,,,,,,,,,,,,,,,,,,,,,
819779,32,32,0,32,0,32,0,32,0,32,0,32,0,32,0,,,,,,
819834,,,,,,,,,,,,,,,,,,,,,
819866,41,41,0,41,0,41,0,41,0,41,0,,,,,,,,,,
819868,9,9,0,9,0,9,0,9,0,9,0,9,0,9,0,,,,,,
819883,12,12,0,12,0,12,0,12,0,12,0,12,0,,,,,,,,
819884,,,,,,,,,,,,,,,,,,,,,
819886,,,,,,,,,,,,,,,,,,,,,
819958,3,3,0,3,0,3,0,3,0,,,3,0,3,0,3,0,3,0,3,0
820002,12,12,0,12,0,12,0,12,0,12,0,12,0,12,0,10.5,0.143,12,0,12,0
820146,24,24,0,21.9,0.0959,21.9,0.0959,21.9,0.0959,21.5,0.116,,,21.5,0.116,30.5,-0.213,30.5,-0.213,30.5,-0.213
820151,,,,,,,,,,,,,,,,,,,,,
820295,125,125,0,125,0,,,125,0,125,0,125,0,125,0,125,0,125,0,125,0
820319,23.5,23.5,0,23.5,0,23.5,0,23.5,0,20.5,0.146,20.5,0.146,20.5,0.146,25,-0.06,25,-0.06,25,-0.06
820339,99,99,0,99,0,99,0,99,0,99,0,99,0,99,0,144,-0.312,144,-0.312,144,-0.312
820408,210,210,0,210,0,,,210,0,210,0,210,0,210,0,210,0,210,0,210,0
820428,26.5,26.5,0,26.5,0,26.5,0,26.5,0,26.5,0,26.5,0,26.5,0,26.5,0,26.5,0,23,0.152
820453,65.5,65.5,0,61.5,0.065,61.5,0.065,61.5,0.065,,,57,0.149,57,0.149,72,-0.0903,72,-0.0903,72,-0.0903
820468,65.5,65.5,0,65.5,0,65.5,0,65.5,0,65.5,0,67.9,-0.0353,67.9,-0.0353,78.5,-0.166,78.5,-0.166,78.5,-0.166
820597,,,,,,,,,,,,,,,,,,,,,
820611,25.9,25.9,0,25.9,0,25.9,0,25.9,0,25.9,0,25.9,0,25.9,0,33.9,-0.236,33.9,-0.236,33.9,-0.236
820635,29,29,0,29,0,29,0,29,0,29,0,,,,,,,,,,
821014,4,4,0,4,0,4,0,4,0,4,0,4,0,4,0,,,,,,
821186,,,,,,,,,,,,,,,,,,,,,
821188,,,,,,,,,,,,,,,,,,,,,
821198,13,13,0,13,0,13,0,13,0,13,0,,,,,,,,,,
821199,,,,,,,,,,,,,,,,,,,,,
821205,10,10,0,10,0,10,0,10,0,10,0,10,0,10,0,,,,,,
821367,,,,,,,,,,,,,,,,,,,,,
821372,15.9,15.9,0,15.9,0,15.9,0,15.9,0,15.9,0,15.9,0,15.9,0,15.9,0,15.9,0,15.9,0
821451,14.5,14.5,0,14.5,0,14.5,0,14.5,0,14.5,0,14.5,0,14.5,0,14.5,0,14.5,0,14.5,0
821452,14.5,14.5,0,14.5,0,14.5,0,14.5,0,14.5,0,14.5,0,14.5,0,14.5,0,14.5,0,,
821462,16,16,0,16,0,16,0,16,0,16,0,16,0,16,0,16,0,17,-0.0588,,
821466,17,17,0,17,0,17,0,17,0,17,0,17,0,17,0,,,,,,
821468,76,76,0,76,0,76,0,76,0,76,0,76,0,76,0,76,0,81,-0.0617,80,-0.05
821472,18,18,0,18,0,18,0,18,0,18,0,18,0,18,0,18,0,19,-0.0526,19,-0.0526
821474,8,8,0,8,0,8,0,8,0,8,0,8,0,8,0,8,0,8,0,8.5,-0.0588
821530,81.4,77.4,0.0517,77.4,0.0517,77.4,0.0517,77.4,0.0517,,,70.1,0.161,70.1,0.161,70.1,0.161,86.7,-0.0611,70,0.163
822028,,,,,,,,,,,,,,,,,,,,,
822062,,,,,,,,,,,,,,,,,,,,,
822593,34.1,34.1,0,34.1,0,34.1,0,34.1,0,34.1,0,34.1,0,34.1,0,34.1,0,34.1,0,34.1,0
822622,23.5,23.5,0,23.5,0,23.5,0,23.5,0,23.5,0,23.5,0,23.5,0,23.5,0,23.5,0,23.5,0
822628,,,,,,,,,,,,,,,,,,,,,
822637,61.9,61.9,0,61.9,0,61.9,0,61.9,0,61.9,0,63,-0.0175,63,-0.0175,84,-0.263,84,-0.263,64.9,-0.0462
822731,,,,,,,,,,,,,,,,,,,,,
822939,,,,,,,,,,,,,,,,,,,,,
823185,,,,,,,,,,,,,,,,,,,,,
823665,5,5,0,5,0,5,0,5,0,5,0,5,0,5,0,5,0,,,,
823670,,,,,,,,,,,,,,,,,,,,,
824326,,,,,,,,,,,,,,,,,,,,,
824688,,,,,,,,,,,,,,,,,,,,,
825641,5.5,5.5,0,5.5,0,5.5,0,5.5,0,5.5,0,5.5,0,5.5,0,5.5,0,5.5,0,5.5,0
825661,5.5,5.5,0,5.5,0,5.5,0,5.5,0,5.5,0,5.5,0,5.5,0,5.5,0,5.5,0,5.5,0
825676,,,,,,,,,,,,,,,,,,,,,
825705,10.9,10.9,0,10.9,0,10.9,0,,,8.9,0.225,,,,,12.5,-0.128,16.5,-0.339,16.2,-0.327
825758,,,,,,,,,,,,,,,,,,,,,
825785,65,65,0,65,0,,,65,0,65,0,65,0,65,0,65,0,65,0,65,0
825894,125,125,0,125,0,,,125,0,106,0.18,125,0,122,0.0204,122,0.0204,115,0.087,115,0.087
825903,90.5,90.5,0,90.5,0,,,90.5,0,90.5,0,90.5,0,88,0.0284,88,0.0284,85,0.0647,85,0.0647
826105,,,,,,,,,,,,,,,,,,,,,
826122,87,87,0,87,0,87,0,87,0,87,0,,,,,,,,,,
826127,99,99,0,99,0,99,0,99,0,99,0,99,0,99,0,,,,,,
826133,,,,,,,,,,,,,,,,,,,,,
826135,,,,,,,,,,,,,,,,,,,,,
826137,72,72,0,72,0,72,0,,,,,,,,,,,,,,
826138,240,240,0,240,0,240,0,252,-0.0476,252,-0.0476,252,-0.0476,221,0.086,221,0.086,243,-0.0123,243,-0.0123
826142,25,25,0,25,0,25,0,24,0.0417,24,0.0417,24,0.0417,24,0.0417,,,,,,
826143,26,26,0,26,0,26,0,29,-0.103,29,-0.103,29,-0.103,29,-0.103,29,-0.103,29,-0.103,32,-0.188
826145,26,26,0,26,0,26,0,29,-0.103,29,-0.103,29,-0.103,29,-0.103,,,29,-0.103,32,-0.188
826148,55,55,0,55,0,55,0,55,0,55,0,,,,,,,,,,
826287,,,,,,,,,,,,,,,,,,,,,
826317,,,,,,,,,,,,,,,,,,,,,
826342,14.5,14.5,0,14.5,0,14.5,0,14.5,0,14.5,0,14.5,0,,,14.5,0,14.5,0,14.5,0
826350,,,,,,,,,,,,,,,,,,,,,
826426,1.43e+03,1.43e+03,0,1.43e+03,0,,,1.29e+03,0.108,1.29e+03,0.108,1.99e+03,-0.282,1.99e+03,-0.282,1.99e+03,-0.282,1.99e+03,-0.282,1.99e+03,-0.282
826431,137,137,0,137,0,,,102,0.343,102,0.343,102,0.343,102,0.343,102,0.343,120,0.143,147,-0.068
826446,72,72,0,72,0,72,0,72,0,72,0,72,0,72,0,,,,,72,0
826603,10.9,10.9,0,10.9,0,10.9,0,10.9,0,10.9,0,10.9,0,,,,,,,,
826684,2.8e+03,2.8e+03,0,2.8e+03,0,,,2.55e+03,0.0981,2.55e+03,0.0981,2.55e+03,0.0981,2.55e+03,0.0981,2.55e+03,0.0981,4.3e+03,-0.349,4.3e+03,-0.349
826698,,,,,,,,,,,,,,,,,,,,,
826699,30.5,30.5,0,30.5,0,30.5,0,30.5,0,30.5,0,30.5,0,30.5,0,30.5,0,30.5,0,30.5,0
826706,228,228,0,228,0,228,0,237,-0.038,237,-0.038,237,-0.038,219,0.0411,219,0.0411,250,-0.088,299,-0.237
826708,10,10,0,10,0,10,0,10,0,10,0,10,0,10,0,10,0,10,0,10,0
826869,120,120,0,120,0,120,0,120,0,120,0,120,0,120,0,120,0,120,0,120,0
826971,39,39,0,39,0,39,0,,,67,-0.418,67,-0.418,57.5,-0.322,39,0,57.5,-0.322,57.5,-0.322
827106,,,,,,,,,,,,,,,,,,,,,
827129,,,,,,,,,,,,,,,,,,,,,
827344,,,,,,,,,,,,,,,,,,,,,
827396,5.5,5.5,0,5.5,0,5.5,0,5.5,0,5.5,0,5.5,0,5.5,0,,,,,,
827506,,,,,,,,,,,,,,,,,,,,,
827507,,,,,,,,,,,,,,,,,,,,,
827510,87,87,0,87,0,87,0,87,0,87,0,,,,,,,,,,
827512,87,87,0,87,0,87,0,87,0,87,0,,,,,,,,,,
827513,87,87,0,87,0,87,0,87,0,87,0,87,0,87,0,,,,,,
827524,210,210,0,210,0,210,0,234,-0.103,234,-0.103,234,-0.103,260,-0.192,,,,,,
827529,,,,,,,,,,,,,,,,,,,,,
827687,21.7,21.7,0,27.4,-0.208,27.4,-0.208,27.4,-0.208,27.4,-0.208,27.4,-0.208,21,0.0333,27.4,-0.208,29.5,-0.264,29.5,-0.264
827692,27.4,27.4,0,27.4,0,27.4,0,27.4,0,27.4,0,27.4,0,27.4,0,27.4,0,29.5,-0.0712,29.5,-0.0712
827701,27.4,27.4,0,27.4,0,27.4,0,27.4,0,27.4,0,27.4,0,27.4,0,27.4,0,29.5,-0.0712,29.5,-0.0712
827736,27.4,27.4,0,27.4,0,27.4,0,27.4,0,27.4,0,27.4,0,27.4,0,27.4,0,29.5,-0.0712,24.4,0.123
827916,16.3,16.3,0,16.3,0,16.3,0,16.3,0,16.3,0,16.3,0,16.3,0,16.3,0,16.3,0,,
828600,30,30,0,30,0,30,0,30,0,30,0,30,0,30,0,30,0,30,0,30,0
828695,,,,,,,,,,,,,,,,,,,,,
828724,33.5,33.5,0,33.5,0,33.5,0,33.5,0,33.5,0,33.5,0,33.5,0,36,-0.0694,36,-0.0694,36,-0.0694
828739,,,,,,,,,,,,,,,,,,,,,
829163,,,,,,,,,,,,,,,,,,,,,
829637,,,,,,,,,,,,,,,,,,,,,
829780,,,,,,,,,,,,,,,,,,,,,
829784,18,18,0,18,0,18,0,18,0,18,0,18,0,18,0,,,,,,
829870,20,20,0,20,0,20,0,20,0,20,0,20,0,20,0,20,0,20,0,20,0
829876,,,,,,,,,,,,,,,,,,,,,
829901,,,,,,,,,,,,,,,,,,,,,
829959,,,,,,,,,,,,,,,,,,,,,
829970,,,,,,,,,,,,,,,,,,,,,
830004,18.5,18.5,0,21,-0.119,21,-0.119,21,-0.119,21,-0.119,21,-0.119,,,24,-0.229,25,-0.26,25,-0.26
830019,40,40,0,40,0,40,0,40,0,40,0,40,0,,,46,-0.13,45,-0.111,45,-0.111
830400,3.9,3.9,0,3.9,0,3.9,0,3.9,0,3.9,0,3.9,0,3.9,0,4.8,-0.188,4.7,-0.17,4.7,-0.17
830415,3.9,3.9,0,3.9,0,3.9,0,3.9,0,3.9,0,3.9,0,3.9,0,4.8,-0.188,4.7,-0.17,4.7,-0.17
830420,3.9,3.9,0,3.9,0,3.9,0,3.9,0,3.9,0,3.9,0,3.9,0,4.8,-0.188,4.7,-0.17,4.7,-0.17
830435,3.9,3.9,0,3.9,0,3.9,0,3.9,0,3.9,0,3.9,0,3.9,0,4.8,-0.188,4.7,-0.17,4.7,-0.17
830440,1.3,1.3,0,1.3,0,1.3,0,1.3,0,1.3,0,1.3,0,1.3,0,1.5,-0.133,1.5,-0.133,1.5,-0.133
830455,1.3,1.3,0,1.3,0,1.3,0,1.3,0,1.3,0,1.3,0,1.3,0,1.5,-0.133,1.5,-0.133,1.5,-0.133
830460,1.3,1.3,0,1.3,0,1.3,0,1.3,0,1.3,0,1.3,0,1.3,0,1.5,-0.133,1.5,-0.133,1.5,-0.133
830475,1.3,1.3,0,1.3,0,1.3,0,1.3,0,1.3,0,1.3,0,1.3,0,1.5,-0.133,1.5,-0.133,1.5,-0.133
830519,26,26,0,26,0,26,0,26,0,26,0,26,0,26,0,26,0,26,0,26,0
830524,20.5,20.5,0,20.5,0,20.5,0,20.5,0,,,,,,,,,22.5,-0.0889,22.5,-0.0889
830564,,,,,,,,,,,,,,,,,,,,,
830702,38.5,38.5,0,38.5,0,38.5,0,38.5,0,38.5,0,38.5,0,47.5,-0.189,47.5,-0.189,47.5,-0.189,47.5,-0.189
830737,,,,,,,,,,,,,,,,,,,,,
830742,,,,,,,,,,,,,,,,,,,,,
831255,20,20,0,20,0,20,0,20,0,20,0,,,,,,,,,,
831256,34.5,34.5,0,34.5,0,34.5,0,34.5,0,34.5,0,34.5,0,34.5,0,,,,,,
831285,3.9,3.9,0,3.9,0,3.9,0,3.9,0,3.9,0,3.9,0,3.9,0,4.8,-0.188,4.7,-0.17,4.7,-0.17
831345,,,,,,,,,,,,,,,,,,,,,
831346,,,,,,,,,,,,,,,,,,,,,
831347,,,,,,,,,,,,,,,,,,,,,
831480,,,,,,,,,,,,,,,,,,,,,
831509,16,16,0,16,0,16,0,16,0,16,0,16,0,16,0,16,0,12,0.333,12,0.333
831542,37,37,0,37,0,37,0,,,37,0,37,0,37,0,37,0,37,0,37,0
831544,17.5,17.5,0,17.5,0,17.5,0,17.5,0,17.5,0,17.5,0,17.5,0,17.5,0,17.5,0,17.5,0
831644,13.5,13.5,0,13.5,0,13.5,0,13.5,0,13.5,0,13.5,0,13.5,0,13.5,0,13.5,0,13.5,0
831681,,,,,,,,,,,,,,,,,,,,,
831854,,,,,,,,,,,,,,,,,,,,,
831923,,,,,,,,,,,,,,,,,,,,,
831970,22,22,0,22,0,22,0,22,0,22,0,22,0,22,0,22,0,22,0,,
832248,,,,,,,,,,,,,,,,,,,,,
832253,29,29,0,29,0,29,0,29,0,39,-0.256,39,-0.256,57.5,-0.496,57.5,-0.496,57.5,-0.496,57.5,-0.496
832345,,,,,,,,,,,,,,,,,,,,,
832361,,,,,,,,,,,,,,,,,,,,,
832377,,,,,,,,,,,,,,,,,,,,,
832476,,,,,,,,,,,,,,,,,,,,,
832491,64,64,0,64,0,64,0,64,0,64,0,64,0,,,63.8,0.00313,50,0.28,67,-0.0448
832493,14,14,0,14,0,14,0,14,0,14,0,14,0,14,0,14,0,14,0,14,0
832530,,,,,,,,,,,,,,,,,,,,,
832713,4.9,4.9,0,4.9,0,4.9,0,4.9,0,4.9,0,4.9,0,4.9,0,4.9,0,5.5,-0.109,5.5,-0.109
832715,16,16,0,16,0,16,0,16,0,16,0,16,0,16,0,16,0,16,0,16,0
832716,10,10,0,10,0,10,0,10,0,10,0,10,0,10,0,10,0,10,0,10,0
832717,11,11,0,11,0,11,0,11,0,11,0,11,0,11,0,11,0,11,0,11,0
832801,,,,,,,,,,,,,,,,,,,,,
832906,55,55,0,55,0,55,0,55,0,55,0,55,0,55,0,55,0,,,,
832918,10.9,10.9,0,10.9,0,10.9,0,10.9,0,10.9,0,10.9,0,10.9,0,,,,,,
832921,50,50,0,50,0,50,0,50,0,50,0,50,0,50,0,,,,,,
833261,3,3,0,3,0,3,0,3,0,,,,,3,0,4.5,-0.333,4.5,-0.333,4.5,-0.333
833281,,,,,,,,,,,,,,,,,,,,,
833305,,,,,,,,,,,,,,,,,,,,,
833325,,,,,,,,,,,,,,,,,,,,,
833330,,,,,,,,,,,,,,,,,,,,,
833345,,,,,,,,,,,,,,,,,,,,,
833414,,,,,,,,,,,,,,,,,,,,,
833716,50,50,0,50,0,,,49,0.0204,49,0.0204,49,0.0204,49,0.0204,49,0.0204,44.9,0.114,52,-0.0385
833735,,,,,,,,,,,,,,,,,,,,,
833737,,,,,,,,,,,,,,,,,,,,,
834101,,,,,,,,,,,,,,,,,,,,,
834243,4,4,0,4,0,4,0,4,0,4,0,4,0,4,0,,,,,,
834259,80,80,0,80,0,80,0,80,0,80,0,,,,,,,,,,
834308,7.2,7.2,0,7.2,0,7.2,0,7.2,0,7.2,0,7.2,0,7.2,0,5.9,0.22,8,-0.1,8.9,-0.191
834313,7.2,7.2,0,7.2,0,7.2,0,7.2,0,7.2,0,7.2,0,7.2,0,5.9,0.22,8,-0.1,8.9,-0.191
834328,7.2,7.2,0,7.2,0,7.2,0,7.2,0,7.2,0,7.2,0,7.2,0,5.9,0.22,8,-0.1,8.9,-0.191
834333,25,25,0,25,0,25,0,25,0,25,0,25,0,25,0,25,0,25,0,25,0
834353,12.5,12.5,0,12.5,0,12.5,0,12.5,0,12.5,0,12.5,0,12.5,0,12.5,0,12.5,0,12.5,0
834360,,,,,,,,,,,,,,,,,,,,,
834368,,,,,,,,,,,,,,,,,,,,,
834393,133,133,0,133,0,,,125,0.064,125,0.064,125,0.064,136,-0.0221,136,-0.0221,175,-0.24,175,-0.24
834402,,,,,,,,,,,,,,,,,,,,,
834437,,,,,,,,,,,,,,,,,,,,,
834457,22.5,22.5,0,22.5,0,22.5,0,22.5,0,22.5,0,22.5,0,,,22.5,0,22.5,0,22.5,0
834497,1.3,1.3,0,1.3,0,1.3,0,1.3,0,1.3,0,1.3,0,1.3,0,1.5,-0.133,1.5,-0.133,1.5,-0.133
835210,12,12,0,12,0,12,0,12,0,12,0,12,0,,,,,,,,
835212,85,85,0,85,0,85,0,85,0,85,0,85,0,,,,,,,,
835247,88.5,88.5,0,88.5,0,88.5,0,88.5,0,88.5,0,88.5,0,,,88.5,0,88.5,0,79.5,0.113
835267,70,70,0,70,0,70,0,70,0,70,0,70,0,,,67.5,0.037,67.5,0.037,58.5,0.197
835272,83.5,83.5,0,83.5,0,83.5,0,83.5,0,83.5,0,83.5,0,,,80.5,0.0373,80.5,0.0373,71.5,0.168
835292,94.5,94.5,0,94.5,0,94.5,0,94.5,0,94.5,0,94.5,0,,,91.5,0.0328,,,,
835316,,,,,,,,,,,,,,,,,,,,,
835336,,,,,,,,,,,,,,,,,,,,,
835341,93,93,0,93,0,93,0,93,0,93,0,93,0,,,88.5,0.0508,88.5,0.0508,79.5,0.17
835356,,,,,,,,,,,,,,,,,,,,,
835361,53,53,0,53,0,53,0,53,0,59,-0.102,59,-0.102,,,,,,,,
835404,94,94,0,94,0,94,0,94,0,94,0,94,0,,,,,,,,
835405,,,,,,,,,,,,,,,,,,,,,
835410,70.5,70.5,0,70.5,0,70.5,0,70.5,0,70.5,0,70.5,0,,,,,,,60.5,0.165
835414,73.5,73.5,0,73.5,0,73.5,0,73.5,0,73.5,0,73.5,0,,,,,,,,
835423,90,90,0,90,0,90,0,90,0,90,0,90,0,,,,,,,,
835427,89,89,0,89,0,89,0,89,0,89,0,89,0,,,,,,,,
835430,63,63,0,63,0,63,0,63,0,63,0,63,0,,,61.5,0.0244,61.5,0.0244,53.5,0.178
835435,85,85,0,85,0,85,0,85,0,85,0,85,0,,,83.5,0.018,83.5,0.018,74.5,0.141
835439,96.5,96.5,0,96.5,0,96.5,0,96.5,0,96.5,0,96.5,0,,,88.5,0.0904,88.5,0.0904,79.5,0.214
835445,,,,,,,,,,,,,,,,,,,,,
835447,42.5,42.5,0,42.5,0,42.5,0,42.5,0,42.5,0,42.5,0,,,,,,,,
835450,68,68,0,68,0,68,0,68,0,68,0,68,0,,,74.5,-0.0872,74.5,-0.0872,66.5,0.0226
835451,83.5,83.5,0,83.5,0,83.5,0,83.5,0,83.5,0,83.5,0,,,,,,,,
835455,72,72,0,72,0,72,0,72,0,72,0,72,0,,,74.5,-0.0336,74.5,-0.0336,66.5,0.0827
835468,128,128,0,128,0,128,0,128,0,128,0,128,0,,,,,,,,
835470,66.5,66.5,0,66.5,0,66.5,0,66.5,0,66.5,0,66.5,0,,,,,,,,
835509,69,69,0,69,0,69,0,69,0,69,0,69,0,,,65,0.0615,65,0.0615,68,0.0147
835514,59,59,0,59,0,59,0,59,0,59,0,59,0,,,59,0,59,0,54,0.0926
835534,,,,,,,,,,,,,,,,,,,,,
835549,64.5,64.5,0,64.5,0,64.5,0,64.5,0,64.5,0,64.5,0,,,64,0.00781,64,0.00781,63,0.0238
835554,12,12,0,12,0,12,0,12,0,12,0,12,0,,,,,,,,
835594,12,12,0,12,0,12,0,12,0,12,0,12,0,,,,,,,,
835623,67,67,0,67,0,67,0,67,0,67,0,67,0,,,65,0.0308,65,0.0308,60,0.117
835645,,,,,,,,,,,,,,,,,,,,,
835658,92.5,92.5,0,92.5,0,92.5,0,92.5,0,92.5,0,92.5,0,,,,,,,,
835690,98,98,0,98,0,98,0,98,0,98,0,98,0,,,,,,,,
835691,98,98,0,98,0,98,0,98,0,98,0,98,0,,,,,,,,
835692,116,116,0,116,0,116,0,116,0,116,0,116,0,,,,,,,,
835694,91,91,0,91,0,91,0,91,0,91,0,91,0,,,91,0,91,0,81,0.123
835695,102,102,0,102,0,102,0,102,0,102,0,102,0,,,,,,,,
835697,91,91,0,91,0,91,0,91,0,91,0,91,0,,,91,0,91,0,81,0.123
835700,95,95,0,95,0,95,0,95,0,95,0,95,0,,,95,0,95,0,85,0.118
835716,,,,,,,,,,,,,,,,,,,,,
835721,,,,,,,,,,,,,,,,,,,,,
835722,,,,,,,,,,,,,,,,,,,,,
835730,,,,,,,,,,,,,,,,,,,,,
835732,68.5,68.5,0,68.5,0,68.5,0,68.5,0,68.5,0,68.5,0,,,,,,,,
835737,,,,,,,,,,,,,,,,,,,,,
835750,85,85,0,85,0,85,0,85,0,85,0,85,0,,,85,0,85,0,73,0.164
835759,97,97,0,97,0,97,0,97,0,97,0,97,0,,,97,0,97,0,87,0.115
835763,,,,,,,,,,,,,,,,,,,,,
835764,,,,,,,,,,,,,,,,,,,,,
835766,,,,,,,,,,,,,,,,,,,,,
835767,54.5,54.5,0,54.5,0,54.5,0,54.5,0,54.5,0,54.5,0,,,54.5,0,54.5,0,49.5,0.101
835772,46.5,46.5,0,46.5,0,46.5,0,46.5,0,46.5,0,46.5,0,,,,,,,,
835781,,,,,,,,,,,,,,,,,,,,,
835796,30,30,0,30,0,30,0,30,0,30,0,30,0,,,,,,,,
835801,66.5,66.5,0,66.5,0,66.5,0,66.5,0,66.5,0,,,,,,,,,,
835896,,,,,,,,,,,,,,,,,,,,,
835905,,,,,,,,,,,,,,,,,,,,,
835922,,,,,,,,,,,,,,,,,,,,,
835950,114,114,0,114,0,114,0,114,0,114,0,,,,,,,,,,
836359,121,121,0,121,0,121,0,121,0,121,0,115,0.0522,,,115,0.0522,115,0.0522,115,0.0522
836364,,,,,,,,,,,,,,,,,,,,,
836631,,,,,,,,,,,,,,,,,,,,,
836646,19.9,19.9,0,22.4,-0.112,22.4,-0.112,22.4,-0.112,22.4,-0.112,22.4,-0.112,,,20.8,-0.0433,17.8,0.118,20.2,-0.0149
836651,23,23,0,23,0,23,0,23,0,23,0,23,0,,,17.5,0.314,19,0.211,19,0.211
836666,19.9,19.9,0,22.4,-0.112,22.4,-0.112,22.4,-0.112,22.4,-0.112,22.4,-0.112,,,20.8,-0.0433,17.8,0.118,20.2,-0.0149
836671,23,23,0,23,0,23,0,23,0,23,0,23,0,,,17.5,0.314,19,0.211,19,0.211
836686,22.4,22.4,0,22.4,0,22.4,0,22.4,0,22.4,0,22.4,0,,,20.8,0.0769,20.8,0.0769,20.2,0.109
836700,,,,,,,,,,,,,,,,,,,,,
836860,56,56,0,56,0,56,0,56,0,56,0,56,0,56,0,56,0,60,-0.0667,60,-0.0667
836861,56,56,0,56,0,56,0,56,0,56,0,56,0,56,0,56,0,60,-0.0667,60,-0.0667
836884,,,,,,,,,,,,,,,,,,,,,
836948,,,,,,,,,,,,,,,,,,,,,
837149,,,,,,,,,,,,,,,,,,,,,
837150,34,34,0,34,0,34,0,34,0,31,0.0968,31,0.0968,31,0.0968,31,0.0968,31,0.0968,31,0.0968
837151,14,14,0,,,,,,,14,0,14,0,14,0,14,0,14,0,14,0
837152,22,22,0,22,0,22,0,22,0,21,0.0476,21,0.0476,21,0.0476,21,0.0476,21,0.0476,21,0.0476
837210,,,,,,,,,,,,,,,,,,,,,
837674,3,3,0,3,0,3,0,3,0,3,0,3,0,3,0,3,0,,,,
837675,3,3,0,3,0,3,0,3,0,3,0,3,0,3,0,3,0,2,0.5,2,0.5
837892,24,24,0,24,0,24,0,24,0,,,24,0,24,0,24,0,32,-0.25,32,-0.25
837893,,,,,,,,,,,,,,,,,,,,,
837894,40,40,0,40,0,40,0,40,0,40,0,40,0,40,0,40,0,40,0,40,0
837970,21,21,0,21,0,21,0,21,0,21,0,21,0,21,0,21,0,21,0,21,0
837971,13,13,0,13,0,13,0,13,0,13,0,13,0,13,0,13,0,14,-0.0714,14,-0.0714
837976,17,17,0,17,0,17,0,17,0,17,0,17,0,17,0,,,17,0,17,0
837977,38,38,0,38,0,38,0,38,0,38,0,38,0,38,0,38,0,43,-0.116,43,-0.116
837978,30,30,0,30,0,30,0,30,0,30,0,30,0,30,0,30,0,38,-0.211,38,-0.211
837979,,,,,,,,,,,,,,,,,,,,,
837999,29,29,0,29,0,29,0,29,0,29,0,29,0,29,0,29,0,35,-0.171,35,-0.171
838080,40,40,0,40,0,40,0,40,0,40,0,40,0,40,0,40,0,40,0,40,0
838081,47,47,0,47,0,47,0,47,0,47,0,47,0,47,0,47,0,50,-0.06,50,-0.06
838244,50,50,0,50,0,50,0,50,0,50,0,50,0,50,0,,,,,,
838309,19,19,0,19,0,19,0,19,0,19,0,19,0,19,0,19,0,19,0,19,0
838393,,,,,,,,,,,,,,,,,,,,,
838439,4.5,4.5,0,5,-0.1,5,-0.1,5,-0.1,5,-0.1,5,-0.1,3.9,0.154,5.6,-0.196,5.6,-0.196,5.6,-0.196
838444,7.2,7.2,0,7.2,0,7.2,0,7.2,0,7.2,0,7.2,0,7.2,0,5.9,0.22,8,-0.1,8.9,-0.191
838459,10,10,0,10,0,10,0,6.5,0.538,6.5,0.538,10,0,10,0,8.9,0.124,9.9,0.0101,11.9,-0.16
838519,77.5,77.5,0,77.5,0,77.5,0,77.5,0,77.5,0,77.5,0,77.5,0,77.5,0,77.5,0,,
838528,,,,,,,,,,,,,,,,,,,,,
838559,,,,,,,,,,,,,,,,,,,,,
838573,132,132,0,132,0,,,132,0,132,0,132,0,132,0,179,-0.263,179,-0.263,224,-0.411
838593,,,,,,,,,,,,,,,,,,,,,
838599,,,,,,,,,,,,,,,,,,,,,
838617,21,21,0,21,0,21,0,28,-0.25,28,-0.25,28,-0.25,28,-0.25,28,-0.25,28,-0.25,28,-0.25
838622,21,21,0,21,0,21,0,28,-0.25,28,-0.25,28,-0.25,,,28,-0.25,28,-0.25,28,-0.25
838644,,,,,,,,,,,,,,,,,,,,,
838676,3,3,0,3,0,3,0,3,0,3,0,3,0,3,0,3,0,2,0.5,2,0.5
838692,,,,,,,,,,,,,,,,,,,,,
838694,,,,,,,,,,,,,,,,,,,,,
838696,,,,,,,,,,,,,,,,,,,,,
838700,28,28,0,28,0,28,0,28,0,28,0,28,0,28,0,,,,,,
838763,,,,,,,,,,,,,,,,,,,,,
838767,21,21,0,21,0,21,0,16,0.312,16,0.312,21,0,21,0,21,0,21,0,,
838772,,,,,,,,,,,,,,,,,,,,,
838859,,,,,,,,,,,,,,,,,,,,,
838861,41,41,0,41,0,41,0,41,0,41,0,41,0,41,0,41,0,41,0,,
838869,17,17,0,17,0,17,0,17,0,17,0,17,0,17,0,,,,,,
838909,,,,,,,,,,,,,,,,,,,,,
838918,76,76,0,76,0,76,0,76,0,76,0,76,0,76,0,76,0,76,0,,
839010,,,,,,,,,,,,,,,,,,,,,
839026,,,,,,,,,,,,,,,,,,,,,
839028,,,,,,,,,,,,,,,,,,,,,
839081,11,11,0,11,0,11,0,11,0,11,0,11,0,,,10,0.1,10,0.1,10,0.1
839254,15.3,15.3,0,15.3,0,15.3,0,15.3,0,15.3,0,15.3,0,15.3,0,15.3,0,15.3,0,15.3,0
839310,5,5,0,,,,,,,5,0,5,0,,,,,,,,
839338,3.8,3.8,0,3.8,0,3.8,0,3.8,0,3.8,0,3.8,0,,,,,,,,
839343,27.5,27.5,0,27.5,0,,,27.5,0,27.5,0,24.9,0.104,24.5,0.122,27.5,0,23.9,0.151,27,0.0185
839354,106,106,0,106,0,106,0,106,0,106,0,106,0,106,0,106,0,106,0,106,0
839358,27.5,27.5,0,27.5,0,,,27.5,0,27.5,0,24.9,0.104,24.5,0.122,27.5,0,23.9,0.151,27,0.0185
839371,56,56,0,56,0,56,0,56,0,56,0,56,0,56,0,56,0,56,0,56,0
839596,,,,,,,,,,,,,,,,,,,,,
839635,71,71,0,71,0,71,0,71,0,71,0,71,0,71,0,71,0,76,-0.0658,76,-0.0658
839800,141,141,0,141,0,141,0,141,0,141,0,141,0,141,0,141,0,147,-0.0408,180,-0.217
839810,,,,,,,,,,,,,,,,,,,,,
839824,,,,,,,,,,,,,,,,,,,,,
839895,43,43,0,43,0,43,0,43,0,43,0,43,0,43,0,43,0,43,0,43,0
839896,43,43,0,43,0,43,0,43,0,43,0,43,0,43,0,43,0,43,0,43,0
839902,43,43,0,43,0,43,0,43,0,43,0,43,0,43,0,43,0,43,0,43,0
840006,49.5,49.5,0,49.5,0,49.5,0,49.5,0,49.5,0,49.5,0,49.5,0,49.5,0,49.5,0,49.5,0
840092,,,,,,,,,,,,,,,,,,,,,
840093,,,,,,,,,,,,,,,,,,,,,
840094,,,,,,,,,,,,,,,,,,,,,
840095,,,,,,,,,,,,,,,,,,,,,
840097,,,,,,,,,,,,,,,,,,,,,
840100,16.5,16.5,0,15,0.1,15,0.1,15,0.1,12.9,0.279,12.9,0.279,,,18.2,-0.0934,18.2,-0.0934,18.2,-0.0934
840115,18.5,18.5,0,16.9,0.0947,16.9,0.0947,16.9,0.0947,15.5,0.194,15.9,0.164,15.9,0.164,20.4,-0.0931,20.4,-0.0931,20.4,-0.0931
840127,,,,,,,,,,,,,,,,,,,,,
840148,,,,,,,,,,,,,,,,,,,,,
840165,,,,,,,,,,,,,,,,,,,,,
840220,,,,,,,,,,,,,,,,,,,,,
840221,,,,,,,,,,,,,,,,,,,,,
840226,,,,,,,,,,,,,,,,,,,,,
840227,,,,,,,,,,,,,,,,,,,,,
840230,,,,,,,,,,,,,,,,,,,,,
840231,,,,,,,,,,,,,,,,,,,,,
840232,,,,,,,,,,,,,,,,,,,,,
840233,,,,,,,,,,,,,,,,,,,,,
840234,,,,,,,,,,,,,,,,,,,,,
840235,,,,,,,,,,,,,,,,,,,,,
840236,,,,,,,,,,,,,,,,,,,,,
840338,,,,,,,,,,,,,,,,,,,,,
840381,19,19,0,19,0,19,0,19,0,19,0,19,0,,,,,,,,
840402,79.9,79.9,0,79.9,0,79.9,0,79.9,0,93,-0.141,93,-0.141,93,-0.141,93,-0.141,93,-0.141,93,-0.141
840437,,,,,,,,,,,,,,,,,,,,,
840615,56,56,0,56,0,56,0,,,56,0,56,0,56,0,56,0,56,0,56,0
840620,56,56,0,56,0,56,0,56,0,56,0,,,56,0,56,0,56,0,56,0
840635,58.5,58.5,0,58.5,0,58.5,0,58.5,0,58.5,0,58.5,0,58.5,0,58.5,0,58.5,0,58.5,0
840640,66.5,66.5,0,66.5,0,66.5,0,66.5,0,66.5,0,,,66.5,0,66.5,0,66.5,0,66.5,0
840647,,,,,,,,,,,,,,,,,,,,,
840648,,,,,,,,,,,,,,,,,,,,,
840651,,,,,,,,,,,,,,,,,,,,,
840654,,,,,,,,,,,,,,,,,,,,,
840655,90,90,0,90,0,90,0,90,0,90,0,,,,,90,0,90,0,90,0
840659,,,,,,,,,,,,,,,,,,,,,
840675,,,,,,,,,,,,,,,,,,,,,
840682,,,,,,,,,,,,,,,,,,,,,
840689,,,,,,,,,,,,,,,,,,,,,
840834,16,16,0,16,0,16,0,16,0,16,0,16,0,16,0,,,,,,
840888,110,110,0,110,0,110,0,110,0,110,0,,,,,,,,,,
841123,4.5,4.5,0,5,-0.1,5,-0.1,5,-0.1,,,5,-0.1,,,5,-0.1,4.8,-0.0625,4.8,-0.0625
841164,,,,,,,,,,,,,,,,,,,,,
841252,,,,,,,,,,,,,,,,,,,,,
841267,,,,,,,,,,,,,,,,,,,,,
841289,,,,,,,,,,,,,,,,,,,,,
841314,,,,,,,,,,,,,,,,,,,,,
841318,,,,,,,,,,,,,,,,,,,,,
841319,,,,,,,,,,,,,,,,,,,,,
841320,,,,,,,,,,,,,,,,,,,,,
841321,102,102,0,102,0,,,102,0,102,0,102,0,102,0,102,0,102,0,102,0
841322,,,,,,,,,,,,,,,,,,,,,
841323,,,,,,,,,,,,,,,,,,,,,
841324,,,,,,,,,,,,,,,,,,,,,
841325,,,,,,,,,,,,,,,,,,,,,
841326,,,,,,,,,,,,,,,,,,,,,
841327,,,,,,,,,,,,,,,,,,,,,
841329,,,,,,,,,,,,,,,,,,,,,
841332,,,,,,,,,,,,,,,,,,,,,
841336,87,87,0,87,0,,,87,0,87,0,87,0,87,0,97,-0.103,97,-0.103,88,-0.0114
841338,,,,,,,,,,,,,,,,,,,,,
841346,,,,,,,,,,,,,,,,,,,,,
841347,,,,,,,,,,,,,,,,,,,,,
841350,,,,,,,,,,,,,,,,,,,,,
841354,,,,,,,,,,,,,,,,,,,,,
841355,,,,,,,,,,,,,,,,,,,,,
841357,,,,,,,,,,,,,,,,,,,,,
841412,,,,,,,,,,,,,,,,,,,,,
841414,,,,,,,,,,,,,,,,,,,,,
841447,,,,,,,,,,,,,,,,,,,,,
841449,,,,,,,,,,,,,,,,,,,,,
841450,33,33,0,33,0,33,0,33,0,33,0,33,0,33,0,33,0,33,0,33,0
841573,,,,,,,,,,,,,,,,,,,,,
841616,102,102,0,102,0,102,0,102,0,102,0,102,0,102,0,,,,,,
841658,33.5,33.5,0,33.5,0,33.5,0,33.5,0,33.5,0,33.5,0,,,36,-0.0694,36,-0.0694,36,-0.0694
841663,33.5,33.5,0,33.5,0,33.5,0,33.5,0,33.5,0,33.5,0,33.5,0,31.9,0.0502,36,-0.0694,36,-0.0694
841683,39,39,0,39,0,39,0,39,0,39,0,,,,,39,0,39,0,39,0
841704,,,,,,,,,,,,,,,,,,,,,
841732,53,53,0,53,0,53,0,53,0,53,0,53,0,53,0,53,0,53,0,53,0
841842,67.9,67.9,0,74.9,-0.0935,74.9,-0.0935,74.9,-0.0935,74.9,-0.0935,74.9,-0.0935,,,81.5,-0.167,81.5,-0.167,81.5,-0.167
841915,41,41,0,41,0,41,0,41,0,30,0.367,30,0.367,30,0.367,36,0.139,41,0,41,0
841949,9.9,9.9,0,9.9,0,9.9,0,9.9,0,9.9,0,9.9,0,9.9,0,9.9,0,9.9,0,12.9,-0.233
842111,29.5,29.5,0,29.5,0,29.5,0,29.5,0,29.5,0,29.5,0,29.5,0,29.5,0,29.5,0,,
842116,,,,,,,,,,,,,,,,,,,,,
842128,15,15,0,15,0,15,0,15,0,15,0,15,0,15,0,15,0,15,0,15,0
842139,27,27,0,27,0,27,0,27,0,27,0,27,0,27,0,27,0,20,0.35,20,0.35
842145,21,21,0,21,0,21,0,21,0,21,0,21,0,21,0,21,0,,,,
842147,18,18,0,18,0,18,0,18,0,18,0,18,0,18,0,,,,,,
842225,48.5,48.5,0,48.5,0,,,43.5,0.115,43.5,0.115,,,48.5,0,42.9,0.131,43.9,0.105,48.5,0
842227,,,,,,,,,,,,,,,,,,,,,
842228,39,39,0,39,0,39,0,39,0,39,0,39,0,39,0,39,0,39,0,39,0
842229,5.5,5.5,0,5.5,0,5.5,0,5.5,0,5.5,0,5,0.1,4.8,0.146,7,-0.214,7,-0.214,8.6,-0.36
842300,,,,,,,,,,,,,,,,,,,,,
842486,,,,,,,,,,,,,,,,,,,,,
842499,80,80,0,80,0,80,0,65,0.231,65,0.231,65,0.231,65,0.231,,,,,,
842527,55,55,0,55,0,55,0,55,0,55,0,50,0.1,50,0.1,50,0.1,55,0,55,0
843169,,,,,,,,,,,,,,,,,,,,,
843240,,,,,,,,,,,,,,,,,,,,,
843246,,,,,,,,,,,,,,,,,,,,,
843309,,,,,,,,,,,,,,,,,,,,,
843315,,,,,,,,,,,,,,,,,,,,,
843457,31,31,0,31,0,31,0,31,0,31,0,31,0,31,0,,,,,,
843469,,,,,,,,,,,,,,,,,,,,,
843491,50,50,0,50,0,50,0,50,0,50,0,50,0,50,0,,,,,,
843514,,,,,,,,,,,,,,,,,,,,,
843633,,,,,,,,,,,,,,,,,,,,,
843635,6,6,0,6,0,6,0,6,0,6,0,6,0,6,0,,,,,,
843636,6,6,0,6,0,6,0,6,0,6,0,6,0,6,0,,,,,,
843814,,,,,,,,,,,,,,,,,,,,,
843892,,,,,,,,,,,,,,,,,,,,,
843899,,,,,,,,,,,,,,,,,,,,,
843902,,,,,,,,,,,,,,,,,,,,,
843912,,,,,,,,,,,,,,,,,,,,,
843931,,,,,,,,,,,,,,,,,,,,,
843948,,,,,,,,,,,,,,,,,,,,,
843949,,,,,,,,,,,,,,,,,,,,,
843991,,,,,,,,,,,,,,,,,,,,,
843992,,,,,,,,,,,,,,,,,,,,,
843993,,,,,,,,,,,,,,,,,,,,,
844316,165,165,0,165,0,165,0,,,,,,,,,193,-0.145,240,-0.312,,
844588,75,75,0,75,0,75,0,,,,,,,,,62.5,0.2,62.5,0.2,62.5,0.2
844612,,,,,,,,,,,,,,,,,,,,,
844619,,,,,,,,,,,,,,,,,,,,,
844623,,,,,,,,,,,,,,,,,,,,,
844635,213,213,0,213,0,213,0,213,0,213,0,213,0,213,0,213,0,,,,
844638,,,,,,,,,,,,,,,,,,,,,
844712,26,26,0,26,0,26,0,26,0,26,0,26,0,26,0,,,,,,
844813,41.4,41.4,0,41.4,0,41.4,0,41.4,0,41.4,0,41.4,0,41.4,0,41.4,0,41.4,0,41.4,0
844814,,,,,,,,,,,,,,,,,,,,,
844986,,,,,,,,,,,,,,,,,,,,,
845132,,,,,,,,,,,,,,,,,,,,,
845216,,,,,,,,,,,,,,,,,,,,,
845234,69.9,69.9,0,69.9,0,69.9,0,69.9,0,69.9,0,49,0.427,49,0.427,49,0.427,49,0.427,47.9,0.459
845257,86,86,0,86,0,86,0,86,0,86,0,86,0,86,0,86,0,86,0,103,-0.165
845286,56,56,0,56,0,56,0,56,0,56,0,56,0,56,0,56,0,56,0,67,-0.164
845295,103,103,0,103,0,103,0,103,0,103,0,103,0,,,103,0,103,0,103,0
845297,,,,,,,,,,,,,,,,,,,,,
845298,,,,,,,,,,,,,,,,,,,,,
845299,,,,,,,,,,,,,,,,,,,,,
845300,,,,,,,,,,,,,,,,,,,,,
845304,,,,,,,,,,,,,,,,,,,,,
845319,,,,,,,,,,,,,,,,,,,,,
845487,27.5,27.5,0,27.5,0,27.5,0,27.5,0,27.5,0,27.5,0,27.5,0,27.5,0,31,-0.113,31,-0.113
845557,97.5,97.5,0,97.5,0,97.5,0,97.5,0,97.5,0,97.5,0,99,-0.0152,90,0.0833,86,0.134,96,0.0156
845558,102,102,0,102,0,102,0,102,0,102,0,102,0,99,0.0303,93.8,0.0874,91,0.121,108,-0.0512
845945,,,,,,,,,,,,,,,,,,,,,
845949,,,,,,,,,,,,,,,,,,,,,
846124,,,,,,,,,,,,,,,,,,,,,
846125,,,,,,,,,,,,,,,,,,,,,
846127,,,,,,,,,,,,,,,,,,,,,
846166,,,,,,,,,,,,,,,,,,,,,
846186,42.9,42.9,0,42.9,0,42.9,0,42.9,0,42.9,0,42.9,0,,,,,,,,
846190,,,,,,,,,,,,,,,,,,,,,
846200,,,,,,,,,,,,,,,,,,,,,
846205,,,,,,,,,,,,,,,,,,,,,
846206,,,,,,,,,,,,,,,,,,,,,
846223,,,,,,,,,,,,,,,,,,,,,
846224,,,,,,,,,,,,,,,,,,,,,
846225,,,,,,,,,,,,,,,,,,,,,
846231,,,,,,,,,,,,,,,,,,,,,
846232,,,,,,,,,,,,,,,,,,,,,
846234,,,,,,,,,,,,,,,,,,,,,
846235,,,,,,,,,,,,,,,,,,,,,
846236,,,,,,,,,,,,,,,,,,,,,
846238,,,,,,,,,,,,,,,,,,,,,
846239,,,,,,,,,,,,,,,,,,,,,
846240,,,,,,,,,,,,,,,,,,,,,
846243,,,,,,,,,,,,,,,,,,,,,
846244,,,,,,,,,,,,,,,,,,,,,
846245,,,,,,,,,,,,,,,,,,,,,
846246,,,,,,,,,,,,,,,,,,,,,
846249,,,,,,,,,,,,,,,,,,,,,
846250,,,,,,,,,,,,,,,,,,,,,
846251,,,,,,,,,,,,,,,,,,,,,
846252,,,,,,,,,,,,,,,,,,,,,
846255,,,,,,,,,,,,,,,,,,,,,
846258,,,,,,,,,,,,,,,,,,,,,
846260,,,,,,,,,,,,,,,,,,,,,
846264,,,,,,,,,,,,,,,,,,,,,
846267,,,,,,,,,,,,,,,,,,,,,
846269,,,,,,,,,,,,,,,,,,,,,
846270,,,,,,,,,,,,,,,,,,,,,
846276,,,,,,,,,,,,,,,,,,,,,
846278,,,,,,,,,,,,,,,,,,,,,
846286,,,,,,,,,,,,,,,,,,,,,
846295,,,,,,,,,,,,,,,,,,,,,
846328,,,,,,,,,,,,,,,,,,,,,
846348,47,47,0,47,0,47,0,47,0,47,0,47,0,47,0,,,,,,
846365,,,,,,,,,,,,,,,,,,,,,
846370,,,,,,,,,,,,,,,,,,,,,
846395,,,,,,,,,,,,,,,,,,,,,
846397,,,,,,,,,,,,,,,,,,,,,
846399,,,,,,,,,,,,,,,,,,,,,
846401,,,,,,,,,,,,,,,,,,,,,
846403,,,,,,,,,,,,,,,,,,,,,
846407,,,,,,,,,,,,,,,,,,,,,
846411,,,,,,,,,,,,,,,,,,,,,
846412,,,,,,,,,,,,,,,,,,,,,
846413,,,,,,,,,,,,,,,,,,,,,
846414,,,,,,,,,,,,,,,,,,,,,
846416,,,,,,,,,,,,,,,,,,,,,
846422,,,,,,,,,,,,,,,,,,,,,
846423,,,,,,,,,,,,,,,,,,,,,
846424,,,,,,,,,,,,,,,,,,,,,
846425,35,35,0,35,0,35,0,35,0,35,0,35,0,35,0,35,0,35,0,35,0
846426,,,,,,,,,,,,,,,,,,,,,
846428,,,,,,,,,,,,,,,,,,,,,
846429,25,25,0,25,0,25,0,25,0,25,0,25,0,25,0,24.9,0.00402,24.9,0.00402,24.9,0.00402
846432,,,,,,,,,,,,,,,,,,,,,
846455,,,,,,,,,,,,,,,,,,,,,
846460,79,79,0,79,0,79,0,79,0,79,0,79,0,,,72.5,0.0897,72.5,0.0897,72.5,0.0897
846475,99.9,99.9,0,99.9,0,99.9,0,99.9,0,99.9,0,99.9,0,99.9,0,124,-0.194,124,-0.194,124,-0.194
846480,58,58,0,58,0,58,0,58,0,58,0,58,0,58,0,73.5,-0.211,73.5,-0.211,73.5,-0.211
846495,42.9,42.9,0,42.9,0,42.9,0,42.9,0,42.9,0,42.9,0,42.9,0,46.5,-0.0774,46.5,-0.0774,46.5,-0.0774
846520,,,,,,,,,,,,,,,,,,,,,
846533,,,,,,,,,,,,,,,,,,,,,
846534,,,,,,,,,,,,,,,,,,,,,
846553,,,,,,,,,,,,,,,,,,,,,
846572,,,,,,,,,,,,,,,,,,,,,
846575,,,,,,,,,,,,,,,,,,,,,
846577,,,,,,,,,,,,,,,,,,,,,
846590,,,,,,,,,,,,,,,,,,,,,
846592,,,,,,,,,,,,,,,,,,,,,
846593,,,,,,,,,,,,,,,,,,,,,
846594,,,,,,,,,,,,,,,,,,,,,
846620,12,12,0,12,0,12,0,12,0,12,0,12,0,,,,,,,,
846623,27,27,0,27,0,27,0,27,0,,,,,,,,,,,,
846627,,,,,,,,,,,,,,,,,,,,,
846631,,,,,,,,,,,,,,,,,,,,,
846634,,,,,,,,,,,,,,,,,,,,,
846639,,,,,,,,,,,,,,,,,,,,,
846642,25,25,0,37,-0.324,37,-0.324,37,-0.324,37,-0.324,37,-0.324,,,,,,,,
846643,43,43,0,43,0,43,0,43,0,43,0,43,0,43,0,43,0,43,0,43,0
846644,20.9,20.9,0,20.9,0,20.9,0,20.9,0,20.9,0,20.9,0,,,,,,,,
846645,,,,,,,,,,,,,,,,,,,,,
846646,,,,,,,,,,,,,,,,,,,,,
846649,20,20,0,20,0,20,0,20,0,20,0,20,0,,,,,,,,
846650,,,,,,,,,,,,,,,,,,,,,
846651,28,28,0,28,0,28,0,28,0,28,0,28,0,,,,,,,,
846672,,,,,,,,,,,,,,,,,,,,,
846685,,,,,,,,,,,,,,,,,,,,,
846687,,,,,,,,,,,,,,,,,,,,,
846689,42,42,0,42,0,42,0,42,0,42,0,42,0,42,0,42,0,42,0,21,1
846690,90,90,0,90,0,90,0,90,0,90,0,90,0,90,0,,,,,,
846691,,,,,,,,,,,,,,,,,,,,,
846696,,,,,,,,,,,,,,,,,,,,,
846698,,,,,,,,,,,,,,,,,,,,,
846700,,,,,,,,,,,,,,,,,,,,,
846701,,,,,,,,,,,,,,,,,,,,,
846705,,,,,,,,,,,,,,,,,,,,,
846706,,,,,,,,,,,,,,,,,,,,,
846780,,,,,,,,,,,,,,,,,,,,,
846785,37,37,0,37,0,37,0,37,0,37,0,37,0,37,0,37,0,37,0,37,0
846787,,,,,,,,,,,,,,,,,,,,,
846791,,,,,,,,,,,,,,,,,,,,,
846792,,,,,,,,,,,,,,,,,,,,,
846794,,,,,,,,,,,,,,,,,,,,,
846796,,,,,,,,,,,,,,,,,,,,,
846797,,,,,,,,,,,,,,,,,,,,,
846802,,,,,,,,,,,,,,,,,,,,,
846804,28,28,0,28,0,28,0,28,0,28,0,28,0,28,0,28,0,28,0,28,0
846808,,,,,,,,,,,,,,,,,,,,,
846811,16,16,0,16,0,16,0,16,0,16,0,16,0,16,0,16,0,16,0,16,0
846817,,,,,,,,,,,,,,,,,,,,,
846853,29.9,29.9,0,29.9,0,29.9,0,29.9,0,29.9,0,29.9,0,29.9,0,29.9,0,29.9,0,29.9,0
846856,,,,,,,,,,,,,,,,,,,,,
846857,13,13,0,13,0,13,0,13,0,13,0,13,0,,,,,,,,
846858,34,34,0,34,0,34,0,34,0,34,0,34,0,34,0,34,0,34,0,34,0
846860,,,,,,,,,,,,,,,,,,,,,
846870,19,19,0,19,0,19,0,19,0,19,0,19,0,,,,,,,,
846874,,,,,,,,,,,,,,,,,,,,,
846891,26.5,26.5,0,26.5,0,26.5,0,26.5,0,26.5,0,26.5,0,,,40,-0.338,40,-0.338,29.9,-0.114
846915,,,,,,,,,,,,,,,,,,,,,
846919,,,,,,,,,,,,,,,,,,,,,
846922,,,,,,,,,,,,,,,,,,,,,
846927,,,,,,,,,,,,,,,,,,,,,
846928,,,,,,,,,,,,,,,,,,,,,
846929,,,,,,,,,,,,,,,,,,,,,
846932,,,,,,,,,,,,,,,,,,,,,
846933,,,,,,,,,,,,,,,,,,,,,
846934,,,,,,,,,,,,,,,,,,,,,
846936,,,,,,,,,,,,,,,,,,,,,
846943,,,,,,,,,,,,,,,,,,,,,
846945,,,,,,,,,,,,,,,,,,,,,
846946,,,,,,,,,,,,,,,,,,,,,
846947,,,,,,,,,,,,,,,,,,,,,
846949,,,,,,,,,,,,,,,,,,,,,
846951,,,,,,,,,,,,,,,,,,,,,
846952,,,,,,,,,,,,,,,,,,,,,
846954,,,,,,,,,,,,,,,,,,,,,
846958,,,,,,,,,,,,,,,,,,,,,
846963,,,,,,,,,,,,,,,,,,,,,
846965,,,,,,,,,,,,,,,,,,,,,
846966,,,,,,,,,,,,,,,,,,,,,
846967,,,,,,,,,,,,,,,,,,,,,
846969,,,,,,,,,,,,,,,,,,,,,
846971,,,,,,,,,,,,,,,,,,,,,
846973,,,,,,,,,,,,,,,,,,,,,
846974,,,,,,,,,,,,,,,,,,,,,
846976,,,,,,,,,,,,,,,,,,,,,
846981,,,,,,,,,,,,,,,,,,,,,
846983,,,,,,,,,,,,,,,,,,,,,
846984,,,,,,,,,,,,,,,,,,,,,
846985,,,,,,,,,,,,,,,,,,,,,
847052,24,24,0,24,0,24,0,24,0,24,0,24,0,24,0,24,0,24,0,24,0
847057,19.5,19.5,0,19.5,0,19.5,0,19.5,0,19.5,0,19.5,0,19.5,0,19.5,0,19.5,0,19.5,0
847058,24.5,24.5,0,24.5,0,24.5,0,24.5,0,24.5,0,24.5,0,24.5,0,24.5,0,24.5,0,24.5,0
847059,,,,,,,,,,,,,,,,,,,,,
847061,,,,,,,,,,,,,,,,,,,,,
847092,26,26,0,26,0,26,0,26,0,26,0,26,0,26,0,26,0,26,0,26,0
847101,26,26,0,26,0,26,0,26,0,26,0,26,0,26,0,26,0,26,0,26,0
847334,11.5,11.5,0,11.5,0,11.5,0,11.5,0,11.5,0,11.5,0,11.5,0,11.5,0,11.5,0,11.5,0
847369,56,56,0,56,0,56,0,56,0,56,0,56,0,56,0,56,0,56,0,56,0
847397,31.9,,,,,,,,,,,31.9,0,31.9,0,31.9,0,31.9,0,31.9,0
847399,,,,,,,,,,,,,,,,,,,,,
847488,,,,,,,,,,,,,,,,,,,,,
847519,8,8,0,8,0,8,0,8,0,8,0,8,0,8,0,8,0,8,0,8,0
847604,,,,,,,,,,,,,,,,,,,,,
847607,13,13,0,13,0,13,0,13,0,13,0,13,0,13,0,13,0,10.5,0.238,10.5,0.238
847610,25.5,25.5,0,25.5,0,,,,,25.5,0,25.5,0,,,25.5,0,,,23,0.109
847615,,,,,,,,,,,,,,,,,,,,,
847850,25,25,0,25,0,25,0,25,0,25,0,25,0,25,0,25,0,25,0,25,0
847857,,,,,,,,,,,,,,,,,,,,,
847865,,,,,,,,,,,,,,,,,,,,,
847910,401,401,0,401,0,401,0,401,0,401,0,401,0,401,0,,,,,,
847934,55,55,0,55,0,55,0,55,0,55,0,55,0,55,0,55,0,55,0,55,0
847969,,,,,,,,,,,,,,,,,,,,,
848001,16,16,0,16,0,16,0,16,0,16,0,16,0,16,0,16,0,16,0,16,0
848018,,,,,,,,,,,,,,,,,,,,,
848209,59,59,0,59,0,59,0,59,0,59,0,59,0,59,0,59,0,59,0,59,0
848210,,,,,,,,,,,,,,,,,,,,,
848237,188,188,0,188,0,188,0,188,0,188,0,188,0,188,0,188,0,188,0,,
848531,93,93,0,93,0,93,0,93,0,93,0,87,0.069,87,0.069,87,0.069,87,0.069,86,0.0814
848661,,,,,,,,,,,,,,,,,,,,,
848708,13.9,13.9,0,13.9,0,13.9,0,13.9,0,10.9,0.275,10.9,0.275,10.9,0.275,13.9,0,13.9,0,13.5,0.0296
848735,14,14,0,14,0,14,0,14,0,14,0,14,0,14,0,14,0,19,-0.263,19,-0.263
848737,18,18,0,18,0,18,0,18,0,18,0,18,0,18,0,18,0,18,0,18,0
848740,13,13,0,13,0,13,0,13,0,13,0,13,0,13,0,13,0,13,0,13,0
848741,17,17,0,17,0,17,0,17,0,15,0.133,15,0.133,15,0.133,15,0.133,20,-0.15,20,-0.15
848742,18.9,18.9,0,18.9,0,18.9,0,18.9,0,18.9,0,18.9,0,18.9,0,18.9,0,18.9,0,18.9,0
848744,,,,,,,,,,,,,,,,,,,,,
848745,25,25,0,25,0,25,0,25,0,25,0,25,0,25,0,25,0,25,0,25,0
848746,19,19,0,19,0,19,0,19,0,19,0,19,0,19,0,19,0,19,0,19,0
848747,,,,,,,,,,,,,,,,,,,,,
848749,14,14,0,14,0,14,0,14,0,14,0,14,0,14,0,14,0,18,-0.222,18,-0.222
848752,,,,,,,,,,,,,,,,,,,,,
848754,12,12,0,12,0,12,0,12,0,12,0,12,0,12,0,12,0,12,0,12,0
848755,12,12,0,12,0,12,0,12,0,12,0,12,0,12,0,12,0,19,-0.368,19,-0.368
848756,10,10,0,10,0,10,0,10,0,10,0,10,0,10,0,10,0,10,0,10,0
848757,13,13,0,13,0,13,0,13,0,13,0,13,0,13,0,13,0,13,0,13,0
848758,20,20,0,20,0,20,0,20,0,20,0,20,0,20,0,20,0,20,0,20,0
848761,12,12,0,12,0,12,0,12,0,12,0,12,0,12,0,12,0,12,0,12,0
848762,14,14,0,14,0,14,0,14,0,14,0,14,0,14,0,14,0,14,0,14,0
848764,18,18,0,18,0,18,0,18,0,18,0,18,0,18,0,18,0,26,-0.308,26,-0.308
848765,15,15,0,15,0,15,0,15,0,15,0,15,0,15,0,15,0,15,0,15,0
848766,22,22,0,22,0,22,0,22,0,22,0,22,0,22,0,22,0,22,0,22,0
848769,18.5,18.5,0,18.5,0,18.5,0,18.5,0,18.5,0,18.5,0,18.5,0,18.5,0,18.5,0,18.5,0
848770,21.8,21.8,0,21.8,0,21.8,0,21.8,0,21.8,0,21.8,0,21.8,0,21.8,0,21.8,0,21.8,0
848771,,,,,,,,,,,,,,,,,,,,,
848772,19,19,0,19,0,19,0,19,0,19,0,19,0,19,0,19,0,19,0,19,0
848774,22,22,0,22,0,22,0,22,0,22,0,22,0,22,0,22,0,22,0,22,0
848775,20,20,0,20,0,20,0,20,0,20,0,20,0,20,0,20,0,20,0,20,0
848826,55,55,0,55,0,55,0,55,0,55,0,55,0,55,0,55,0,55,0,55,0
848944,31.9,31.9,0,31.9,0,31.9,0,31.9,0,31.9,0,31.9,0,31.9,0,33.9,-0.059,33.9,-0.059,33.9,-0.059
849171,,,,,,,,,,,,,,,,,,,,,
849184,,,,,,,,,,,,,,,,,,,,,
849251,,,,,,,,,,,,,,,,,,,,,
849266,,,,,,,,,,,,,,,,,,,,,
849268,,,,,,,,,,,,,,,,,,,,,
849271,,,,,,,,,,,,,,,,,,,,,
849390,21,21,0,21,0,21,0,21,0,21,0,17.2,0.221,17.2,0.221,17.2,0.221,21.2,-0.00943,21.2,-0.00943
849414,21,21,0,21,0,21,0,21,0,21,0,17.2,0.221,17.2,0.221,17.2,0.221,21.2,-0.00943,22.1,-0.0498
849846,74.9,74.9,0,74.9,0,74.9,0,74.9,0,74.9,0,,,,,81.5,-0.081,81.5,-0.081,81.5,-0.081
849897,74.9,74.9,0,74.9,0,74.9,0,74.9,0,74.9,0,74.9,0,,,81.5,-0.081,81.5,-0.081,81.5,-0.081
849952,,,,,,,,,,,,,,,,,,,,,
849953,,,,,,,,,,,,,,,,,,,,,
849956,,,,,,,,,,,,,,,,,,,,,
849957,,,,,,,,,,,,,,,,,,,,,
849969,42,42,0,42,0,42,0,42,0,42,0,,,,,,,,,,
850048,108,108,0,108,0,,,102,0.0539,102,0.0539,102,0.0539,109,-0.0138,109,-0.0138,128,-0.159,149,-0.279
850197,24,24,0,24,0,24,0,24,0,24,0,24,0,24,0,24,0,24,0,24,0
850246,,,,,,,,,,,,,,,,,,,,,
850475,34.9,34.9,0,34.9,0,34.9,0,34.9,0,34.9,0,34.9,0,,,,,,,,
850630,,,,,,,,,,,,,,,,,,,,,
850638,20.9,20.9,0,20.9,0,20.9,0,20.9,0,20.9,0,20.9,0,,,,,,,,
850667,25,25,0,25,0,25,0,25,0,25,0,25,0,25,0,,,,,,
850672,60,60,0,60,0,60,0,60,0,60,0,60,0,60,0,,,,,,
850779,,,,,,,,,,,,,,,,,,,,,
850839,,,,,,,,,,,,,,,,,,,,,
850842,,,,,,,,,,,,,,,,,,,,,
850843,,,,,,,,,,,,,,,,,,,,,
850882,16,16,0,16,0,16,0,16,0,16,0,16,0,,,,,,,,
850883,47,47,0,47,0,47,0,47,0,47,0,47,0,,,,,,,,
850915,,,,,,,,,,,,,,,,,,,,,
850990,,,,,,,,,,,,,,,,,,,,,
850991,,,,,,,,,,,,,,,,,,,,,
850992,22,22,0,22,0,22,0,22,0,22,0,22,0,,,22,0,22,0,24.9,-0.116
850997,13,13,0,13,0,13,0,13,0,,,,,,,13,0,13,0,16.9,-0.231
850998,15,15,0,15,0,15,0,15,0,15,0,15,0,15,0,15,0,15,0,24.9,-0.398
851000,,,,,,,,,,,,,,,,,,,,,
851003,,,,,,,,,,,,,,,,,,,,,
851004,,,,,,,,,,,,,,,,,,,,,
851006,16.9,16.9,0,16.9,0,16.9,0,16.9,0,16.9,0,16.9,0,,,16.9,0,16.9,0,16.9,0
851007,,,,,,,,,,,,,,,,,,,,,
851009,,,,,,,,,,,,,,,,,,,,,
851022,,,,,,,,,,,,,,,,,,,,,
851314,,,,,,,,,,,,,,,,,,,,,
851393,29,29,0,29,0,29,0,29,0,29,0,29,0,29,0,29,0,29,0,42,-0.31
851398,63,63,0,,,63,0,63,0,,,63,0,,,63,0,63,0,63,0
851463,,,,,,,,,,,,,,,,,,,,,
851496,,,,,,,,,,,,,,,,,,,,,
851500,,,,,,,,,,,,,,,,,,,,,
851502,,,,,,,,,,,,,,,,,,,,,
851504,,,,,,,,,,,,,,,,,,,,,
851505,21,21,0,21,0,21,0,21,0,21,0,21,0,21,0,21,0,,,22,-0.0455
851506,,,,,,,,,,,,,,,,,,,,,
851571,,,,,,,,,,,,,,,,,,,,,
851636,,,,,,,,,,,,,,,,,,,,,
851667,,,,,,,,,,,,,,,,,,,,,
851710,,,,,,,,,,,,,,,,,,,,,
851787,,,,,,,,,,,,,,,,,,,,,
851832,,,,,,,,,,,,,,,,,,,,,
851857,,,,,,,,,,,,,,,,,,,,,
851859,,,,,,,,,,,,,,,,,,,,,
851870,,,,,,,,,,,,,,,,,,,,,
851872,,,,,,,,,,,,,,,,,,,,,
851888,,,,,,,,,,,,,,,,,,,,,
851919,,,,,,,,,,,,,,,,,,,,,
851922,,,,,,,,,,,,,,,,,,,,,
851923,,,,,,,,,,,,,,,,,,,,,
851924,,,,,,,,,,,,,,,,,,,,,
851939,,,,,,,,,,,,,,,,,,,,,
851961,,,,,,,,,,,,,,,,,,,,,
851994,,,,,,,,,,,,,,,,,,,,,
852025,,,,,,,,,,,,,,,,,,,,,
852059,,,,,,,,,,,,,,,,,,,,,
852067,,,,,,,,,,,,,,,,,,,,,
852070,,,,,,,,,,,,,,,,,,,,,
852071,,,,,,,,,,,,,,,,,,,,,
852073,,,,,,,,,,,,,,,,,,,,,
852074,,,,,,,,,,,,,,,,,,,,,
852076,,,,,,,,,,,,,,,,,,,,,
852077,,,,,,,,,,,,,,,,,,,,,
852084,20.7,20.7,0,20.7,0,20.7,0,20.7,0,20.7,0,20.7,0,,,20.7,0,20.7,0,20.6,0.00485
852089,,,,,,,,,,,,,,,,,,,,,
852099,,,,,,,,,,,,,,,,,,,,,
852173,,,,,,,,,,,,,,,,,,,,,
852268,,,,,,,,,,,,,,,,,,,,,
852270,,,,,,,,,,,,,,,,,,,,,
852272,,,,,,,,,,,,,,,,,,,,,
852273,17,17,0,17,0,17,0,17,0,17,0,17,0,17,0,17,0,18.5,-0.0811,18.5,-0.0811
852306,,,,,,,,,,,,,,,,,,,,,
852364,,,,,,,,,,,,,,,,,,,,,
852388,,,,,,,,,,,,,,,,,,,,,
852411,140,140,0,140,0,140,0,140,0,140,0,,,,,,,,,,
852428,,,,,,,,,,,,,,,,,,,,,
852431,,,,,,,,,,,,,,,,,,,,,
852432,,,,,,,,,,,,,,,,,,,,,
852437,,,,,,,,,,,,,,,,,,,,,
852453,,,,,,,,,,,,,,,,,,,,,
852482,,,,,,,,,,,,,,,,,,,,,
852483,,,,,,,,,,,,,,,,,,,,,
852485,,,,,,,,,,,,,,,,,,,,,
852486,,,,,,,,,,,,,,,,,,,,,
852487,,,,,,,,,,,,,,,,,,,,,
852488,,,,,,,,,,,,,,,,,,,,,
852499,,,,,,,,,,,,,,,,,,,,,
852502,,,,,,,,,,,,,,,,,,,,,
852665,,,,,,,,,,,,,,,,,,,,,
852677,,,,,,,,,,,,,,,,,,,,,
852694,,,,,,,,,,,,,,,,,,,,,
852724,,,,,,,,,,,,,,,,,,,,,
852725,,,,,,,,,,,,,,,,,,,,,
852727,,,,,,,,,,,,,,,,,,,,,
852728,,,,,,,,,,,,,,,,,,,,,
852729,,,,,,,,,,,,,,,,,,,,,
852731,,,,,,,,,,,,,,,,,,,,,
852732,,,,,,,,,,,,,,,,,,,,,
852733,,,,,,,,,,,,,,,,,,,,,
852734,,,,,,,,,,,,,,,,,,,,,
852736,,,,,,,,,,,,,,,,,,,,,
852739,,,,,,,,,,,,,,,,,,,,,
852740,,,,,,,,,,,,,,,,,,,,,
852741,,,,,,,,,,,,,,,,,,,,,
852744,,,,,,,,,,,,,,,,,,,,,
852772,,,,,,,,,,,,,,,,,,,,,
852773,,,,,,,,,,,,,,,,,,,,,
852774,,,,,,,,,,,,,,,,,,,,,
852775,,,,,,,,,,,,,,,,,,,,,
852781,,,,,,,,,,,,,,,,,,,,,
852796,,,,,,,,,,,,,,,,,,,,,
852853,,,,,,,,,,,,,,,,,,,,,
852913,,,,,,,,,,,,,,,,,,,,,
852924,,,,,,,,,,,,,,,,,,,,,
852925,,,,,,,,,,,,,,,,,,,,,
852928,,,,,,,,,,,,,,,,,,,,,
852988,,,,,,,,,,,,,,,,,,,,,
852989,,,,,,,,,,,,,,,,,,,,,
852990,,,,,,,,,,,,,,,,,,,,,
852991,,,,,,,,,,,,,,,,,,,,,
853007,4,4,0,4,0,4,0,4,0,4,0,4,0,4,0,4,0,4,0,4,0
853010,238,238,0,238,0,238,0,238,0,238,0,238,0,238,0,,,,,,
853012,,,,,,,,,,,,,,,,,,,,,
853017,148,148,0,148,0,148,0,148,0,148,0,148,0,148,0,122,0.213,122,0.213,148,0
853022,258,258,0,258,0,258,0,258,0,258,0,258,0,258,0,,,,,,
853032,4,4,0,4,0,4,0,4,0,4,0,4,0,4,0,4,0,4,0,4,0
853038,268,268,0,268,0,268,0,268,0,268,0,268,0,268,0,268,0,268,0,268,0
853043,144,144,0,144,0,144,0,144,0,144,0,144,0,,,,,,,,
853052,,,,,,,,,,,,,,,,,,,,,
853054,282,282,0,282,0,282,0,282,0,282,0,282,0,282,0,282,0,282,0,282,0
853096,,,,,,,,,,,,,,,,,,,,,
853106,,,,,,,,,,,,,,,,,,,,,
853125,12,12,0,12,0,12,0,12,0,12,0,,,,,,,,,,
853214,,,,,,,,,,,,,,,,,,,,,
853282,26,26,0,26,0,26,0,26,0,22,0.182,22,0.182,22,0.182,22,0.182,22,0.182,20,0.3
853283,23,23,0,23,0,23,0,23,0,19,0.211,19,0.211,19,0.211,19,0.211,19,0.211,17,0.353
853284,,,,,,,,,,,,,,,,,,,,,
853286,,,,,,,,,,,,,,,,,,,,,
853287,,,,,,,,,,,,,,,,,,,,,
853288,22,22,0,22,0,22,0,22,0,22,0,22,0,22,0,22,0,22,0,20,0.1
853289,29,29,0,29,0,29,0,29,0,29,0,29,0,29,0,29,0,29,0,26,0.115
853309,7.2,7.2,0,7.2,0,7.2,0,7.2,0,7.2,0,7.2,0,7.2,0,7.5,-0.04,8,-0.1,8.9,-0.191
853314,7.2,7.2,0,7.2,0,7.2,0,7.2,0,7.2,0,7.2,0,7.2,0,5.9,0.22,8,-0.1,8.9,-0.191
853325,,,,,,,,,,,,,,,,,,,,,
853326,,,,,,,,,,,,,,,,,,,,,
853328,,,,,,,,,,,,,,,,,,,,,
853329,,,,,,,,,,,,,,,,,,,,,
853330,,,,,,,,,,,,,,,,,,,,,
853331,,,,,,,,,,,,,,,,,,,,,
853332,,,,,,,,,,,,,,,,,,,,,
853334,19.9,19.9,0,19.9,0,19.9,0,19.9,0,22.8,-0.127,22.8,-0.127,22.8,-0.127,28.5,-0.302,28.5,-0.302,28.5,-0.302
853338,,,,,,,,,,,,,,,,,,,,,
853392,19,19,0,19,0,19,0,19,0,19,0,19,0,19,0,19,0,19,0,19,0
853398,,,,,,,,,,,,,,,,,,,,,
853426,12,12,0,12,0,12,0,12,0,12,0,12,0,12,0,12,0,,,,
853436,12,12,0,12,0,12,0,12,0,12,0,12,0,12,0,12,0,,,,
853449,7,7,0,7,0,7,0,7,0,7,0,7,0,7,0,7,0,,,,
853475,19,19,0,19,0,19,0,19,0,19,0,19,0,19,0,19,0,,,,
853476,19,19,0,19,0,19,0,19,0,19,0,19,0,19,0,19,0,,,,
853776,299,299,0,299,0,299,0,299,0,299,0,299,0,299,0,,,,,,
853779,,,,,,,,,,,,,,,,,,,,,
853780,,,,,,,,,,,,,,,,,,,,,
853787,,,,,,,,,,,,,,,,,,,,,
853790,13.9,13.9,0,15,-0.0733,15,-0.0733,15.5,-0.103,15.5,-0.103,15.5,-0.103,15.5,-0.103,15.5,-0.103,14.9,-0.0671,16.7,-0.168
853894,28.5,28.5,0,28.5,0,28.5,0,28.5,0,,,,,28.5,0,28.5,0,29,-0.0172,29,-0.0172
853938,86.5,86.5,0,86.5,0,86.5,0,86.5,0,86.5,0,,,,,86.5,0,86.5,0,,
853943,90,90,0,90,0,90,0,90,0,90,0,90,0,90,0,90,0,90,0,90,0
853965,205,205,0,205,0,205,0,205,0,205,0,205,0,,,,,,,,
853969,205,205,0,205,0,205,0,205,0,205,0,205,0,,,,,,,,
853971,166,166,0,166,0,166,0,166,0,166,0,166,0,,,,,,,,
854000,115,115,0,115,0,115,0,115,0,115,0,110,0.0455,110,0.0455,122,-0.0582,110,0.0455,110,0.0455
854035,,,,,,,,,,,,,,,,,,,,,
854055,14.8,14.8,0,13.9,0.0647,13.9,0.0647,13.9,0.0647,12.9,0.147,12.9,0.147,12.9,0.147,16.1,-0.0807,16.1,-0.0807,16.1,-0.0807
854060,11.5,11.5,0,10.5,0.0952,10.5,0.0952,10.5,0.0952,,,12.5,-0.08,12.5,-0.08,12.3,-0.065,12.3,-0.065,12.3,-0.065
854075,11.5,11.5,0,11,0.0455,11,0.0455,11,0.0455,9,0.278,9,0.278,9,0.278,12.3,-0.065,12.3,-0.065,12.3,-0.065
854085,14,14,0,14,0,14,0,14,0,14,0,14,0,,,,,,,,
854086,23,23,0,23,0,23,0,23,0,23,0,23,0,,,,,,,,
854087,77,77,0,77,0,77,0,77,0,77,0,77,0,,,,,,,,
854089,18,18,0,18,0,18,0,18,0,,,,,,,,,,,,
854090,23,23,0,23,0,23,0,23,0,23,0,23,0,,,,,,,,
854104,14.8,14.8,0,13.9,0.0647,13.9,0.0647,13.9,0.0647,12.5,0.184,12.5,0.184,12.5,0.184,19.5,-0.241,16.8,-0.119,16.8,-0.119
854144,19.5,19.5,0,19.5,0,19.5,0,19.5,0,19.5,0,16.5,0.182,16.5,0.182,15,0.3,18.9,0.0317,21.4,-0.0888
854159,19.5,19.5,0,19.5,0,19.5,0,19.5,0,19.5,0,16.5,0.182,16.5,0.182,15,0.3,15.5,0.258,21.4,-0.0888
854179,38,38,0,,,,,36,0.0556,,,29.9,0.271,29.9,0.271,33.5,0.134,38.9,-0.0231,38.8,-0.0206
854241,299,299,0,299,0,299,0,299,0,299,0,299,0,299,0,,,,,,
854291,,,,,,,,,,,,,,,,,,,,,
854292,,,,,,,,,,,,,,,,,,,,,
854294,,,,,,,,,,,,,,,,,,,,,
854295,,,,,,,,,,,,,,,,,,,,,
854297,,,,,,,,,,,,,,,,,,,,,
854298,,,,,,,,,,,,,,,,,,,,,
854299,,,,,,,,,,,,,,,,,,,,,
854300,,,,,,,,,,,,,,,,,,,,,
854317,19.5,19.5,0,19.5,0,19.5,0,19.5,0,19.5,0,16.5,0.182,16.5,0.182,18,0.0833,18,0.0833,21.4,-0.0888
854337,23,23,0,23,0,23,0,23,0,23,0,20,0.15,20,0.15,18.5,0.243,21.9,0.0502,25.9,-0.112
854342,23,23,0,23,0,23,0,23,0,23,0,20,0.15,20,0.15,18.5,0.243,23.5,-0.0213,25.9,-0.112
854357,23,23,0,23,0,23,0,23,0,23,0,20,0.15,20,0.15,18.3,0.257,23.5,-0.0213,25.9,-0.112
854382,21,21,0,21,0,21,0,21,0,21,0,18.3,0.148,18.3,0.148,16.8,0.25,19.9,0.0553,23.5,-0.106
854397,21,21,0,21,0,21,0,21,0,21,0,18.3,0.148,18.3,0.148,,,19.9,0.0553,23.5,-0.106
854400,,,,,,,,,,,,,,,,,,,,,
854401,,,,,,,,,,,,,,,,,,,,,
854402,,,,,,,,,,,,,,,,,,,,,
854403,,,,,,,,,,,,,,,,,,,,,
854404,,,,,,,,,,,,,,,,,,,,,
854405,,,,,,,,,,,,,,,,,,,,,
854409,,,,,,,,,,,,,,,,,,,,,
854410,,,,,,,,,,,,,,,,,,,,,
854412,,,,,,,,,,,,,,,,,,,,,
854413,,,,,,,,,,,,,,,,,,,,,
854414,,,,,,,,,,,,,,,,,,,,,
854416,,,,,,,,,,,,,,,,,,,,,
854417,,,,,,,,,,,,,,,,,,,,,
854418,,,,,,,,,,,,,,,,,,,,,
854419,,,,,,,,,,,,,,,,,,,,,
854429,,,,,,,,,,,,,,,,,,,,,
854446,42,42,0,42,0,42,0,42,0,42,0,42,0,42,0,42,0,42,0,42,0
854462,78,78,0,78,0,78,0,78,0,78,0,,,,,,,,,,
854465,182,182,0,182,0,182,0,182,0,182,0,,,,,,,,,,
854468,140,140,0,140,0,140,0,140,0,140,0,,,,,,,,,,
854484,25,25,0,25,0,25,0,25,0,25,0,25,0,25,0,,,,,,
854487,25,25,0,25,0,25,0,25,0,25,0,25,0,25,0,,,,,,
854493,25,25,0,25,0,25,0,25,0,,,,,,,,,,,,
854548,166,166,0,,,,,,,,,166,0,,,,,,,,
854559,118,118,0,118,0,118,0,118,0,118,0,118,0,118,0,118,0,118,0,,
854560,,,,,,,,,,,,,,,,,,,,,
854608,,,,,,,,,,,,,,,,,,,,,
854610,,,,,,,,,,,,,,,,,,,,,
854614,,,,,,,,,,,,,,,,,,,,,
854674,,,,,,,,,,,,,,,,,,,,,
854680,,,,,,,,,,,,,,,,,,,,,
854683,,,,,,,,,,,,,,,,,,,,,
854686,,,,,,,,,,,,,,,,,,,,,
854696,,,,,,,,,,,,,,,,,,,,,
854697,,,,,,,,,,,,,,,,,,,,,
854698,,,,,,,,,,,,,,,,,,,,,
854701,,,,,,,,,,,,,,,,,,,,,
854702,,,,,,,,,,,,,,,,,,,,,
854703,,,,,,,,,,,,,,,,,,,,,
854715,86,86,0,86,0,86,0,86,0,86,0,86,0,,,,,,,,
854741,12,12,0,12,0,12,0,12,0,12,0,12,0,12,0,,,,,,
854748,,,,,,,,,,,,,,,,,,,,,
854753,22.3,22.3,0,22.3,0,22.3,0,22.3,0,22.3,0,22.3,0,22.3,0,22.3,0,22.3,0,22.3,0
854762,,,,,,,,,,,,,,,,,,,,,
854768,,,,,,,,,,,,,,,,,,,,,
854773,,,,,,,,,,,,,,,,,,,,,
854775,,,,,,,,,,,,,,,,,,,,,
854788,,,,,,,,,,,,,,,,,,,,,
854791,32,32,0,32,0,32,0,32,0,32,0,32,0,32,0,32,0,,,,
854816,,,,,,,,,,,,,,,,,,,,,
854825,,,,,,,,,,,,,,,,,,,,,
854826,,,,,,,,,,,,,,,,,,,,,
854842,43.5,43.5,0,43.5,0,43.5,0,43.5,0,43.5,0,43.5,0,43.5,0,43.5,0,43.5,0,43.5,0
854857,,,,,,,,,,,,,,,,,,,,,
854862,,,,,,,,,,,,,,,,,,,,,
854864,,,,,,,,,,,,,,,,,,,,,
854877,33.9,33.9,0,33.9,0,33.9,0,33.9,0,33.9,0,33.9,0,33.9,0,33.9,0,33.9,0,33.9,0
854898,,,,,,,,,,,,,,,,,,,,,
854904,,,,,,,,,,,,,,,,,,,,,
854905,,,,,,,,,,,,,,,,,,,,,
854906,246,246,0,246,0,246,0,246,0,246,0,246,0,246,0,,,,,,
854907,,,,,,,,,,,,,,,,,,,,,
854908,,,,,,,,,,,,,,,,,,,,,
854911,142,142,0,142,0,142,0,142,0,142,0,142,0,142,0,,,,,,
854928,,,,,,,,,,,,,,,,,,,,,
854952,71,71,0,71,0,71,0,71,0,71,0,71,0,71,0,71,0,71,0,71,0
854953,,,,,,,,,,,,,,,,,,,,,
855003,51,51,0,51,0,51,0,51,0,51,0,51,0,51,0,,,,,,
855004,,,,,,,,,,,,,,,,,,,,,
855005,,,,,,,,,,,,,,,,,,,,,
855011,,,,,,,,,,,,,,,,,,,,,
855018,52.5,52.5,0,52.5,0,52.5,0,52.5,0,52.5,0,52.5,0,52.5,0,,,,,,
855019,,,,,,,,,,,,,,,,,,,,,
855021,,,,,,,,,,,,,,,,,,,,,
855022,,,,,,,,,,,,,,,,,,,,,
855023,51,51,0,51,0,51,0,51,0,51,0,51,0,51,0,,,,,,
855032,,,,,,,,,,,,,,,,,,,,,
855051,,,,,,,,,,,,,,,,,,,,,
855052,,,,,,,,,,,,,,,,,,,,,
855053,,,,,,,,,,,,,,,,,,,,,
855098,160,160,0,160,0,160,0,160,0,160,0,160,0,160,0,,,,,,
855107,295,295,0,295,0,295,0,295,0,295,0,295,0,295,0,,,,,,
855112,16,16,0,16,0,16,0,16,0,16,0,16,0,16,0,16,0,14.5,0.103,13.5,0.185
855132,,,,,,,,,,,,,,,,,,,,,
855133,,,,,,,,,,,,,,,,,,,,,
855135,,,,,,,,,,,,,,,,,,,,,
855136,,,,,,,,,,,,,,,,,,,,,
855140,,,,,,,,,,,,,,,,,,,,,
855145,,,,,,,,,,,,,,,,,,,,,
855147,14.5,14.5,0,14.5,0,14.5,0,14.5,0,14.5,0,14.5,0,,,14.5,0,14.5,0,12.5,0.16
855150,,,,,,,,,,,,,,,,,,,,,
855151,,,,,,,,,,,,,,,,,,,,,
855156,,,,,,,,,,,,,,,,,,,,,
855163,,,,,,,,,,,,,,,,,,,,,
855165,,,,,,,,,,,,,,,,,,,,,
855166,,,,,,,,,,,,,,,,,,,,,
855168,,,,,,,,,,,,,,,,,,,,,
855169,,,,,,,,,,,,,,,,,,,,,
855170,,,,,,,,,,,,,,,,,,,,,
855179,,,,,,,,,,,,,,,,,,,,,
855184,,,,,,,,,,,,,,,,,,,,,
855186,14,14,0,14,0,14,0,14,0,14,0,14,0,14,0,,,,,,
855187,42,42,0,42,0,42,0,42,0,42,0,44.9,-0.0646,44.9,-0.0646,59.5,-0.294,59.5,-0.294,59.5,-0.294
855189,15,15,0,15,0,15,0,15,0,15,0,15,0,15,0,15,0,34,-0.559,34,-0.559
855190,,,,,,,,,,,,,,,,,,,,,
855194,,,,,,,,,,,,,,,,,,,,,
855196,,,,,,,,,,,,,,,,,,,,,
855201,58,58,0,55.5,0.045,55.5,0.045,55.5,0.045,45.5,0.275,47,0.234,47,0.234,51,0.137,51,0.137,51,0.137
855241,8,8,0,8,0,8,0,8,0,,,,,8,0,8,0,8,0,8,0
855261,8,8,0,8,0,8,0,8,0,8,0,8,0,8,0,8,0,8,0,8,0
855296,9.5,9.5,0,9.5,0,9.5,0,9.5,0,9.5,0,9.2,0.0326,9.2,0.0326,9.2,0.0326,12.5,-0.24,13,-0.269
855310,339,339,0,339,0,,,339,0,339,0,339,0,339,0,339,0,339,0,339,0
855361,131,131,0,131,0,131,0,131,0,131,0,131,0,,,,,,,,
855365,20.5,20.5,0,20.5,0,20.5,0,17.5,0.171,17.5,0.171,20.5,0,20.5,0,20.5,0,20.5,0,20.5,0
855370,26,26,0,26,0,26,0,26,0,26,0,26,0,26,0,26,0,,,26.5,-0.0189
855529,13,13,0,13,0,13,0,13,0,13,0,13,0,13,0,13,0,13,0,13,0
855535,,,,,,,,,,,,,,,,,,,,,
855584,,,,,,,,,,,,,,,,,,,,,
855592,,,,,,,,,,,,,,,,,,,,,
855593,,,,,,,,,,,,,,,,,,,,,
855599,,,,,,,,,,,,,,,,,,,,,
855614,,,,,,,,,,,,,,,,,,,,,
855627,140,140,0,166,-0.16,,,166,-0.16,166,-0.16,166,-0.16,140,0,259,-0.46,215,-0.349,259,-0.46
855628,,,,,,,,,,,,,,,,,,,,,
855629,,,,,,,,,,,,,,,,,,,,,
855630,,,,,,,,,,,,,,,,,,,,,
855635,,,,,,,,,,,,,,,,,,,,,
855641,,,,,,,,,,,,,,,,,,,,,
855642,56,56,0,56,0,56,0,56,0,56,0,56,0,56,0,,,,,,
855651,56,56,0,56,0,56,0,56,0,56,0,56,0,,,56,0,56,0,56,0
855655,,,,,,,,,,,,,,,,,,,,,
855657,,,,,,,,,,,,,,,,,,,,,
855658,10,10,0,10,0,10,0,10,0,10,0,10,0,10,0,,,,,,
855692,,,,,,,,,,,,,,,,,,,,,
855701,,,,,,,,,,,,,,,,,,,,,
855708,,,,,,,,,,,,,,,,,,,,,
855710,,,,,,,,,,,,,,,,,,,,,
855713,,,,,,,,,,,,,,,,,,,,,
855714,,,,,,,,,,,,,,,,,,,,,
855716,,,,,,,,,,,,,,,,,,,,,
855730,,,,,,,,,,,,,,,,,,,,,
855737,,,,,,,,,,,,,,,,,,,,,
855738,,,,,,,,,,,,,,,,,,,,,
855752,,,,,,,,,,,,,,,,,,,,,
855764,12.9,12.9,0,12.9,0,12.9,0,12.9,0,12.9,0,12.9,0,12.9,0,,,,,,
855769,,,,,,,,,,,,,,,,,,,,,
855771,,,,,,,,,,,,,,,,,,,,,
855772,,,,,,,,,,,,,,,,,,,,,
855774,,,,,,,,,,,,,,,,,,,,,
855775,,,,,,,,,,,,,,,,,,,,,
855776,,,,,,,,,,,,,,,,,,,,,
855777,19,19,0,19,0,19,0,19,0,,,,,,,19,0,19,0,24,-0.208
855778,,,,,,,,,,,,,,,,,,,,,
855779,,,,,,,,,,,,,,,,,,,,,
855780,,,,,,,,,,,,,,,,,,,,,
855782,,,,,,,,,,,,,,,,,,,,,
855783,21,21,0,21,0,21,0,21,0,,,,,,,21,0,21,0,26,-0.192
855784,,,,,,,,,,,,,,,,,,,,,
855785,,,,,,,,,,,,,,,,,,,,,
855788,249,249,0,249,0,249,0,249,0,249,0,249,0,,,,,,,,
855789,490,490,0,490,0,490,0,490,0,490,0,490,0,490,0,,,,,,
855790,155,155,0,155,0,155,0,155,0,155,0,155,0,155,0,,,,,,
855793,,,,,,,,,,,,,,,,,,,,,
855836,,,,,,,,,,,,,,,,,,,,,
855857,,,,,,,,,,,,,,,,,,,,,
855974,,,,,,,,,,,,,,,,,,,,,
856049,,,,,,,,,,,,,,,,,,,,,
856054,,,,,,,,,,,,,,,,,,,,,
856058,,,,,,,,,,,,,,,,,,,,,
856072,,,,,,,,,,,,,,,,,,,,,
856077,,,,,,,,,,,,,,,,,,,,,
856078,160,160,0,160,0,160,0,160,0,160,0,160,0,160,0,160,0,160,0,160,0
856084,,,,,,,,,,,,,,,,,,,,,
856098,,,,,,,,,,,,,,,,,,,,,
856109,104,104,0,104,0,104,0,104,0,104,0,104,0,,,,,,,,
856115,,,,,,,,,,,,,,,,,,,,,
856117,,,,,,,,,,,,,,,,,,,,,
856135,64.9,64.9,0,64.9,0,,,,,,,,,,,,,,,,
856147,,,,,,,,,,,,,,,,,,,,,
856158,,,,,,,,,,,,,,,,,,,,,
856159,29,29,0,29,0,29,0,29,0,29,0,29,0,,,,,,,,
856161,18,18,0,18,0,18,0,18,0,18,0,18,0,,,,,,,,
856170,,,,,,,,,,,,,,,,,,,,,
856190,,,,,,,,,,,,,,,,,,,,,
856191,,,,,,,,,,,,,,,,,,,,,
856194,13,13,0,13,0,13,0,13,0,13,0,13,0,13,0,,,,,,
856196,,,,,,,,,,,,,,,,,,,,,
856202,,,,,,,,,,,,,,,,,,,,,
856203,,,,,,,,,,,,,,,,,,,,,
856206,,,,,,,,,,,,,,,,,,,,,
856304,,,,,,,,,,,,,,,,,,,,,
856336,33,33,0,33,0,33,0,33,0,33,0,33,0,33,0,,,,,,
856337,31,31,0,31,0,31,0,21,0.476,21,0.476,31,0,31,0,,,,,,
856338,,,,,,,,,,,,,,,,,,,,,
856339,26,26,0,26,0,26,0,26,0,26,0,26,0,26,0,,,,,,
856340,28,28,0,28,0,28,0,28,0,28,0,,,,,,,,,,
856342,,,,,,,,,,,,,,,,,,,,,
856383,,,,,,,,,,,,,,,,,,,,,
856385,,,,,,,,,,,,,,,,,,,,,
856396,,,,,,,,,,,,,,,,,,,,,
856399,54,54,0,54,0,54,0,54,0,54,0,54,0,,,,,,,,
856400,,,,,,,,,,,,,,,,,,,,,
856401,,,,,,,,,,,,,,,,,,,,,
856403,,,,,,,,,,,,,,,,,,,,,
856405,65,65,0,65,0,65,0,65,0,65,0,65,0,65,0,,,,,,
856408,,,,,,,,,,,,,,,,,,,,,
856418,,,,,,,,,,,,,,,,,,,,,
856419,,,,,,,,,,,,,,,,,,,,,
856420,,,,,,,,,,,,,,,,,,,,,
856429,52,52,0,52,0,52,0,52,0,52,0,52,0,52,0,,,,,,
856463,,,,,,,,,,,,,,,,,,,,,
856491,26,26,0,26,0,26,0,26,0,26,0,26,0,,,,,,,,
856513,28,28,0,28,0,28,0,28,0,28,0,28,0,,,,,,,,
856518,42,42,0,42,0,42,0,42,0,,,35,0.2,35,0.2,44,-0.0455,44,-0.0455,51,-0.176
856519,42,42,0,42,0,42,0,42,0,35,0.2,35,0.2,35,0.2,44,-0.0455,44,-0.0455,51,-0.176
856520,42,42,0,42,0,42,0,42,0,35,0.2,35,0.2,35,0.2,44,-0.0455,44,-0.0455,51,-0.176
856521,42,42,0,42,0,42,0,42,0,35,0.2,35,0.2,35,0.2,44,-0.0455,44,-0.0455,51,-0.176
856522,26,26,0,26,0,26,0,26,0,20,0.3,20,0.3,20,0.3,25,0.04,25,0.04,30,-0.133
856524,26,26,0,26,0,26,0,26,0,20,0.3,20,0.3,20,0.3,25,0.04,25,0.04,30,-0.133
856526,,,,,,,,,,,,,,,,,,,,,
856527,57,57,0,57,0,57,0,57,0,,,,,,,53,0.0755,53,0.0755,62,-0.0806
856540,21,21,0,21,0,21,0,21,0,21,0,21,0,21,0,,,,,,
856563,25,25,0,25,0,25,0,25,0,25,0,,,,,,,,,,
856612,49,49,0,49,0,49,0,49,0,49,0,49,0,49,0,,,,,,
856620,45.5,45.5,0,45.5,0,45.5,0,45.5,0,45.5,0,45.5,0,45.5,0,45.5,0,45.5,0,45.5,0
856651,,,,,,,,,,,,,,,,,,,,,
856652,20,20,0,20,0,20,0,20,0,20,0,20,0,20,0,,,,,,
856653,80,80,0,80,0,80,0,80,0,80,0,80,0,80,0,,,,,,
856654,113,113,0,113,0,113,0,113,0,113,0,,,,,,,,,,
856656,126,126,0,126,0,126,0,126,0,126,0,126,0,126,0,,,,,,
856657,,,,,,,,,,,,,,,,,,,,,
856659,,,,,,,,,,,,,,,,,,,,,
856704,2.8,2.8,0,2.8,0,2.8,0,2.8,0,2.8,0,2.8,0,2.8,0,2.8,0,3.5,-0.2,3.5,-0.2
856727,355,355,0,355,0,355,0,355,0,355,0,355,0,355,0,355,0,355,0,,
856734,50,50,0,50,0,50,0,50,0,50,0,50,0,50,0,,,,,,
856735,70,70,0,70,0,70,0,70,0,70,0,70,0,70,0,,,,,,
856784,,,,,,,,,,,,,,,,,,,,,
856828,,,,,,,,,,,,,,,,,,,,,
856982,,,,,,,,,,,,,,,,,,,,,
857010,,,,,,,,,,,,,,,,,,,,,
857021,25,25,0,25,0,25,0,25,0,20,0.25,20,0.25,20,0.25,25,0,25,0,30,-0.167
857023,,,,,,,,,,,,,,,,,,,,,
857024,,,,,,,,,,,,,,,,,,,,,
857025,,,,,,,,,,,,,,,,,,,,,
857026,,,,,,,,,,,,,,,,,,,,,
857027,,,,,,,,,,,,,,,,,,,,,
857028,,,,,,,,,,,,,,,,,,,,,
857030,,,,,,,,,,,,,,,,,,,,,
857031,,,,,,,,,,,,,,,,,,,,,
857032,,,,,,,,,,,,,,,,,,,,,
857033,,,,,,,,,,,,,,,,,,,,,
857035,,,,,,,,,,,,,,,,,,,,,
857036,,,,,,,,,,,,,,,,,,,,,
857037,,,,,,,,,,,,,,,,,,,,,
857038,,,,,,,,,,,,,,,,,,,,,
857039,,,,,,,,,,,,,,,,,,,,,
857040,,,,,,,,,,,,,,,,,,,,,
857041,,,,,,,,,,,,,,,,,,,,,
857042,,,,,,,,,,,,,,,,,,,,,
857043,,,,,,,,,,,,,,,,,,,,,
857044,,,,,,,,,,,,,,,,,,,,,
857045,,,,,,,,,,,,,,,,,,,,,
857046,,,,,,,,,,,,,,,,,,,,,
857047,,,,,,,,,,,,,,,,,,,,,
857048,,,,,,,,,,,,,,,,,,,,,
857050,,,,,,,,,,,,,,,,,,,,,
857051,,,,,,,,,,,,,,,,,,,,,
857052,,,,,,,,,,,,,,,,,,,,,
857053,,,,,,,,,,,,,,,,,,,,,
857054,45.9,45.9,0,45.9,0,45.9,0,45.9,0,45.9,0,45.9,0,45.9,0,,,45.9,0,,
857055,,,,,,,,,,,,,,,,,,,,,
857056,,,,,,,,,,,,,,,,,,,,,
857057,,,,,,,,,,,,,,,,,,,,,
857058,,,,,,,,,,,,,,,,,,,,,
857059,,,,,,,,,,,,,,,,,,,,,
857060,,,,,,,,,,,,,,,,,,,,,
857061,,,,,,,,,,,,,,,,,,,,,
857062,,,,,,,,,,,,,,,,,,,,,
857063,,,,,,,,,,,,,,,,,,,,,
857064,,,,,,,,,,,,,,,,,,,,,
857065,,,,,,,,,,,,,,,,,,,,,
857066,72,72,0,72,0,72,0,72,0,72,0,72,0,,,72,0,72,0,,
857068,,,,,,,,,,,,,,,,,,,,,
857070,,,,,,,,,,,,,,,,,,,,,
857073,,,,,,,,,,,,,,,,,,,,,
857075,,,,,,,,,,,,,,,,,,,,,
857076,,,,,,,,,,,,,,,,,,,,,
857078,,,,,,,,,,,,,,,,,,,,,
857079,,,,,,,,,,,,,,,,,,,,,
857080,,,,,,,,,,,,,,,,,,,,,
857081,,,,,,,,,,,,,,,,,,,,,
857082,,,,,,,,,,,,,,,,,,,,,
857083,,,,,,,,,,,,,,,,,,,,,
857084,,,,,,,,,,,,,,,,,,,,,
857085,,,,,,,,,,,,,,,,,,,,,
857086,,,,,,,,,,,,,,,,,,,,,
857087,,,,,,,,,,,,,,,,,,,,,
857088,,,,,,,,,,,,,,,,,,,,,
857090,,,,,,,,,,,,,,,,,,,,,
857091,,,,,,,,,,,,,,,,,,,,,
857092,,,,,,,,,,,,,,,,,,,,,
857093,,,,,,,,,,,,,,,,,,,,,
857095,,,,,,,,,,,,,,,,,,,,,
857096,,,,,,,,,,,,,,,,,,,,,
857097,,,,,,,,,,,,,,,,,,,,,
857098,,,,,,,,,,,,,,,,,,,,,
857099,,,,,,,,,,,,,,,,,,,,,
857100,,,,,,,,,,,,,,,,,,,,,
857101,,,,,,,,,,,,,,,,,,,,,
857102,,,,,,,,,,,,,,,,,,,,,
857104,,,,,,,,,,,,,,,,,,,,,
857105,,,,,,,,,,,,,,,,,,,,,
857106,,,,,,,,,,,,,,,,,,,,,
857110,,,,,,,,,,,,,,,,,,,,,
857114,,,,,,,,,,,,,,,,,,,,,
857115,150,150,0,150,0,150,0,150,0,150,0,150,0,150,0,,,,,,
857116,,,,,,,,,,,,,,,,,,,,,
857117,225,225,0,225,0,225,0,225,0,225,0,225,0,225,0,225,0,225,0,225,0
857124,49,49,0,49,0,49,0,49,0,49,0,49,0,49,0,,,,,,
857129,11,11,0,11,0,11,0,11,0,11,0,11,0,11,0,,,,,,
857150,,,,,,,,,,,,,,,,,,,,,
857151,,,,,,,,,,,,,,,,,,,,,
857152,,,,,,,,,,,,,,,,,,,,,
857153,,,,,,,,,,,,,,,,,,,,,
857154,,,,,,,,,,,,,,,,,,,,,
857155,,,,,,,,,,,,,,,,,,,,,
857156,,,,,,,,,,,,,,,,,,,,,
857157,,,,,,,,,,,,,,,,,,,,,
857159,,,,,,,,,,,,,,,,,,,,,
857160,,,,,,,,,,,,,,,,,,,,,
857161,,,,,,,,,,,,,,,,,,,,,
857162,,,,,,,,,,,,,,,,,,,,,
857164,,,,,,,,,,,,,,,,,,,,,
857165,,,,,,,,,,,,,,,,,,,,,
857166,,,,,,,,,,,,,,,,,,,,,
857167,,,,,,,,,,,,,,,,,,,,,
857168,,,,,,,,,,,,,,,,,,,,,
857169,,,,,,,,,,,,,,,,,,,,,
857170,,,,,,,,,,,,,,,,,,,,,
857171,,,,,,,,,,,,,,,,,,,,,
857172,,,,,,,,,,,,,,,,,,,,,
857173,,,,,,,,,,,,,,,,,,,,,
857174,,,,,,,,,,,,,,,,,,,,,
857175,,,,,,,,,,,,,,,,,,,,,
857176,,,,,,,,,,,,,,,,,,,,,
857177,,,,,,,,,,,,,,,,,,,,,
857179,,,,,,,,,,,,,,,,,,,,,
857180,,,,,,,,,,,,,,,,,,,,,
857181,,,,,,,,,,,,,,,,,,,,,
857182,,,,,,,,,,,,,,,,,,,,,
857184,,,,,,,,,,,,,,,,,,,,,
857185,,,,,,,,,,,,,,,,,,,,,
857186,,,,,,,,,,,,,,,,,,,,,
857187,,,,,,,,,,,,,,,,,,,,,
857188,,,,,,,,,,,,,,,,,,,,,
857189,,,,,,,,,,,,,,,,,,,,,
857190,,,,,,,,,,,,,,,,,,,,,
857191,,,,,,,,,,,,,,,,,,,,,
857192,,,,,,,,,,,,,,,,,,,,,
857193,,,,,,,,,,,,,,,,,,,,,
857194,,,,,,,,,,,,,,,,,,,,,
857195,,,,,,,,,,,,,,,,,,,,,
857196,,,,,,,,,,,,,,,,,,,,,
857197,,,,,,,,,,,,,,,,,,,,,
857198,,,,,,,,,,,,,,,,,,,,,
857199,,,,,,,,,,,,,,,,,,,,,
857201,,,,,,,,,,,,,,,,,,,,,
857202,,,,,,,,,,,,,,,,,,,,,
857203,,,,,,,,,,,,,,,,,,,,,
857204,,,,,,,,,,,,,,,,,,,,,
857205,,,,,,,,,,,,,,,,,,,,,
857206,,,,,,,,,,,,,,,,,,,,,
857208,,,,,,,,,,,,,,,,,,,,,
857209,,,,,,,,,,,,,,,,,,,,,
857210,,,,,,,,,,,,,,,,,,,,,
857211,,,,,,,,,,,,,,,,,,,,,
857213,,,,,,,,,,,,,,,,,,,,,
857214,,,,,,,,,,,,,,,,,,,,,
857215,,,,,,,,,,,,,,,,,,,,,
857216,,,,,,,,,,,,,,,,,,,,,
857217,,,,,,,,,,,,,,,,,,,,,
857218,,,,,,,,,,,,,,,,,,,,,
857219,,,,,,,,,,,,,,,,,,,,,
857220,,,,,,,,,,,,,,,,,,,,,
857221,,,,,,,,,,,,,,,,,,,,,
857222,,,,,,,,,,,,,,,,,,,,,
857223,,,,,,,,,,,,,,,,,,,,,
857224,,,,,,,,,,,,,,,,,,,,,
857225,,,,,,,,,,,,,,,,,,,,,
857226,,,,,,,,,,,,,,,,,,,,,
857228,,,,,,,,,,,,,,,,,,,,,
857229,,,,,,,,,,,,,,,,,,,,,
857233,,,,,,,,,,,,,,,,,,,,,
857234,,,,,,,,,,,,,,,,,,,,,
857235,,,,,,,,,,,,,,,,,,,,,
857236,,,,,,,,,,,,,,,,,,,,,
857237,,,,,,,,,,,,,,,,,,,,,
857238,,,,,,,,,,,,,,,,,,,,,
857239,,,,,,,,,,,,,,,,,,,,,
857240,,,,,,,,,,,,,,,,,,,,,
857241,,,,,,,,,,,,,,,,,,,,,
857242,,,,,,,,,,,,,,,,,,,,,
857243,,,,,,,,,,,,,,,,,,,,,
857244,,,,,,,,,,,,,,,,,,,,,
857245,,,,,,,,,,,,,,,,,,,,,
857246,,,,,,,,,,,,,,,,,,,,,
857248,,,,,,,,,,,,,,,,,,,,,
857249,,,,,,,,,,,,,,,,,,,,,
857250,,,,,,,,,,,,,,,,,,,,,
857251,,,,,,,,,,,,,,,,,,,,,
857252,,,,,,,,,,,,,,,,,,,,,
857253,,,,,,,,,,,,,,,,,,,,,
857254,,,,,,,,,,,,,,,,,,,,,
857255,,,,,,,,,,,,,,,,,,,,,
857256,,,,,,,,,,,,,,,,,,,,,
857257,,,,,,,,,,,,,,,,,,,,,
857258,,,,,,,,,,,,,,,,,,,,,
857259,,,,,,,,,,,,,,,,,,,,,
857260,,,,,,,,,,,,,,,,,,,,,
857261,,,,,,,,,,,,,,,,,,,,,
857262,,,,,,,,,,,,,,,,,,,,,
857263,,,,,,,,,,,,,,,,,,,,,
857264,,,,,,,,,,,,,,,,,,,,,
857265,,,,,,,,,,,,,,,,,,,,,
857266,,,,,,,,,,,,,,,,,,,,,
857268,,,,,,,,,,,,,,,,,,,,,
857269,,,,,,,,,,,,,,,,,,,,,
857270,,,,,,,,,,,,,,,,,,,,,
857271,,,,,,,,,,,,,,,,,,,,,
857273,,,,,,,,,,,,,,,,,,,,,
857274,,,,,,,,,,,,,,,,,,,,,
857275,,,,,,,,,,,,,,,,,,,,,
857276,,,,,,,,,,,,,,,,,,,,,
857277,,,,,,,,,,,,,,,,,,,,,
857299,,,,,,,,,,,,,,,,,,,,,
857387,32,32,0,32,0,32,0,32,0,32,0,32,0,32,0,32,0,32,0,32,0
857396,,,,,,,,,,,,,,,,,,,,,
857436,,,,,,,,,,,,,,,,,,,,,
857437,,,,,,,,,,,,,,,,,,,,,
857438,,,,,,,,,,,,,,,,,,,,,
857440,,,,,,,,,,,,,,,,,,,,,
857441,,,,,,,,,,,,,,,,,,,,,
857442,,,,,,,,,,,,,,,,,,,,,
857443,,,,,,,,,,,,,,,,,,,,,
857444,,,,,,,,,,,,,,,,,,,,,
857446,,,,,,,,,,,,,,,,,,,,,
857447,,,,,,,,,,,,,,,,,,,,,
857448,,,,,,,,,,,,,,,,,,,,,
857452,,,,,,,,,,,,,,,,,,,,,
857453,,,,,,,,,,,,,,,,,,,,,
857455,,,,,,,,,,,,,,,,,,,,,
857456,,,,,,,,,,,,,,,,,,,,,
857457,,,,,,,,,,,,,,,,,,,,,
857465,,,,,,,,,,,,,,,,,,,,,
857467,,,,,,,,,,,,,,,,,,,,,
857471,,,,,,,,,,,,,,,,,,,,,
857472,,,,,,,,,,,,,,,,,,,,,
857475,,,,,,,,,,,,,,,,,,,,,
857476,,,,,,,,,,,,,,,,,,,,,
857477,,,,,,,,,,,,,,,,,,,,,
857478,,,,,,,,,,,,,,,,,,,,,
857479,,,,,,,,,,,,,,,,,,,,,
857480,,,,,,,,,,,,,,,,,,,,,
857484,,,,,,,,,,,,,,,,,,,,,
857486,,,,,,,,,,,,,,,,,,,,,
857487,,,,,,,,,,,,,,,,,,,,,
857488,,,,,,,,,,,,,,,,,,,,,
857489,,,,,,,,,,,,,,,,,,,,,
857493,,,,,,,,,,,,,,,,,,,,,
857494,,,,,,,,,,,,,,,,,,,,,
857505,,,,,,,,,,,,,,,,,,,,,
857506,,,,,,,,,,,,,,,,,,,,,
857511,,,,,,,,,,,,,,,,,,,,,
857512,,,,,,,,,,,,,,,,,,,,,
857516,,,,,,,,,,,,,,,,,,,,,
857517,,,,,,,,,,,,,,,,,,,,,
857518,,,,,,,,,,,,,,,,,,,,,
857522,,,,,,,,,,,,,,,,,,,,,
857523,,,,,,,,,,,,,,,,,,,,,
857525,,,,,,,,,,,,,,,,,,,,,
857528,,,,,,,,,,,,,,,,,,,,,
857530,,,,,,,,,,,,,,,,,,,,,
857531,,,,,,,,,,,,,,,,,,,,,
857532,,,,,,,,,,,,,,,,,,,,,
857533,,,,,,,,,,,,,,,,,,,,,
857537,,,,,,,,,,,,,,,,,,,,,
857538,,,,,,,,,,,,,,,,,,,,,
857539,,,,,,,,,,,,,,,,,,,,,
857540,,,,,,,,,,,,,,,,,,,,,
857542,,,,,,,,,,,,,,,,,,,,,
857543,,,,,,,,,,,,,,,,,,,,,
857544,,,,,,,,,,,,,,,,,,,,,
857545,,,,,,,,,,,,,,,,,,,,,
857546,,,,,,,,,,,,,,,,,,,,,
857547,,,,,,,,,,,,,,,,,,,,,
857548,,,,,,,,,,,,,,,,,,,,,
857550,,,,,,,,,,,,,,,,,,,,,
857552,,,,,,,,,,,,,,,,,,,,,
857553,,,,,,,,,,,,,,,,,,,,,
857559,,,,,,,,,,,,,,,,,,,,,
857560,,,,,,,,,,,,,,,,,,,,,
857562,,,,,,,,,,,,,,,,,,,,,
857564,,,,,,,,,,,,,,,,,,,,,
857565,,,,,,,,,,,,,,,,,,,,,
857567,,,,,,,,,,,,,,,,,,,,,
857568,,,,,,,,,,,,,,,,,,,,,
857570,,,,,,,,,,,,,,,,,,,,,
857571,,,,,,,,,,,,,,,,,,,,,
857572,,,,,,,,,,,,,,,,,,,,,
857574,13.5,13.5,0,13.5,0,13.5,0,13.5,0,13.5,0,,,,,,,,,,
857576,,,,,,,,,,,,,,,,,,,,,
857577,,,,,,,,,,,,,,,,,,,,,
857578,,,,,,,,,,,,,,,,,,,,,
857579,,,,,,,,,,,,,,,,,,,,,
857580,,,,,,,,,,,,,,,,,,,,,
857581,,,,,,,,,,,,,,,,,,,,,
857583,25,25,0,25,0,25,0,25,0,25,0,25,0,25,0,,,,,,
857589,,,,,,,,,,,,,,,,,,,,,
857595,15,15,0,15,0,15,0,15,0,15,0,15,0,15,0,,,,,,
857597,12,12,0,12,0,12,0,12,0,12,0,,,,,,,,,,
857598,12,12,0,12,0,12,0,12,0,12,0,,,,,,,,,,
857599,16,16,0,16,0,16,0,16,0,16,0,16,0,16,0,,,,,,
857602,16,16,0,16,0,16,0,16,0,16,0,16,0,16,0,,,,,,
857605,16,16,0,16,0,16,0,16,0,16,0,16,0,16,0,,,,,,
857609,33,33,0,33,0,33,0,33,0,33,0,33,0,33,0,,,,,,
857610,32,32,0,32,0,32,0,32,0,32,0,32,0,32,0,,,,,,
857611,37,37,0,37,0,37,0,37,0,37,0,37,0,37,0,,,,,,
857626,11.9,11.9,0,12.6,-0.0556,12.6,-0.0556,13.9,-0.144,13.9,-0.144,14.9,-0.201,20.4,-0.417,17.5,-0.32,13.5,-0.119,,
857629,37.9,37.9,0,37.9,0,37.9,0,37.9,0,37.9,0,37.9,0,37.9,0,50,-0.242,50,-0.242,40.7,-0.0688
857660,,,,,,,,,,,,,,,,,,,,,
857664,,,,,,,,,,,,,,,,,,,,,
857665,,,,,,,,,,,,,,,,,,,,,
857666,,,,,,,,,,,,,,,,,,,,,
857667,,,,,,,,,,,,,,,,,,,,,
857668,,,,,,,,,,,,,,,,,,,,,
857670,,,,,,,,,,,,,,,,,,,,,
857671,,,,,,,,,,,,,,,,,,,,,
857672,,,,,,,,,,,,,,,,,,,,,
857694,,,,,,,,,,,,,,,,,,,,,
857716,,,,,,,,,,,,,,,,,,,,,
857717,,,,,,,,,,,,,,,,,,,,,
857815,10,10,0,10,0,10,0,10,0,10,0,10,0,10,0,10,0,10,0,10,0
857830,11.5,11.5,0,11.5,0,11.5,0,11.5,0,11.5,0,11.5,0,,,,,11.5,0,11.5,0
857884,,,,,,,,,,,,,,,,,,,,,
857944,,,,,,,,,,,,,,,,,,,,,
857961,24.9,24.9,0,24.9,0,24.9,0,24.9,0,24.9,0,24.9,0,24.9,0,24.9,0,24.9,0,,
857976,8.5,8.5,0,8.5,0,8.5,0,8.5,0,8.5,0,10.9,-0.22,9.9,-0.141,7.5,0.133,,,11,-0.227
857979,41.7,41.7,0,41.7,0,41.7,0,41.7,0,41.7,0,41.7,0,46,-0.0935,,,,,,
857996,,,,,,,,,,,,,,,,,,,,,
857997,,,,,,,,,,,,,,,,,,,,,
858003,,,,,,,,,,,,,,,,,,,,,
858005,,,,,,,,,,,,,,,,,,,,,
858006,,,,,,,,,,,,,,,,,,,,,
858020,41.7,41.7,0,41.7,0,41.7,0,41.7,0,41.7,0,41.7,0,46,-0.0935,,,,,,
858039,7,7,0,7,0,7,0,7,0,7,0,7,0,7,0,,,,,,
858040,9,9,0,9,0,9,0,9,0,,,,,,,,,,,,
858041,233,233,0,233,0,233,0,233,0,233,0,235,-0.00767,280,-0.168,,,,,,
858043,8,8,0,8,0,8,0,8,0,8,0,8,0,8,0,,,,,,
858051,,,,,,,,,,,,,,,,,,,,,
858054,,,,,,,,,,,,,,,,,,,,,
858055,,,,,,,,,,,,,,,,,,,,,
858056,,,,,,,,,,,,,,,,,,,,,
858058,,,,,,,,,,,,,,,,,,,,,
858059,,,,,,,,,,,,,,,,,,,,,
858060,,,,,,,,,,,,,,,,,,,,,
858061,,,,,,,,,,,,,,,,,,,,,
858063,,,,,,,,,,,,,,,,,,,,,
858064,,,,,,,,,,,,,,,,,,,,,
858065,,,,,,,,,,,,,,,,,,,,,
858067,,,,,,,,,,,,,,,,,,,,,
858068,,,,,,,,,,,,,,,,,,,,,
858069,,,,,,,,,,,,,,,,,,,,,
858070,,,,,,,,,,,,,,,,,,,,,
858083,159,159,0,159,0,159,0,163,-0.0203,163,-0.0203,187,-0.147,215,-0.259,,,,,,
858084,235,235,0,235,0,235,0,226,0.0371,226,0.0371,226,0.0371,250,-0.0612,,,,,,
858108,,,,,,,,,,,,,,,,,,,,,
858129,8,8,0,8,0,8,0,8,0,8,0,8,0,8,0,8,0,,,,
858184,,,,,,,,,,,,,,,,,,,,,
858187,51,51,0,51,0,51,0,51,0,51,0,51,0,51,0,51,0,51,0,51,0
858193,32,32,0,32,0,32,0,32,0,32,0,32,0,32,0,32,0,32,0,43,-0.256
858194,53,53,0,53,0,53,0,53,0,53,0,53,0,53,0,53,0,53,0,72,-0.264
858196,,,,,,,,,,,,,,,,,,,,,
858202,13,13,0,13,0,13,0,13,0,13,0,,,,,,,,,,
858235,59,59,0,59,0,59,0,59,0,59,0,59,0,59,0,78,-0.244,78,-0.244,78,-0.244
858262,,,,,,,,,,,,,,,,,,,,,
858297,,,,,,,,,,,,,,,,,,,,,
858298,,,,,,,,,,,,,,,,,,,,,
858308,,,,,,,,,,,,,,,,,,,,,
858309,,,,,,,,,,,,,,,,,,,,,
858310,,,,,,,,,,,,,,,,,,,,,
858312,22,22,0,22,0,22,0,22,0,22,0,22,0,22,0,22,0,34,-0.353,34,-0.353
858313,22,22,0,22,0,22,0,22,0,22,0,22,0,22,0,22,0,34,-0.353,34,-0.353
858314,87.4,87.4,0,87.4,0,87.4,0,76.9,0.137,76.9,0.137,64.3,0.359,72,0.214,,,,,,
858319,8,8,0,8,0,8,0,7,0.143,7,0.143,8,0,8,0,8.2,-0.0244,8.2,-0.0244,7.5,0.0667
858324,19.5,19.5,0,19.5,0,19.5,0,19.5,0,19.5,0,19.5,0,19.5,0,,,,,,
858335,120,120,0,120,0,120,0,121,-0.00331,121,-0.00331,126,-0.0445,120,0.0025,,,,,,
858358,91.5,91.5,0,91.5,0,91.5,0,91.5,0,91.5,0,91.5,0,92,-0.00543,,,,,,
858364,69.9,69.9,0,69.9,0,,,69.9,0,69.9,0,69.9,0,69.9,0,88,-0.206,88,-0.206,88,-0.206
858375,25,25,0,25,0,25,0,,,,,,,,,,,25,0,25,0
858379,69.9,69.9,0,69.9,0,,,69.9,0,69.9,0,69.9,0,69.9,0,59.9,0.167,88,-0.206,88,-0.206
858380,65.9,65.9,0,65.9,0,65.9,0,65.9,0,65.9,0,60,0.0983,60,0.0983,,,,,,
858385,72.1,72.1,0,72.1,0,72.1,0,72.1,0,72.1,0,72.1,0,72.1,0,72.1,0,70,0.03,70,0.03
858388,3.9,3.9,0,3.9,0,3.9,0,3.9,0,3.9,0,3.9,0,4.9,-0.204,4.3,-0.093,4.5,-0.133,6,-0.35
858389,3.9,3.9,0,,,3.9,0,3.9,0,3.9,0,3.9,0,4.9,-0.204,,,3.5,0.114,3.5,0.114
858390,3,3,0,3,0,3,0,3,0,3,0,3,0,3,0,,,,,,
858392,2.9,2.9,0,2.9,0,2.9,0,2.9,0,2.9,0,2.9,0,,,,,4.5,-0.356,6,-0.517
858393,4.9,4.9,0,4.9,0,4.9,0,4.9,0,4.9,0,4.9,0,,,,,,,4.5,0.0889
858414,27,27,0,27,0,27,0,27,0,27,0,27,0,27,0,,,,,,
858415,70,70,0,70,0,70,0,70,0,70,0,70,0,,,,,,,,
858444,,,,,,,,,,,,,,,,,,,,,
858446,94,94,0,94,0,94,0,94,0,94,0,94,0,94,0,,,,,,
858449,155,155,0,155,0,155,0,155,0,155,0,155,0,155,0,,,,,,
858454,19,19,0,19,0,19,0,19,0,19,0,19,0,,,19,0,19,0,,
858455,29,29,0,29,0,29,0,29,0,29,0,29,0,,,29,0,29,0,,
858458,60,60,0,60,0,60,0,60,0,60,0,60,0,60,0,60,0,60,0,,
858459,,,,,,,,,,,,,,,,,,,,,
858461,,,,,,,,,,,,,,,,,,,,,
858467,42,42,0,42,0,42,0,42,0,42,0,42,0,42,0,,,,,,
858472,72,72,0,72,0,72,0,72,0,72,0,72,0,72,0,,,,,,
858477,113,113,0,113,0,113,0,113,0,113,0,113,0,113,0,,,,,,
858479,38,38,0,38,0,38,0,38,0,38,0,38,0,38,0,,,,,,
858480,,,,,,,,,,,,,,,,,,,,,
858481,13,13,0,13,0,13,0,13,0,13,0,13,0,13,0,,,,,,
858513,8,8,0,8,0,8,0,8,0,8,0,8,0,8,0,,,,,,
858514,17,17,0,17,0,17,0,17,0,17,0,17,0,17,0,,,,,,
858519,,,,,,,,,,,,,,,,,,,,,
858524,49,49,0,49,0,49,0,49,0,49,0,49,0,49,0,,,,,,
858525,90,90,0,90,0,90,0,90,0,90,0,90,0,90,0,,,,,,
858527,32,32,0,32,0,32,0,32,0,32,0,32,0,,,,,,,,
858529,,,,,,,,,,,,,,,,,,,,,
858530,,,,,,,,,,,,,,,,,,,,,
858535,55,55,0,55,0,55,0,55,0,55,0,55,0,55,0,,,,,,
858538,13,13,0,13,0,13,0,13,0,13,0,13,0,13,0,,,,,,
858540,,,,,,,,,,,,,,,,,,,,,
858547,33,33,0,33,0,33,0,33,0,33,0,33,0,33,0,,,,,,
858549,15,15,0,15,0,15,0,15,0,15,0,15,0,15,0,,,,,,
858561,16,16,0,16,0,16,0,16,0,,,,,,,,,,,,
858565,47,47,0,47,0,47,0,47,0,47,0,47,0,47,0,,,,,,
858566,,,,,,,,,,,,,,,,,,,,,
858567,,,,,,,,,,,,,,,,,,,,,
858568,,,,,,,,,,,,,,,,,,,,,
858630,,,,,,,,,,,,,,,,,,,,,
858659,40,40,0,40,0,40,0,40,0,40,0,40,0,40,0,56,-0.286,56,-0.286,,
858660,40,40,0,40,0,40,0,40,0,40,0,40,0,40,0,44,-0.0909,44,-0.0909,26,0.538
858661,40,40,0,40,0,40,0,40,0,40,0,40,0,40,0,44,-0.0909,44,-0.0909,,
858668,245,245,0,245,0,245,0,245,0,245,0,245,0,245,0,245,0,245,0,245,0
858669,170,170,0,170,0,170,0,170,0,170,0,170,0,170,0,170,0,,,160,0.0625
858676,213,213,0,213,0,213,0,213,0,213,0,213,0,213,0,213,0,213,0,213,0
858699,228,228,0,228,0,228,0,228,0,228,0,228,0,,,,,,,,
858713,,,,,,,,,,,,,,,,,,,,,
858715,12,12,0,12,0,12,0,12,0,12,0,12,0,12,0,12,0,12,0,12,0
858727,,,,,,,,,,,,,,,,,,,,,
858760,19.5,19.5,0,,,,,,,,,19.5,0,,,19.5,0,19.5,0,19.5,0
858772,,,,,,,,,,,,,,,,,,,,,
858847,,,,,,,,,,,,,,,,,,,,,
858882,,,,,,,,,,,,,,,,,,,,,
858885,69,69,0,69,0,69,0,69,0,69,0,69,0,69,0,,,,,,
858896,29.9,29.9,0,29.9,0,29.9,0,29.9,0,29.9,0,29.9,0,29.9,0,,,,,,
859018,21,21,0,21,0,21,0,21,0,21,0,21,0,21,0,,,,,,
859023,3,3,0,3,0,3,0,3,0,3,0,,,,,,,,,,
859026,4,4,0,4,0,4,0,4,0,4,0,,,,,,,,,,
859088,,,,,,,,,,,,,,,,,,,,,
859089,,,,,,,,,,,,,,,,,,,,,
859091,62,62,0,62,0,62,0,62,0,62,0,,,,,,,,,,
859092,36,36,0,36,0,36,0,36,0,36,0,36,0,36,0,,,,,,
859094,38,38,0,38,0,38,0,38,0,38,0,38,0,38,0,,,,,,
859129,12.8,12.8,0,12.8,0,12.8,0,12.8,0,12.8,0,12.8,0,12.8,0,13,-0.0154,13,-0.0154,13,-0.0154
859134,10.5,10.5,0,10.5,0,10.5,0,10.5,0,10.5,0,10.5,0,10.5,0,11.5,-0.087,11.5,-0.087,11.5,-0.087
859149,10.9,10.9,0,10.9,0,10.9,0,10.9,0,10.9,0,10.9,0,10.9,0,11.5,-0.0522,11.5,-0.0522,11.5,-0.0522
859154,38.5,38.5,0,38.5,0,38.5,0,30,0.283,30,0.283,30,0.283,30,0.283,30,0.283,30,0.283,30,0.283
859211,42.9,42.9,0,42.9,0,42.9,0,42.9,0,42.9,0,34.4,0.247,34.4,0.247,51,-0.159,51,-0.159,51,-0.159
859213,42.9,42.9,0,42.9,0,42.9,0,42.9,0,42.9,0,37.4,0.147,37.4,0.147,,,51,-0.159,51,-0.159
859273,,,,,,,,,,,,,,,,,,,,,
859576,,,,,,,,,,,,,,,,,,,,,
859577,,,,,,,,,,,,,,,,,,,,,
859586,19,19,0,19,0,19,0,19,0,19,0,19,0,19,0,19,0,19,0,19,0
859587,23,23,0,23,0,23,0,23,0,23,0,23,0,,,,,,,,
859764,,,,,,,,,,,,,,,,,,,,,
859984,19,19,0,19,0,19,0,19,0,19,0,19,0,19,0,,,,,,
859996,,,,,,,,,,,,,,,,,,,,,
860001,17,17,0,17,0,17,0,17,0,17,0,17,0,17,0,17,0,19,-0.105,19,-0.105
860233,65,65,0,65,0,65,0,65,0,65,0,65,0,65,0,69,-0.058,,,,
860253,,,,,,,,,,,,,,,,,,,,,
860256,,,,,,,,,,,,,,,,,,,,,
860259,47,47,0,47,0,47,0,47,0,47,0,47,0,,,,,,,,
860260,56,56,0,56,0,56,0,56,0,56,0,56,0,,,,,,,,
860296,49,49,0,49,0,49,0,49,0,49,0,49,0,49,0,49,0,49,0,77.8,-0.37
860297,,,,,,,,,,,,,,,,,,,,,
860384,,,,,,,,,,,,,,,,,,,,,
860795,,,,,,,,,,,,,,,,,,,,,
860797,,,,,,,,,,,,,,,,,,,,,
860990,72,72,0,72,0,72,0,72,0,72,0,72,0,55,0.309,72,0,72,0,,
861058,229,229,0,229,0,229,0,229,0,229,0,229,0,229,0,229,0,229,0,229,0
861127,24.5,24.5,0,24.5,0,24.5,0,24.5,0,24.5,0,,,,,,,,,,
861152,,,,,,,,,,,,,,,,,,,,,
861264,,,,,,,,,,,,,,,,,,,,,
861266,96,96,0,96,0,96,0,96,0,65,0.477,65,0.477,65,0.477,77,0.247,94,0.0213,,
861335,50,50,0,50,0,50,0,50,0,50,0,50,0,37,0.351,,,,,,
861339,54,54,0,54,0,54,0,54,0,54,0,54,0,40,0.35,,,,,,
861340,,,,,,,,,,,,,,,,,,,,,
861341,83,83,0,83,0,83,0,83,0,83,0,83,0,83,0,,,,,,
861346,54,54,0,54,0,54,0,54,0,54,0,54,0,54,0,,,,,,
861347,83,83,0,83,0,83,0,83,0,83,0,83,0,83,0,,,,,,
861364,106,106,0,106,0,106,0,106,0,106,0,106,0,106,0,106,0,106,0,,
861369,,,,,,,,,,,,,,,,,,,,,
861381,,,,,,,,,,,,,,,,,,,,,
861384,,,,,,,,,,,,,,,,,,,,,
861386,57,57,0,57,0,57,0,57,0,57,0,57,0,,,,,,,,
861389,,,,,,,,,,,,,,,,,,,,,
861403,,,,,,,,,,,,,,,,,,,,,
861501,2.5,2.5,0,2.5,0,2.5,0,2.5,0,2.5,0,,,,,,,,,,
861744,,,,,,,,,,,,,,,,,,,,,
861901,45,45,0,45,0,45,0,45,0,45,0,45,0,45,0,45,0,,,,
861993,49,,,,,49,0,49,0,49,0,49,0,49,0,,,,,,
862026,,,,,,,,,,,,,,,,,,,,,
862221,23.5,23.5,0,23.5,0,23.5,0,23.5,0,23.5,0,23.5,0,23.5,0,,,,,,
862430,26,26,0,26,0,26,0,26,0,26,0,26,0,26,0,26,0,,,,
862437,21.5,21.5,0,21.5,0,21.5,0,21.5,0,21.5,0,21.5,0,31.5,-0.317,31.5,-0.317,39.5,-0.456,39.5,-0.456
862442,21.5,21.5,0,21.5,0,21.5,0,21.5,0,21.5,0,21.5,0,31.5,-0.317,31.5,-0.317,39.5,-0.456,39.5,-0.456
862464,6,6,0,6,0,6,0,6,0,6,0,6,0,6,0,6,0,,,,
862466,,,,,,,,,,,,,,,,,,,,,
862750,,,,,,,,,,,,,,,,,,,,,
862856,,,,,,,,,,,,,,,,,,,,,
862857,,,,,,,,,,,,,,,,,,,,,
862858,,,,,,,,,,,,,,,,,,,,,
862859,,,,,,,,,,,,,,,,,,,,,
862860,,,,,,,,,,,,,,,,,,,,,
862861,,,,,,,,,,,,,,,,,,,,,
862880,,,,,,,,,,,,,,,,,,,,,
862881,,,,,,,,,,,,,,,,,,,,,
862937,,,,,,,,,,,,,,,,,,,,,
862957,137,137,0,137,0,,,137,0,137,0,137,0,137,0,134,0.0216,134,0.0216,134,0.0216
862962,137,137,0,137,0,,,137,0,137,0,137,0,137,0,134,0.0216,134,0.0216,134,0.0216
862977,125,125,0,125,0,,,125,0,125,0,125,0,125,0,125,0,125,0,125,0
863029,208,208,0,208,0,,,208,0,208,0,208,0,208,0,208,0,208,0,208,0
863093,3.5,3.5,0,3.5,0,3.5,0,3.5,0,3.5,0,3.5,0,3.5,0,3.5,0,3.5,0,3.5,0
863142,,,,,,,,,,,,,,,,,,,,,
863430,20,20,0,20,0,20,0,20,0,20,0,20,0,20,0,20,0,20,0,20,0
863445,20,20,0,20,0,20,0,20,0,20,0,20,0,20,0,20,0,20,0,20,0
863450,20,20,0,20,0,20,0,20,0,20,0,20,0,20,0,20,0,20,0,20,0
863638,8,8,0,8,0,8,0,8,0,8,0,8,0,8,0,8,0,8,0,8,0
863643,8,8,0,8,0,8,0,8,0,8,0,8,0,8,0,8,0,8,0,8,0
863820,,,,,,,,,,,,,,,,,,,,,
863854,22,22,0,22,0,22,0,22,0,48,-0.542,48,-0.542,,,,,,,,
863888,48,48,0,48,0,48,0,48,0,,,,,,,,,,,,
863899,65,65,0,65,0,65,0,65,0,65,0,,,,,,,,,,
863956,49,49,0,49,0,49,0,49,0,,,,,,,,,,,,
863957,16.5,16.5,0,16.5,0,16.5,0,16.5,0,,,,,,,,,,,,
863958,13,13,0,13,0,13,0,13,0,,,,,,,,,,,,
863959,31,31,0,31,0,31,0,31,0,,,,,,,,,,,,
863960,43,43,0,43,0,43,0,43,0,,,,,,,,,,,,
864030,99,99,0,99,0,99,0,99,0,99,0,99,0,,,,,,,,
864258,28,28,0,28,0,28,0,28,0,28,0,28,0,28,0,,,,,,
864261,42.5,42.5,0,42.5,0,42.5,0,42.5,0,42.5,0,42.5,0,42.5,0,,,,,,
864439,,,,,,,,,,,,,,,,,,,,,
864475,112,112,0,112,0,112,0,112,0,112,0,112,0,112,0,112,0,112,0,112,0
864487,181,181,0,181,0,181,0,181,0,181,0,181,0,181,0,181,0,181,0,181,0
864510,183,183,0,183,0,183,0,183,0,183,0,183,0,183,0,183,0,183,0,183,0
864600,,,,,,,,,,,,,,,,,,,,,
864613,,,,,,,,,,,,,,,,,,,,,
864700,,,,,,,,,,,,,,,,,,,,,
864819,83,83,0,83,0,83,0,83,0,83,0,83,0,83,0,83,0,83,0,83,0
864988,,,,,,,,,,,,,,,,,,,,,
865194,,,,,,,,,,,,,,,,,,,,,
865287,,,,,,,,,,,,,,,,,,,,,
865510,7.9,7.9,0,7.9,0,7.9,0,7.9,0,7.9,0,7.9,0,7.9,0,,,,,,
865812,13.7,13.7,0,13.7,0,13.7,0,13.7,0,13.7,0,13.7,0,13.7,0,13.7,0,13.5,0.0148,13.5,0.0148
865827,13.7,13.7,0,13.7,0,13.7,0,,,13.7,0,13.7,0,13.7,0,13.7,0,13.5,0.0148,,
866231,20,20,0,20,0,,,20,0,20,0,20,0,20,0,20,0,20,0,20,0
866246,20,20,0,20,0,,,20,0,20,0,20,0,20,0,20,0,20,0,20,0
866484,225,225,0,225,0,,,209,0.0766,209,0.0766,,,,,,,,,,
866553,,,,,,,,,,,,,,,,,,,,,
866632,,,,,,,,,,,,,,,,,,,,,
866633,,,,,,,,,,,,,,,,,,,,,
866657,6.3,6.3,0,6.3,0,6.3,0,6.3,0,6.3,0,6.3,0,,,6.3,0,6.3,0,6.3,0
866731,18,18,0,18,0,18,0,18,0,18,0,18,0,,,17,0.0588,17,0.0588,17,0.0588
866815,,,,,,,,,,,,,,,,,,,,,
866860,,,,,,,,,,,,,,,,,,,,,
866951,40,40,0,40,0,40,0,40,0,40,0,40,0,40,0,40,0,,,,
867056,17.5,17.5,0,16.8,0.0417,16.8,0.0417,16.8,0.0417,,,,,15.5,0.129,18.4,-0.0489,18.4,-0.0489,18.4,-0.0489
867213,120,120,0,120,0,120,0,120,0,120,0,120,0,120,0,120,0,,,,
867215,82,82,0,82,0,82,0,82,0,82,0,82,0,,,,,,,,
867217,,,,,,,,,,,,,,,,,,,,,
867358,17,17,0,17,0,17,0,17,0,17,0,17,0,17,0,19,-0.105,17.6,-0.0341,20,-0.15
867363,17,17,0,17,0,17,0,17,0,17,0,17,0,17,0,19,-0.105,17.6,-0.0341,20,-0.15
867378,22.6,22.6,0,22.6,0,22.6,0,22.6,0,22.6,0,22.6,0,22.6,0,22.6,0,22.6,0,22.6,0
867400,19,19,0,19,0,19,0,19,0,19,0,19,0,19,0,19,0,,,,
867405,32,32,0,32,0,32,0,32,0,32,0,32,0,32,0,32,0,,,,
867408,40,40,0,40,0,40,0,40,0,40,0,40,0,40,0,40,0,,,,
867409,31,31,0,31,0,31,0,31,0,31,0,31,0,31,0,31,0,,,,
867410,98,98,0,98,0,98,0,98,0,98,0,98,0,98,0,98,0,,,,
867414,42,42,0,42,0,42,0,42,0,42,0,42,0,42,0,42,0,,,,
867415,33,33,0,33,0,33,0,33,0,33,0,33,0,33,0,33,0,,,,
867437,,,,,,,,,,,,,,,,,,,,,
867475,14,14,0,14,0,14,0,14,0,14,0,14,0,14,0,14,0,,,,
867477,9,9,0,9,0,9,0,9,0,9,0,9,0,9,0,9,0,,,,
867478,12,12,0,12,0,12,0,12,0,12,0,12,0,12,0,12,0,,,,
867490,,,,,,,,,,,,,,,,,,,,,
867570,,,,,,,,,,,,,,,,,,,,,
867647,,,,,,,,,,,,,,,,,,,,,
867800,8.2,8.2,0,8.2,0,8.2,0,8.2,0,8.2,0,8.2,0,,,8.2,0,8.2,0,8.2,0
867863,,,,,,,,,,,,,,,,,,,,,
867864,,,,,,,,,,,,,,,,,,,,,
867898,12,12,0,12,0,12,0,12,0,12,0,12,0,12,0,12,0,12,0,12,0
867987,,,,,,,,,,,,,,,,,,,,,
867992,10.9,10.9,0,10.9,0,10.9,0,10.9,0,10.9,0,10.9,0,,,,,,,,
867993,,,,,,,,,,,,,,,,,,,,,
868190,46,46,0,46,0,46,0,46,0,39,0.179,39,0.179,39,0.179,39,0.179,39,0.179,,
868191,23,23,0,23,0,23,0,23,0,,,20,0.15,20,0.15,21,0.0952,21,0.0952,,
868192,80,80,0,80,0,80,0,80,0,,,,,61,0.311,69,0.159,,,,
868269,,,,,,,,,,,,,,,,,,,,,
868270,,,,,,,,,,,,,,,,,,,,,
868271,,,,,,,,,,,,,,,,,,,,,
868272,,,,,,,,,,,,,,,,,,,,,
868273,,,,,,,,,,,,,,,,,,,,,
868274,,,,,,,,,,,,,,,,,,,,,
868276,,,,,,,,,,,,,,,,,,,,,
868277,,,,,,,,,,,,,,,,,,,,,
868278,,,,,,,,,,,,,,,,,,,,,
868279,,,,,,,,,,,,,,,,,,,,,
868280,,,,,,,,,,,,,,,,,,,,,
868281,,,,,,,,,,,,,,,,,,,,,
868282,,,,,,,,,,,,,,,,,,,,,
868283,,,,,,,,,,,,,,,,,,,,,
868284,,,,,,,,,,,,,,,,,,,,,
868285,,,,,,,,,,,,,,,,,,,,,
868286,,,,,,,,,,,,,,,,,,,,,
868287,,,,,,,,,,,,,,,,,,,,,
868288,,,,,,,,,,,,,,,,,,,,,
868289,,,,,,,,,,,,,,,,,,,,,
868291,110,110,0,110,0,,,110,0,110,0,,,,,,,,,,
868292,,,,,,,,,,,,,,,,,,,,,
868293,,,,,,,,,,,,,,,,,,,,,
868294,,,,,,,,,,,,,,,,,,,,,
868295,,,,,,,,,,,,,,,,,,,,,
868296,,,,,,,,,,,,,,,,,,,,,
868297,,,,,,,,,,,,,,,,,,,,,
868298,110,110,0,110,0,110,0,110,0,110,0,,,,,,,,,110,0
868299,,,,,,,,,,,,,,,,,,,,,
868300,,,,,,,,,,,,,,,,,,,,,
868301,,,,,,,,,,,,,,,,,,,,,
868324,,,,,,,,,,,,,,,,,,,,,
868345,,,,,,,,,,,,,,,,,,,,,
868407,25,25,0,25,0,25,0,25,0,25,0,25,0,25,0,,,,,,
868413,,,,,,,,,,,,,,,,,,,,,
868435,93,93,0,93,0,93,0,93,0,93,0,93,0,,,,,,,,
868438,15,15,0,15,0,15,0,15,0,15,0,15,0,15,0,,,,,,
868449,,,,,,,,,,,,,,,,,,,,,
868450,34,34,0,34,0,34,0,34,0,34,0,34,0,,,34,0,34,0,,
868451,41,41,0,41,0,41,0,41,0,41,0,41,0,,,41,0,41,0,,
868452,18,18,0,18,0,18,0,18,0,18,0,18,0,18,0,,,,,,
868453,17,17,0,17,0,17,0,17,0,17,0,17,0,,,,,,,,
868454,,,,,,,,,,,,,,,,,,,,,
868455,,,,,,,,,,,,,,,,,,,,,
868456,,,,,,,,,,,,,,,,,,,,,
868457,,,,,,,,,,,,,,,,,,,,,
868459,299,299,0,299,0,299,0,299,0,,,,,,,299,0,299,0,,
868460,13,13,0,13,0,13,0,13,0,13,0,13,0,13,0,,,,,,
868461,,,,,,,,,,,,,,,,,,,,,
868462,15,15,0,15,0,15,0,,,15,0,15,0,15,0,,,,,,
868463,15,15,0,15,0,15,0,15,0,,,,,,,,,,,,
868464,,,,,,,,,,,,,,,,,,,,,
868465,,,,,,,,,,,,,,,,,,,,,
868467,,,,,,,,,,,,,,,,,,,,,
868469,,,,,,,,,,,,,,,,,,,,,
868483,,,,,,,,,,,,,,,,,,,,,
868502,,,,,,,,,,,,,,,,,,,,,
868523,,,,,,,,,,,,,,,,,,,,,
868525,,,,,,,,,,,,,,,,,,,,,
868526,,,,,,,,,,,,,,,,,,,,,
868527,,,,,,,,,,,,,,,,,,,,,
868528,,,,,,,,,,,,,,,,,,,,,
868529,,,,,,,,,,,,,,,,,,,,,
868530,,,,,,,,,,,,,,,,,,,,,
868531,,,,,,,,,,,,,,,,,,,,,
868533,,,,,,,,,,,,,,,,,,,,,
868534,,,,,,,,,,,,,,,,,,,,,
868538,60,60,0,60,0,60,0,60,0,60,0,60,0,,,,,,,,
868546,,,,,,,,,,,,,,,,,,,,,
868547,,,,,,,,,,,,,,,,,,,,,
868549,,,,,,,,,,,,,,,,,,,,,
868664,,,,,,,,,,,,,,,,,,,,,
868686,,,,,,,,,,,,,,,,,,,,,
868687,62.9,62.9,0,62.9,0,62.9,0,62.9,0,62.9,0,62.9,0,62.9,0,62.9,0,62.9,0,,
868738,,,,,,,,,,,,,,,,,,,,,
868744,,,,,,,,,,,,,,,,,,,,,
868805,,,,,,,,,,,,,,,,,,,,,
868865,13,13,0,13,0,13,0,13,0,13,0,13,0,13,0,13,0,13,0,13,0
868924,6,6,0,6,0,6,0,6,0,6,0,6,0,6,0,6,0,6,0,6,0
868990,,,,,,,,,,,,,,,,,,,,,
869009,99,99,0,99,0,99,0,99,0,99,0,99,0,99,0,99,0,74,0.338,99,0
869154,,,,,,,,,,,,,,,,,,,,,
869191,,,,,,,,,,,,,,,,,,,,,
869840,30,30,0,30,0,30,0,30,0,30,0,30,0,35,-0.143,35,-0.143,35,-0.143,35,-0.143
869845,46,46,0,46,0,46,0,46,0,46,0,46,0,46,0,46,0,46,0,,
870466,54,54,0,54,0,54,0,54,0,70,-0.229,70,-0.229,70,-0.229,70,-0.229,70,-0.229,,
870467,,,,,,,,,,,,,,,,,,,,,
870692,25,25,0,25,0,25,0,25,0,,,,,,,,,,,,
870838,,,,,,,,,,,,,,,,,,,,,
870919,26,26,0,26,0,26,0,26,0,26,0,26,0,26,0,26,0,26,0,26,0
870920,,,,,,,,,,,,,,,,,,,,,
871073,,,,,,,,,,,,,,,,,,,,,
871074,,,,,,,,,,,,,,,,,,,,,
871077,,,,,,,,,,,,,,,,,,,,,
871089,,,,,,,,,,,,,,,,,,,,,
871090,5,5,0,5,0,5,0,5,0,5,0,5,0,5,0,5,0,4,0.25,4,0.25
871676,,,,,,,,,,,,,,,,,,,,,
871832,25,25,0,25,0,25,0,30,-0.167,30,-0.167,30,-0.167,30,-0.167,30,-0.167,30,-0.167,35,-0.286
871847,27,27,0,27,0,27,0,25,0.08,25,0.08,25,0.08,25,0.08,25,0.08,39,-0.308,50,-0.46
871880,9,9,0,9,0,9,0,9,0,9,0,9,0,9,0,9,0,9,0,9,0
871982,17,17,0,17,0,17,0,17,0,17,0,17,0,17,0,17,0,,,,
872172,,,,,,,,,,,,,,,,,,,,,
872209,17.5,17.5,0,17.5,0,17.5,0,17.5,0,17.5,0,,,,,,,,,,
872210,17.5,17.5,0,17.5,0,17.5,0,17.5,0,17.5,0,17.5,0,17.5,0,17.5,0,17.5,0,17.5,0
872448,,,,,,,,,,,,,,,,,,,,,
872456,,,,,,,,,,,,,,,,,,,,,
872460,153,153,0,153,0,153,0,153,0,153,0,153,0,153,0,153,0,,,125,0.224
872495,,,,,,,,,,,,,,,,,,,,,
872497,,,,,,,,,,,,,,,,,,,,,
872529,,,,,,,,,,,,,,,,,,,,,
872662,31,31,0,31,0,31,0,31,0,31,0,31,0,31,0,31,0,30,0.0333,30,0.0333
872701,,,,,,,,,,,,,,,,,,,,,
872923,17,17,0,17,0,17,0,17,0,,,,,,,,,17,0,,
873183,,,,,,,,,,,,,,,,,,,,,
873220,,,,,,,,,,,,,,,,,,,,,
873282,,,,,,,,,,,,,,,,,,,,,
873283,,,,,,,,,,,,,,,,,,,,,
873390,,,,,,,,,,,,,,,,,,,,,
873842,,,,,,,,,,,,,,,,,,,,,
873854,,,,,,,,,,,,,,,,,,,,,
873914,155,155,0,155,0,155,0,155,0,155,0,155,0,155,0,,,,,,
873938,19,19,0,19,0,19,0,19,0,19,0,19,0,19,0,19,0,19,0,19,0
873940,29.9,29.9,0,29.9,0,29.9,0,29.9,0,29.9,0,29.9,0,29.9,0,29.9,0,29.9,0,29.9,0
873945,44,44,0,44,0,44,0,44,0,59,-0.254,59,-0.254,59,-0.254,59,-0.254,59,-0.254,59,-0.254
873946,47,47,0,47,0,47,0,47,0,63,-0.254,63,-0.254,63,-0.254,,,63,-0.254,63,-0.254
873980,,,,,,,,,,,,,,,,,,,,,
874199,58,58,0,58,0,58,0,58,0,58,0,58,0,58,0,,,,,,
874544,28.7,28.7,0,28.7,0,28.7,0,28.7,0,28.7,0,24,0.196,24.5,0.171,29.5,-0.0271,29.5,-0.0271,29.5,-0.0271
874584,17.9,17.9,0,17.9,0,17.9,0,17.9,0,17.9,0,17.9,0,17.9,0,17.9,0,17.9,0,17.9,0
874608,17.9,17.9,0,17.9,0,17.9,0,17.9,0,17.9,0,17.9,0,17.9,0,17.9,0,17.9,0,,
874703,,,,,,,,,,,,,,,,,,,,,
874704,,,,,,,,,,,,,,,,,,,,,
874723,210,210,0,210,0,210,0,210,0,210,0,210,0,,,,,,,,
874829,25,25,0,25,0,25,0,25,0,25,0,25,0,25,0,25,0,25,0,25,0
874856,14,14,0,14,0,14,0,14,0,14,0,14,0,14,0,,,,,,
874857,19,19,0,19,0,19,0,19,0,19,0,19,0,19,0,,,,,,
874866,70,70,0,70,0,74.9,-0.0654,74.9,-0.0654,74.9,-0.0654,74.9,-0.0654,,,80,-0.125,80,-0.125,84.9,-0.176
875389,79,79,0,79,0,79,0,79,0,79,0,79,0,79,0,79,0,79,0,79,0
875423,,,,,,,,,,,,,,,,,,,,,
875438,32.5,32.5,0,32.5,0,32.5,0,32.5,0,32.5,0,33,-0.0152,33,-0.0152,36,-0.0972,36,-0.0972,36,-0.0972
875676,,,,,,,,,,,,,,,,,,,,,
875760,61,61,0,61,0,61,0,61,0,61,0,61,0,61,0,61,0,61,0,61,0
875831,18.5,18.5,0,18.5,0,18.5,0,18.5,0,18.5,0,18.5,0,18.5,0,18.5,0,18.5,0,18.5,0
875832,16,16,0,16,0,16,0,16,0,16,0,16,0,16,0,16,0,19,-0.158,19,-0.158
875990,,,,,,,,,,,,,,,,,,,,,
876049,,,,,,,,,,,,,,,,,,,,,
876050,,,,,,,,,,,,,,,,,,,,,
876174,,,,,,,,,,,,,,,,,,,,,
876184,9.5,9.5,0,9.5,0,9.5,0,9.5,0,9.5,0,,,,,8.6,0.105,8.5,0.118,8.5,0.118
876243,,,,,,,,,,,,,,,,,,,,,
876265,14,14,0,14,0,14,0,14,0,14,0,14,0,14,0,14,0,16,-0.125,16,-0.125
876357,54,54,0,54,0,54,0,49.9,0.0822,49.9,0.0822,54,0,,,54,0,54,0,54.5,-0.00917
876369,,,,,,,,,,,,,,,,,,,,,
876702,,,,,,,,,,,,,,,,,,,,,
876703,,,,,,,,,,,,,,,,,,,,,
876704,,,,,,,,,,,,,,,,,,,,,
876918,,,,,,,,,,,,,,,,,,,,,
877316,,,,,,,,,,,,,,,,,,,,,
877362,,,,,,,,,,,,,,,,,,,,,
877402,,,,,,,,,,,,,,,,,,,,,
877405,,,,,,,,,,,,,,,,,,,,,
877406,,,,,,,,,,,,,,,,,,,,,
877413,,,,,,,,,,,,,,,,,,,,,
877449,99,99,0,99,0,99,0,,,,,,,120,-0.175,120,-0.175,120,-0.175,135,-0.267
877830,108,108,0,108,0,108,0,108,0,108,0,108,0,108,0,108,0,115,-0.0609,115,-0.0609
878011,33,33,0,33,0,33,0,29,0.138,29,0.138,29,0.138,29,0.138,,,,,,
878068,20,20,0,20,0,20,0,20,0,20,0,,,,,20,0,20,0,20,0
878069,15,15,0,15,0,15,0,15,0,15,0,15,0,15,0,15,0,15,0,15,0
878070,15,15,0,15,0,15,0,15,0,15,0,15,0,15,0,15,0,15,0,15,0
878299,25,25,0,25,0,25,0,23,0.087,23,0.087,,,,,,,,,,
878482,34,34,0,34,0,34,0,,,34,0,34,0,34,0,56,-0.393,56,-0.393,56,-0.393
878526,62.5,62.5,0,62.5,0,62.5,0,62.5,0,62.5,0,62.5,0,62.5,0,62.5,0,,,62.5,0
878629,15.5,15.5,0,15.5,0,15.5,0,15.5,0,15.5,0,15.5,0,15.5,0,15.5,0,15.5,0,,
878630,15.5,15.5,0,15.5,0,15.5,0,15.5,0,15.5,0,15.5,0,15.5,0,15.5,0,15.5,0,,
878772,,,,,,,,,,,,,,,,,,,,,
878784,6.3,6.3,0,6.3,0,6.3,0,6.3,0,6.3,0,6.3,0,,,6.3,0,6.3,0,6.3,0
878848,,,,,,,,,,,,,,,,,,,,,
879163,20.5,20.5,0,20.5,0,20,0.025,20,0.025,20,0.025,20,0.025,20,0.025,20,0.025,20,0.025,20,0.025
879247,,,,,,,,,,,,,,,,,,,,,
879253,53,53,0,53,0,53,0,53,0,53,0,53,0,53,0,53,0,53,0,,
879280,26,26,0,26,0,26,0,26,0,26,0,26,0,26,0,,,,,,
879283,,,,,,,,,,,,,,,,,,,,,
879361,16.9,16.9,0,16.9,0,16.9,0,16.9,0,16.9,0,16.9,0,16.9,0,19.2,-0.12,19.2,-0.12,19.2,-0.12
879486,242,242,0,242,0,242,0,242,0,242,0,242,0,242,0,242,0,242,0,242,0
879534,15.9,15.9,0,15.9,0,15.9,0,15.9,0,15.9,0,15.9,0,15.9,0,19,-0.163,14.5,0.0966,18.8,-0.154
879553,55,55,0,55,0,55,0,55,0,55,0,55,0,55,0,55,0,55,0,55,0
879589,21.8,21.8,0,21.8,0,21.8,0,21.8,0,21.8,0,21.8,0,21.8,0,21.8,0,21.8,0,21.8,0
879603,30,30,0,30,0,,,30,0,30,0,30,0,30,0,30,0,30,0,28,0.0714
879683,33.5,33.5,0,33.5,0,33.5,0,33.5,0,33.5,0,33.5,0,33.5,0,33.5,0,33.5,0,,
879725,72,72,0,72,0,72,0,72,0,72,0,72,0,81,-0.111,82,-0.122,106,-0.321,106,-0.321
879749,72,72,0,72,0,72,0,72,0,72,0,72,0,72,0,89,-0.191,106,-0.321,106,-0.321
879859,273,273,0,273,0,273,0,273,0,273,0,273,0,273,0,273,0,273,0,,
879864,123,123,0,123,0,123,0,123,0,123,0,123,0,123,0,123,0,123,0,,
879985,,,,,,,,,,,,,,,,,,,,,
879990,,,,,,,,,,,,,,,,,,,,,
879992,101,101,0,101,0,101,0,101,0,101,0,101,0,101,0,101,0,,,,
880795,,,,,,,,,,,,,,,,,,,,,
881124,34,34,0,34,0,34,0,34,0,34,0,,,34,0,34,0,,,34,0
881770,21.8,21.8,0,21.8,0,21.8,0,21.8,0,21.8,0,21.8,0,,,,,,,,
881790,21.8,21.8,0,21.8,0,21.8,0,21.8,0,21.8,0,21.8,0,,,,,,,,
881889,,,,,,,,,,,,,,,,,,,,,
881894,50,50,0,50,0,50,0,50,0,50,0,50,0,50,0,50,0,50,0,50,0
881903,,,,,,,,,,,,,,,,,,,,,
881918,50.6,50.6,0,50.6,0,50.6,0,50.6,0,50.6,0,50.6,0,50.6,0,50.6,0,50.6,0,50.6,0
881983,,,,,,,,,,,,,,,,,,,,,
881998,15.8,14.8,0.0676,14.8,0.0676,14.8,0.0676,14.8,0.0676,14.8,0.0676,11.5,0.374,11.5,0.374,11.5,0.374,17.9,-0.117,17.9,-0.117
882000,16,16,0,16,0,16,0,16,0,,,16,0,16,0,,,16,0,16,0
882053,9,9,0,9,0,9,0,9,0,9,0,9,0,9,0,9,0,10,-0.1,10,-0.1
882054,,,,,,,,,,,,,,,,,,,,,
882057,12,12,0,12,0,12,0,12,0,12,0,12,0,12,0,12,0,12,0,12,0
882446,,,,,,,,,,,,,,,,,,,,,
882535,,,,,,,,,,,,,,,,,,,,,
882659,6.5,6.5,0,6.5,0,6.5,0,6.5,0,6.5,0,6.5,0,6.5,0,6.5,0,6.5,0,6.5,0
882664,7.5,7.5,0,7.5,0,7.5,0,7.5,0,7.5,0,8,-0.0625,,,7.5,0,7.5,0,7.5,0
882674,7.5,7.5,0,7.5,0,7.5,0,7.5,0,7.5,0,8,-0.0625,,,7.5,0,7.5,0,7.5,0
883088,13,13,0,13,0,13,0,13,0,13,0,13,0,13,0,13,0,13,0,,
883089,14,14,0,14,0,14,0,14,0,14,0,14,0,14,0,14,0,14,0,,
883092,,,,,,,,,,,,,,,,,,,,,
883093,,,,,,,,,,,,,,,,,,,,,
883250,3.2,3.2,0,3.2,0,3.2,0,3.2,0,3.2,0,3.2,0,3.2,0,3.2,0,3.2,0,3.2,0
883251,3.2,3.2,0,3.2,0,3.2,0,3.2,0,3.2,0,3.2,0,3.2,0,3.2,0,3.2,0,3.2,0
883256,86,86,0,86,0,86,0,86,0,86,0,86,0,86,0,86,0,86,0,86,0
883318,,,,,,,,,,,,,,,,,,,,,
883327,27,27,0,27,0,27,0,27,0,27,0,27,0,27,0,27,0,27,0,27,0
883415,135,135,0,135,0,135,0,135,0,135,0,,,135,0,135,0,,,135,0
883416,36,36,0,,,,,36,0,36,0,36,0,36,0,36,0,,,36,0
883629,7,7,0,7,0,7,0,7,0,,,,,7,0,7,0,7,0,,
883695,21.5,21.5,0,21.5,0,21.5,0,21.5,0,21.5,0,21.5,0,21.5,0,21.5,0,21.5,0,21.5,0
883699,21.5,21.5,0,21.5,0,21.5,0,21.5,0,21.5,0,21.5,0,21.5,0,21.5,0,21.5,0,,
883756,20,20,0,20,0,20,0,20,0,20,0,20,0,20,0,15.5,0.29,20,0,,
883761,19,19,0,19,0,19,0,19,0,19,0,19,0,19,0,19,0,,,,
883776,27,27,0,27,0,27,0,27,0,27,0,27,0,27,0,,,,,,
883865,21,21,0,21,0,21,0,21,0,21,0,21,0,21,0,,,,,,
883942,20,20,0,20,0,20,0,20,0,20,0,20,0,20,0,20,0,20,0,20,0
884006,39,39,0,39,0,39,0,39,0,39,0,39,0,39,0,,,,,,
884011,25,25,0,25,0,25,0,25,0,25,0,25,0,25,0,,,,,,
884084,18,18,0,18,0,18,0,18,0,18,0,18,0,18,0,18,0,,,,
884419,316,316,0,316,0,316,0,299,0.0569,299,0.0569,299,0.0569,299,0.0569,,,,,,
884458,,,,,,,,,,,,,,,,,,,,,
884828,128,128,0,128,0,128,0,118,0.0847,118,0.0847,118,0.0847,118,0.0847,,,126,0.0159,,
884888,,,,,,,,,,,,,,,,,,,,,
885332,44,44,0,44,0,44,0,44,0,44,0,44,0,44,0,,,,,,
885410,,,,,,,,,,,,,,,,,,,,,
885810,,,,,,,,,,,,,,,,,,,,,
885970,,,,,,,,,,,,,,,,,,,,,
885976,,,,,,,,,,,,,,,,,,,,,
885985,,,,,,,,,,,,,,,,,,,,,
886002,,,,,,,,,,,,,,,,,,,,,
886106,,,,,,,,,,,,,,,,,,,,,
886111,,,,,,,,,,,,,,,,,,,,,
886901,63,63,0,63,0,63,0,63,0,63,0,63,0,63,0,63,0,85,-0.259,85,-0.259
886902,25,25,0,25,0,25,0,25,0,25,0,25,0,25,0,25,0,25,0,25,0
886903,17,17,0,17,0,17,0,17,0,17,0,,,17,0,,,17,0,17,0
886948,26,26,0,26,0,26,0,26,0,26,0,23.2,0.121,,,23.2,0.121,34.9,-0.255,26,0
886953,,,,,,,,,,,,,,,,,,,,,
887045,,,,,,,,,,,,,,,,,,,,,
887050,25.4,25.4,0,25.4,0,25.4,0,25.4,0,25.4,0,23,0.104,23,0.104,20.2,0.257,20.2,0.257,20.8,0.221
887065,19.8,19.8,0,19.8,0,19.8,0,19.8,0,19.8,0,17.8,0.112,17.8,0.112,15.3,0.294,15.3,0.294,15.3,0.294
887070,18.3,18.3,0,18.3,0,18.3,0,18.3,0,,,18.3,0,18.3,0,18.1,0.011,18.1,0.011,19.3,-0.0518
887252,58,58,0,58,0,58,0,58,0,58,0,58,0,58,0,,,,,,
887619,4,4,0,4,0,4,0,4,0,4,0,,,,,,,,,,
887646,13,13,0,13,0,13,0,13,0,13,0,13,0,13,0,,,,,,
887647,,,,,,,,,,,,,,,,,,,,,
887650,,,,,,,,,,,,,,,,,,,,,
887653,14,14,0,14,0,14,0,14,0,14,0,14,0,14,0,,,,,,
887711,,,,,,,,,,,,,,,,,,,,,
887763,,,,,,,,,,,,,,,,,,,,,
887854,,,,,,,,,,,,,,,,,,,,,
887855,,,,,,,,,,,,,,,,,,,,,
887902,21,21,0,21,0,21,0,21,0,21,0,21,0,21,0,21,0,,,,
888162,,,,,,,,,,,,,,,,,,,,,
888270,,,,,,,,,,,,,,,,,,,,,
889053,13,13,0,13,0,13,0,13,0,13,0,13,0,13,0,13,0,13,0,,
889138,,,,,,,,,,,,,,,,,,,,,
889139,,,,,,,,,,,,,,,,,,,,,
889140,43,43,0,43,0,43,0,43,0,43,0,43,0,43,0,,,,,,
889146,,,,,,,,,,,,,,,,,,,,,
889147,,,,,,,,,,,,,,,,,,,,,
889160,,,,,,,,,,,,,,,,,,,,,
889352,220,220,0,220,0,220,0,199,0.106,199,0.106,199,0.106,199,0.106,199,0.106,350,-0.371,350,-0.371
890097,37,37,0,37,0,37,0,37,0,37,0,37,0,37,0,,,,,,
890260,,,,,,,,,,,,,,,,,,,,,
890261,,,,,,,,,,,,,,,,,,,,,
890511,,,,,,,,,,,,,,,,,,,,,
890586,32.5,32.5,0,32.5,0,32.5,0,32.5,0,32.5,0,32.5,0,32.5,0,32.5,0,32.5,0,32.5,0
890591,32.5,32.5,0,32.5,0,32.5,0,32.5,0,32.5,0,32.5,0,32.5,0,32.5,0,32.5,0,32.5,0
890725,52.5,52.5,0,52.5,0,52.5,0,52.5,0,52.5,0,60,-0.125,60,-0.125,60,-0.125,60,-0.125,71,-0.261
890829,66.3,66.3,0,66.3,0,66.3,0,66.3,0,66.3,0,79,-0.161,79,-0.161,79,-0.161,79,-0.161,79,-0.161
890844,5.5,5.5,0,5.5,0,5.5,0,5.5,0,5.5,0,5.5,0,5.5,0,,,,,,
890859,5.5,5.5,0,5.5,0,5.5,0,5.5,0,5.5,0,5.5,0,5.5,0,5.5,0,5.5,0,5.5,0
890863,,,,,,,,,,,,,,,,,,,,,
890865,,,,,,,,,,,,,,,,,,,,,
890866,,,,,,,,,,,,,,,,,,,,,
890870,,,,,,,,,,,,,,,,,,,,,
891184,75,75,0,75,0,75,0,75,0,75,0,75,0,75,0,,,,,,
891207,,,,,,,,,,,,,,,,,,,,,
891272,47.5,47.5,0,47.5,0,47.5,0,35.5,0.338,35.5,0.338,35.5,0.338,35.5,0.338,35.5,0.338,35.5,0.338,29.9,0.589
891287,49.5,49.5,0,49.5,0,49.5,0,38.5,0.286,38.5,0.286,38.5,0.286,38.5,0.286,38.5,0.286,38.5,0.286,38.5,0.286
891301,,,,,,,,,,,,,,,,,,,,,
891303,130,130,0,130,0,130,0,130,0,130,0,130,0,130,0,,,,,,
891306,130,130,0,130,0,130,0,130,0,130,0,130,0,130,0,,,,,,
891309,159,159,0,159,0,159,0,159,0,159,0,159,0,159,0,,,,,,
891310,219,219,0,219,0,219,0,219,0,219,0,219,0,219,0,,,,,,
891311,,,,,,,,,,,,,,,,,,,,,
891312,91,91,0,91,0,91,0,91,0,91,0,91,0,91,0,,,,,,
891313,258,258,0,258,0,258,0,258,0,258,0,258,0,258,0,,,,,,
891314,110,110,0,110,0,110,0,110,0,110,0,110,0,110,0,,,,,,
891316,,,,,,,,,,,,,,,,,,,,,
891376,10.5,10.5,0,10.5,0,10.5,0,10.5,0,10.5,0,10.5,0,10.5,0,10.5,0,10.5,0,8.2,0.28
891402,17,17,0,17,0,17,0,17,0,17,0,17,0,17,0,17,0,17,0,,
891416,19,19,0,19,0,19,0,19,0,19,0,19,0,19,0,,,,,,
891419,30,30,0,30,0,30,0,30,0,30,0,,,,,,,,,,
891421,67,67,0,67,0,67,0,67,0,67,0,67,0,67,0,,,,,,
891423,,,,,,,,,,,,,,,,,,,,,
891425,198,198,0,198,0,,,198,0,198,0,198,0,198,0,198,0,198,0,193,0.0233
891433,30,30,0,30,0,30,0,30,0,30,0,30,0,30,0,,,,,,
891440,21,21,0,21,0,21,0,21,0,21,0,21,0,21,0,,,,,,
891442,26,26,0,26,0,26,0,26,0,26,0,,,,,,,,,,
891456,,,,,,,,,,,,,,,,,,,,,
891457,,,,,,,,,,,,,,,,,,,,,
891458,,,,,,,,,,,,,,,,,,,,,
891459,,,,,,,,,,,,,,,,,,,,,
891532,,,,,,,,,,,,,,,,,,,,,
891644,,,,,,,,,,,,,,,,,,,,,
891787,,,,,,,,,,,,,,,,,,,,,
891792,,,,,,,,,,,,,,,,,,,,,
891816,9.8,9.8,0,9.8,0,9.8,0,9.8,0,9.8,0,9.5,0.0316,,,13,-0.246,,,14.4,-0.319
891821,47.5,47.5,0,47.5,0,47.5,0,47.5,0,47.5,0,44.9,0.0579,,,62.5,-0.24,69.5,-0.317,69.5,-0.317
891856,33.9,,,,,,,,,,,,,,,34,-0.00294,34,-0.00294,34,-0.00294
891950,21.5,21.5,0,21.5,0,21.5,0,21.5,0,21.5,0,21.5,0,21.5,0,17.5,0.229,21.5,0,21.5,0
891990,4.5,4.5,0,4.5,0,4.5,0,4.5,0,4.5,0,4.5,0,4.5,0,5.4,-0.167,5.4,-0.167,5.4,-0.167
892017,4.5,4.5,0,4.5,0,4.5,0,4.5,0,4.5,0,4.5,0,4.5,0,5.4,-0.167,5.4,-0.167,5.4,-0.167
892022,4.5,4.5,0,4.5,0,4.5,0,4.5,0,4.5,0,4.5,0,4.5,0,5.4,-0.167,5.4,-0.167,5.4,-0.167
892062,,,,,,,,,,,,,,,,,,,,,
892082,10,10,0,10,0,10,0,10,0,10,0,10,0,10,0,10,0,10,0,10,0
892260,11,11,0,11,0,11,0,11,0,11,0,11,0,11,0,11,0,11,0,11,0
892310,,,,,,,,,,,,,,,,,,,,,
892606,323,323,0,323,0,323,0,323,0,,,,,,,262,0.233,262,0.233,262,0.233
892735,,,,,,,,,,,,,,,,,,,,,
892755,64.5,64.5,0,64.5,0,64.5,0,64.5,0,64.5,0,64.5,0,64.5,0,,,,,,
893837,96,96,0,96,0,96,0,87,0.103,87,0.103,87,0.103,87,0.103,87,0.103,,,,
893839,269,269,0,269,0,269,0,241,0.116,241,0.116,241,0.116,241,0.116,,,,,,
893840,18,18,0,18,0,18,0,20,-0.1,20,-0.1,20,-0.1,20,-0.1,,,,,,
893842,60,60,0,60,0,60,0,53,0.132,53,0.132,53,0.132,53,0.132,,,,,,
893848,125,125,0,125,0,125,0,125,0,125,0,99,0.263,99,0.263,,,,,,
893864,33,33,0,33,0,33,0,29,0.138,29,0.138,29,0.138,29,0.138,,,,,,
893874,65,65,0,65,0,65,0,60,0.0833,60,0.0833,,,,,,,,,,
893889,,,,,,,,,,,,,,,,,,,,,
894386,,,,,,,,,,,,,,,,,,,,,
894411,92,92,0,92,0,,,92,0,92,0,92,0,92,0,92,0,,,97.5,-0.0564
896217,94.5,94.5,0,94.5,0,,,94.5,0,94.5,0,94.5,0,94.5,0,138,-0.315,138,-0.315,138,-0.315
896326,,,,,,,,,,,,,,,,,,,,,
896346,177,177,0,177,0,,,177,0,177,0,177,0,199,-0.111,199,-0.111,199,-0.111,199,-0.111
896503,,,,,,,,,,,,,,,,,,,,,
896540,20,20,0,20,0,20,0,17.5,0.143,17.5,0.143,20,0,20,0,20,0,17,0.176,20.7,-0.0338
896737,289,289,0,289,0,,,289,0,289,0,289,0,289,0,399,-0.276,399,-0.276,399,-0.276
896782,92,92,0,92,0,,,92,0,92,0,,,92,0,92,0,,,97.5,-0.0564
896806,,,,,,,,,,,,,,,,,,,,,
896984,32.8,31.5,0.0413,31.5,0.0413,31.5,0.0413,31.5,0.0413,33.6,-0.0238,30.6,0.0719,30.6,0.0719,31.9,0.0282,39.5,-0.17,39.5,-0.17
897116,,,,,,,,,,,,,,,,,,,,,
897394,5.4,5.4,0,5.4,0,5.4,0,5.4,0,5.4,0,5.4,0,5.4,0,6.4,-0.156,6.4,-0.156,6.4,-0.156
897522,48.5,48.5,0,48.5,0,48.5,0,48.5,0,48.5,0,48.5,0,48.5,0,48.5,0,48.5,0,48.5,0
897592,48.5,48.5,0,48.5,0,48.5,0,48.5,0,48.5,0,48.5,0,48.5,0,48.5,0,48.5,0,48.5,0
897846,72,72,0,72,0,72,0,72,0,72,0,72,0,72,0,,,,,,
897943,,,,,,,,,,,,,,,,,,,,,
898228,44,44,0,44,0,44,0,44,0,44,0,,,,,,,,,,
898233,44,44,0,44,0,44,0,,,,,,,,,,,,,,
898406,72,72,0,72,0,72,0,72,0,72,0,64.8,0.111,64.8,0.111,64.8,0.111,81,-0.111,88.2,-0.184
898595,50.8,,,,,50.8,0,50.8,0,50.8,0,50.8,0,50.8,0,,,50.8,0,,
898657,,,,,,,,,,,,,,,,,,,,,
898660,,,,,,,,,,,,,,,,,,,,,
898718,,,,,,,,,,,,,,,,,,,,,
898720,,,,,,,,,,,,,,,,,,,,,
898721,,,,,,,,,,,,,,,,,,,,,
898722,,,,,,,,,,,,,,,,,,,,,
898917,,,,,,,,,,,,,,,,,,,,,
898920,8.5,8.5,0,8.5,0,8.5,0,8.5,0,8.5,0,8.5,0,8.5,0,8.5,0,8.5,0,8.5,0
899398,,,,,,,,,,,,,,,,,,,,,
899402,48,48,0,48,0,48,0,50,-0.04,50,-0.04,50,-0.04,50,-0.04,50,-0.04,,,,
900040,8.9,8.9,0,8.9,0,8.9,0,8.9,0,8.9,0,8.9,0,8.9,0,8.9,0,9.5,-0.0632,9.5,-0.0632
900101,99,99,0,99,0,99,0,99,0,99,0,99,0,99,0,99,0,110,-0.1,110,-0.1
900103,96,96,0,96,0,96,0,96,0,96,0,96,0,96,0,96,0,105,-0.0857,105,-0.0857
900104,99,99,0,99,0,99,0,99,0,99,0,99,0,99,0,99,0,110,-0.1,110,-0.1
900198,10,10,0,10,0,10,0,10,0,10,0,10,0,10,0,10,0,9,0.111,9,0.111
900199,20,20,0,20,0,20,0,20,0,20,0,20,0,20,0,20,0,19,0.0526,19,0.0526
900200,,,,,,,,,,,,,,,,,,,,,
900808,14,14,0,14,0,14,0,14,0,14,0,14,0,14,0,14,0,14,0,14,0
901218,,,,,,,,,,,,,,,,,,,,,
901630,,,,,,,,,,,,,,,,,,,,,
901976,33,33,0,33,0,33,0,33,0,,,,,33,0,33,0,38,-0.132,38,-0.132
901986,,,,,,,,,,,,,,,,,,,,,
901999,40.6,40.6,0,40.6,0,40.6,0,40.6,0,40.6,0,40.6,0,40.6,0,44.7,-0.0917,44.7,-0.0917,44.7,-0.0917
902019,33.5,33.5,0,33.5,0,33.5,0,33.5,0,33.5,0,33.5,0,33.5,0,35.3,-0.051,35.3,-0.051,35.3,-0.051
902084,,,,,,,,,,,,,,,,,,,,,
902466,48,48,0,48,0,48,0,48,0,48,0,48,0,48,0,48,0,53,-0.0943,53,-0.0943
902470,18.5,18.5,0,18.5,0,18.5,0,18.5,0,18.5,0,18.5,0,18.5,0,18.5,0,20,-0.075,20,-0.075
902523,39,39,0,39,0,39,0,39,0,39,0,39,0,39,0,39,0,39,0,39,0
902604,,,,,,,,,,,,,,,,,,,,,
902620,29.5,29.5,0,34.5,-0.145,34.5,-0.145,34.5,-0.145,34.5,-0.145,30.4,-0.0296,30.4,-0.0296,36.8,-0.198,36.8,-0.198,36.8,-0.198
903520,99,99,0,99,0,99,0,115,-0.139,115,-0.139,,,,,115,-0.139,115,-0.139,,
903906,3.5,3.5,0,3.5,0,3.5,0,3.5,0,3.5,0,3.5,0,3.5,0,3.5,0,3.5,0,3.5,0
904083,10.9,10.9,0,10.9,0,10.9,0,10.9,0,10.9,0,10.9,0,,,,,,,,
905021,36,36,0,36,0,36,0,36,0,36,0,36,0,36,0,,,,,,
905451,60,60,0,60,0,60,0,60,0,60,0,60,0,60,0,60,0,69,-0.13,69,-0.13
905453,105,105,0,105,0,105,0,105,0,105,0,105,0,105,0,105,0,111,-0.0541,111,-0.0541
905454,69,69,0,69,0,69,0,69,0,69,0,69,0,69,0,69,0,79,-0.127,79,-0.127
905457,15,15,0,15,0,15,0,15,0,15,0,15,0,15,0,15,0,17,-0.118,17,-0.118
905458,14,14,0,14,0,14,0,14,0,14,0,14,0,14,0,14,0,16,-0.125,16,-0.125
905650,8,8,0,8,0,8,0,8,0,8,0,,,8,0,8,0,8,0,8,0
905652,70,70,0,70,0,70,0,70,0,,,,,70,0,70,0,78,-0.103,,
905708,72,72,0,72,0,72,0,72,0,72,0,72,0,72,0,72,0,84,-0.143,84,-0.143
905709,96,96,0,96,0,96,0,96,0,96,0,96,0,96,0,96,0,101,-0.0495,101,-0.0495
905710,98,98,0,98,0,98,0,98,0,98,0,98,0,98,0,98,0,110,-0.109,110,-0.109
905711,130,130,0,130,0,130,0,130,0,130,0,130,0,130,0,130,0,141,-0.078,141,-0.078
905766,83,83,0,83,0,83,0,83,0,83,0,83,0,83,0,83,0,96,-0.135,96,-0.135
906096,15,15,0,15,0,15,0,15,0,15,0,15,0,15,0,18,-0.167,16.9,-0.112,20,-0.25
906097,22.5,22.5,0,28.9,-0.221,28.9,-0.221,28.9,-0.221,28.9,-0.221,28.9,-0.221,28.9,-0.221,32,-0.297,29,-0.224,35.5,-0.366
906403,70,70,0,70,0,70,0,70,0,70,0,57.4,0.22,57.4,0.22,57.4,0.22,57.4,0.22,57.4,0.22
906405,55,55,0,55,0,55,0,55,0,55,0,55,0,55,0,55,0,55,0,55,0
906421,15,15,0,15,0,15,0,15,0,15,0,15,0,15,0,15,0,15,0,28,-0.464
906422,92,92,0,92,0,92,0,92,0,92,0,92,0,92,0,92,0,98,-0.0612,89,0.0337
906424,12,12,0,12,0,12,0,,,,,,,,,12,0,13,-0.0769,12.9,-0.0698
906426,14,14,0,14,0,14,0,14,0,14,0,14,0,14,0,14,0,15,-0.0667,15.5,-0.0968
906427,97,97,0,97,0,97,0,97,0,97,0,97,0,97,0,97,0,103,-0.0583,99,-0.0202
906428,16,16,0,16,0,16,0,16,0,16,0,16,0,16,0,16,0,17,-0.0588,17,-0.0588
906429,9,9,0,9,0,9,0,9,0,9,0,9,0,9,0,9,0,9,0,9.5,-0.0526
906436,,,,,,,,,,,,,,,,,,,,,
906437,,,,,,,,,,,,,,,,,,,,,
906458,23,23,0,23,0,23,0,23,0,23,0,23,0,23,0,23,0,24,-0.0417,25.5,-0.098
906471,10,10,0,10,0,10,0,10,0,10,0,10,0,10,0,10,0,10,0,10.9,-0.0826
906473,12,12,0,12,0,12,0,12,0,12,0,12,0,12,0,12,0,12,0,13.5,-0.111
906483,13,13,0,13,0,13,0,13,0,13,0,13,0,13,0,13,0,13,0,13.5,-0.037
906489,9,9,0,9,0,9,0,9,0,9,0,9,0,9,0,9,0,9,0,9.5,-0.0526
906496,37,37,0,37,0,37,0,37,0,37,0,37,0,37,0,37,0,39,-0.0513,39,-0.0513
906636,17,17,0,17,0,17,0,17,0,17,0,17,0,17,0,17,0,19,-0.105,19,-0.105
906637,105,105,0,105,0,105,0,105,0,105,0,105,0,105,0,105,0,105,0,99,0.0606
906642,16,16,0,16,0,16,0,16,0,16,0,16,0,16,0,16,0,17,-0.0588,17.5,-0.0857
906649,11.5,11.5,0,11.5,0,11.5,0,11.5,0,11.5,0,11.5,0,11.5,0,11.5,0,12.5,-0.08,12.5,-0.08
906651,17,17,0,17,0,17,0,17,0,17,0,17,0,17,0,17,0,18,-0.0556,18,-0.0556
906728,80,80,0,80,0,80,0,80,0,80,0,80,0,80,0,80,0,85,-0.0588,,
906781,,,,,,,,,,,,,,,,,,,,,
906785,,,,,,,,,,,,,,,,,,,,,
906799,8.5,8.5,0,8.5,0,8.5,0,8.5,0,8.5,0,8.5,0,8.5,0,8.5,0,8.5,0,8.9,-0.0449
906858,62,62,0,62,0,62,0,60,0.0333,60,0.0333,60,0.0333,60,0.0333,,,,,,
906862,,,,,,,,,,,,,,,,,,,,,
906897,,,,,,,,,,,,,,,,,,,,,
906954,,,,,,,,,,,,,,,,,,,,,
906957,18,18,0,18,0,18,0,18,0,18,0,18,0,18,0,18,0,18,0,18,0
906969,17,17,0,17,0,17,0,17,0,17,0,17,0,,,17,0,17,0,,
907138,66,66,0,66,0,66,0,56,0.179,56,0.179,56,0.179,56,0.179,56,0.179,64.3,0.0264,,
907213,51,51,0,51,0,51,0,51,0,51,0,51,0,51,0,51,0,51,0,,
907214,74,74,0,74,0,74,0,,,74,0,74,0,,,74,0,74,0,74,0
907238,21,21,0,21,0,21,0,22,-0.0455,22,-0.0455,22,-0.0455,22,-0.0455,,,,,,
907685,7.5,7.5,0,7.5,0,7.5,0,,,7.5,0,7.5,0,7.5,0,7.5,0,7.5,0,7.5,0
908058,263,263,0,263,0,263,0,263,0,263,0,263,0,263,0,,,245,0.0735,245,0.0735
908565,,,,,,,,,,,,,,,,,,,,,
908567,230,230,0,230,0,230,0,230,0,230,0,230,0,230,0,230,0,230,0,230,0
908584,,,,,,,,,,,,,,,,,,,,,
908588,160,160,0,160,0,160,0,165,-0.0303,165,-0.0303,,,,,,,265,-0.396,265,-0.396
908602,35.9,35.9,0,35.9,0,35.9,0,30,0.197,30,0.197,35.9,0,35.9,0,36,-0.00278,36,-0.00278,26.9,0.335
908604,35.9,35.9,0,35.9,0,35.9,0,30,0.197,30,0.197,35.9,0,35.9,0,36,-0.00278,36,-0.00278,26.9,0.335
908724,35,35,0,35,0,35,0,28,0.25,28,0.25,,,,,,,,,,
908727,180,180,0,180,0,180,0,249,-0.277,249,-0.277,,,,,,,249,-0.277,249,-0.277
908733,,,,,,,,,,,,,,,,,,,,,
908734,62,62,0,62,0,62,0,64,-0.0312,64,-0.0312,64,-0.0312,64,-0.0312,64,-0.0312,80,-0.225,80,-0.225
908771,9.9,9.9,0,9.9,0,9.9,0,9,0.1,9,0.1,9,0.1,9,0.1,7.5,0.32,9.9,0,9.9,0
908773,50,50,0,50,0,50,0,50,0,50,0,50,0,50,0,50,0,55,-0.0909,55,-0.0909
909389,52,52,0,52,0,52,0,52,0,52,0,,,,,52,0,57,-0.0877,57,-0.0877
909437,,,,,,,,,,,,,,,,,,,,,
909816,72,72,0,72,0,72,0,72,0,72,0,72,0,72,0,72,0,90,-0.2,90,-0.2
910019,55,55,0,55,0,55,0,55,0,55,0,55,0,55,0,62,-0.113,78,-0.295,82,-0.329
910065,108,108,0,108,0,108,0,108,0,108,0,108,0,108,0,108,0,115,-0.0609,110,-0.0182
910194,28,28,0,28,0,28,0,28,0,28,0,28,0,28,0,28,0,30,-0.0667,30,-0.0667
910202,,,,,,,,,,,,,,,,,,,,,
910206,110,110,0,110,0,110,0,110,0,110,0,110,0,110,0,110,0,112,-0.0179,109,0.00917
910368,9.6,9.6,0,9.6,0,9.6,0,9.6,0,9.6,0,9.6,0,9.6,0,9.6,0,9.6,0,9.6,0
910978,26,26,0,26,0,26,0,26,0,26,0,26,0,26,0,26,0,26,0,26,0
910980,28,,,,,,,,,,,28,0,28,0,28,0,28,0,28,0
911199,,,,,,,,,,,,,,,,,,,,,
911778,,,,,,,,,,,,,,,,,,,,,
911905,148,148,0,148,0,148,0,148,0,148,0,148,0,148,0,148,0,148,0,148,0
913368,,,,,,,,,,,,,,,,,,,,,
913371,,,,,,,,,,,,,,,,,,,,,
913995,66,66,0,66,0,66,0,66,0,,,,,,,,,70,-0.0571,,
914012,,,,,,,,,,,,,,,,,,,,,
914013,,,,,,,,,,,,,,,,,,,,,
914024,35,35,0,35,0,35,0,35,0,,,35,0,35,0,35,0,50,-0.3,50,-0.3
914288,,,,,,,,,,,,,,,,,,,,,
914683,,,,,,,,,,,,,,,,,,,,,
915185,,,,,,,,,,,,,,,,,,,,,
915400,9.9,9.9,0,9.9,0,9.9,0,9.9,0,9.9,0,9.9,0,9.9,0,9.9,0,9.9,0,9.9,0
915464,52,52,0,52,0,52,0,52,0,37,0.405,37,0.405,37,0.405,44,0.182,51,0.0196,55,-0.0545
915794,24.5,24.5,0,24.5,0,24.5,0,24.5,0,24.5,0,24.5,0,24.5,0,24.5,0,24.5,0,24.5,0
915798,34,34,0,34,0,34,0,34,0,32,0.0625,32,0.0625,32,0.0625,32,0.0625,32,0.0625,32,0.0625
915799,22,22,0,22,0,22,0,22,0,21,0.0476,21,0.0476,21,0.0476,21,0.0476,21,0.0476,21,0.0476
915800,13,13,0,13,0,13,0,13,0,12,0.0833,12,0.0833,12,0.0833,12,0.0833,12,0.0833,12,0.0833
915802,18,18,0,18,0,18,0,18,0,17,0.0588,17,0.0588,17,0.0588,17,0.0588,17,0.0588,17,0.0588
915804,,,,,,,,,,,,,,,,,,,,,
915805,19,19,0,19,0,19,0,19,0,19,0,19,0,19,0,19,0,19,0,19,0
915812,24.5,24.5,0,24.5,0,24.5,0,23,0.0652,23,0.0652,23,0.0652,23,0.0652,23,0.0652,23,0.0652,23,0.0652
915813,,,,,,,,,,,,,,,,,,,,,
915814,12,12,0,,,12,0,12,0,11.5,0.0435,11.5,0.0435,11.5,0.0435,11.5,0.0435,11.5,0.0435,11.5,0.0435
916647,49,49,0,49,0,49,0,49,0,49,0,49,0,49,0,49,0,,,,
917091,,,,,,,,,,,,,,,,,,,,,
917931,,,,,,,,,,,,,,,,,,,,,
918833,,,,,,,,,,,,,,,,,,,,,
919316,67,67,0,67,0,67,0,67,0,67,0,67,0,67,0,67,0,67,0,67,0
919317,42,42,0,42,0,42,0,42,0,42,0,42,0,42,0,42,0,42,0,42,0
919384,,,,,,,,,,,,,,,,,,,,,
920081,89,89,0,89,0,89,0,89,0,89,0,89,0,89,0,89,0,99,-0.101,99,-0.101
920086,99,99,0,99,0,99,0,99,0,99,0,99,0,99,0,99,0,125,-0.208,125,-0.208
920098,,,,,,,,,,,,,,,,,,,,,
920099,18,18,0,18,0,18,0,18,0,18,0,18,0,18,0,18,0,20,-0.1,20,-0.1
920120,61,61,0,61,0,61,0,61,0,61,0,61,0,61,0,61,0,61,0,,
920121,,,,,,,,,,,,,,,,,,,,,
920126,19,19,0,19,0,19,0,19,0,19,0,19,0,19,0,19,0,19,0,17,0.118
920127,18.5,18.5,0,18.5,0,18.5,0,18.5,0,18.5,0,18.5,0,18.5,0,18.5,0,18.5,0,18.5,0
920147,8,8,0,8,0,8,0,8,0,8,0,8,0,8,0,8,0,9,-0.111,,
920148,7,7,0,7,0,7,0,7,0,7,0,,,7,0,7,0,6,0.167,6,0.167
920822,14.5,14.5,0,14.5,0,14.5,0,14.5,0,14.5,0,,,,,,,16,-0.0938,16,-0.0938
920823,11,11,0,11,0,11,0,11,0,11,0,11,0,11,0,11,0,11,0,11,0
920826,13.5,13.5,0,13.5,0,13.5,0,13.5,0,13.5,0,13.5,0,13.5,0,13.5,0,15,-0.1,15,-0.1
920859,15,15,0,15,0,15,0,13,0.154,13,0.154,13,0.154,13,0.154,,,,,,
920862,,,,,,,,,,,,,,,,,,,,,
920863,18.5,18.5,0,18.5,0,18.5,0,,,18.5,0,18.5,0,18.5,0,,,,,,
920865,92,92,0,92,0,92,0,92,0,92,0,92,0,92,0,92,0,99,-0.0707,118,-0.22
920868,79,79,0,79,0,79,0,90,-0.122,90,-0.122,,,90,-0.122,90,-0.122,90,-0.122,99,-0.202
921093,15.5,15.5,0,15.5,0,15.5,0,15.5,0,15.5,0,15.5,0,15.5,0,15.5,0,18,-0.139,18,-0.139
921228,7.9,7.9,0,7.9,0,7.9,0,7.9,0,7.9,0,7.9,0,7.9,0,7.9,0,7.9,0,7.9,0
921333,,,,,,,,,,,,,,,,,,,,,
921339,60,60,0,60,0,60,0,60,0,60,0,60,0,60,0,,,,,,
921346,21,21,0,21,0,21,0,21,0,21,0,21,0,21,0,,,,,,
921409,,,,,,,,,,,,,,,,,,,,,
921450,,,,,,,,,,,,,,,,,,,,,
921527,,,,,,,,,,,,,,,,,,,,,
921532,93,93,0,93,0,93,0,93,0,93,0,93,0,93,0,93,0,105,-0.114,105,-0.114
921533,63,63,0,63,0,63,0,63,0,63,0,63,0,63,0,63,0,79,-0.203,79,-0.203
921534,96,96,0,96,0,96,0,96,0,96,0,96,0,96,0,96,0,115,-0.165,115,-0.165
921535,99,99,0,99,0,99,0,99,0,99,0,99,0,99,0,99,0,110,-0.1,110,-0.1
921808,34,34,0,34,0,34,0,34,0,,,,,,,,,,,,
921813,,,,,,,,,,,,,,,,,,,,,
921814,12.5,12.5,0,12.5,0,12.5,0,12.5,0,12.5,0,12.5,0,12.5,0,12.5,0,,,14,-0.107
921815,,,,,,,,,,,,,,,,,,,,,
921816,23,23,0,23,0,23,0,23,0,23,0,23,0,23,0,23,0,23,0,23,0
921818,29,29,0,29,0,29,0,29,0,29,0,29,0,29,0,29,0,36,-0.194,36,-0.194
921819,17,17,0,17,0,17,0,17,0,17,0,17,0,17,0,17,0,19,-0.105,19,-0.105
921820,,,,,,,,,,,,,,,,,,,,,
921883,,,,,,,,,,,,,,,,,,,,,
921887,289,289,0,289,0,289,0,289,0,289,0,196,0.475,196,0.475,196,0.475,196,0.475,196,0.475
922367,,,,,,,,,,,,,,,,,,,,,
922390,,,,,,,,,,,,,,,,,,,,,
923359,,,,,,,,,,,,,,,,,,,,,
924175,,,,,,,,,,,,,,,,,,,,,
924176,,,,,,,,,,,,,,,,,,,,,
924734,82,82,0,82,0,82,0,82,0,82,0,82,0,82,0,,,,,,
924808,,,,,,,,,,,,,,,,,,,,,
924809,4,4,0,4,0,4,0,4,0,4,0,4,0,4,0,4,0,,,,
924810,,,,,,,,,,,,,,,,,,,,,
924811,4,4,0,4,0,4,0,4,0,4,0,4,0,4,0,4,0,3,0.333,3,0.333
924933,,,,,,,,,,,,,,,,,,,,,
925033,,,,,,,,,,,,,,,,,,,,,
925034,,,,,,,,,,,,,,,,,,,,,
925575,30,30,0,30,0,30,0,30,0,30,0,30,0,30,0,30,0,,,30,0
925638,,,,,,,,,,,,,,,,,,,,,
925651,,,,,,,,,,,,,,,,,,,,,
925969,,,,,,,,,,,,,,,,,,,,,
926860,,,,,,,,,,,,,,,,,,,,,
927057,,,,,,,,,,,,,,,,,,,,,
927339,,,,,,,,,,,,,,,,,,,,,
927392,,,,,,,,,,,,,,,,,,,,,
927439,,,,,,,,,,,,,,,,,,,,,
927609,20,20,0,20,0,20,0,20,0,20,0,20,0,20,0,,,,,,
928001,115,115,0,115,0,115,0,125,-0.08,125,-0.08,99,0.162,99,0.162,,,,,,
928584,55,55,0,55,0,55,0,55,0,55,0,57,-0.0351,57,-0.0351,62,-0.113,78,-0.295,82,-0.329
928970,10.5,10.5,0,10.5,0,10.5,0,10.5,0,10.5,0,,,,,10.5,0,12,-0.125,12,-0.125
928971,72,72,0,72,0,72,0,72,0,,,72,0,72,0,72,0,79,-0.0886,79,-0.0886
929022,18,18,0,18,0,18,0,18,0,18,0,18,0,18,0,18,0,18,0,18,0
929023,13,13,0,13,0,13,0,13,0,13,0,13,0,13,0,13,0,13,0,13,0
929346,,,,,,,,,,,,,,,,,,,,,
929347,,,,,,,,,,,,,,,,,,,,,
929348,,,,,,,,,,,,,,,,,,,,,
929382,,,,,,,,,,,,,,,,,,,,,
929385,,,,,,,,,,,,,,,,,,,,,
929672,11.5,11.5,0,11.5,0,11.5,0,11.5,0,11.5,0,11.5,0,11.5,0,11.5,0,13.5,-0.148,13.5,-0.148
929677,82,82,0,82,0,82,0,82,0,82,0,82,0,82,0,,,,,,
929789,,,,,,,,,,,,,,,,,,,,,
929790,,,,,,,,,,,,,,,,,,,,,
929797,10,10,0,10,0,10,0,10,0,10,0,10,0,10,0,10,0,10,0,10,0
929849,7,7,0,7,0,7,0,7,0,7,0,7,0,7,0,,,,,7,0
929976,,,,,,,,,,,,,,,,,,,,,
930098,,,,,,,,,,,,,,,,,,,,,
930132,46,46,0,46,0,46,0,46,0,46,0,,,,,46,0,54,-0.148,54,-0.148
930293,8,8,0,8,0,8,0,8,0,8,0,8,0,8,0,8,0,8,0,8,0
930295,8,8,0,8,0,8,0,8,0,8,0,8,0,8,0,8,0,8,0,8,0
930298,,,,,,,,,,,,,,,,,,,,,
930306,85,85,0,85,0,85,0,85,0,85,0,,,,,85,0,85,0,85,0
930307,69,69,0,69,0,69,0,69,0,,,,,,,,,64,0.0781,,
931007,17,17,0,17,0,17,0,17,0,17,0,17,0,17,0,17,0,17,0,17,0
931488,25.5,25.5,0,25.5,0,25.5,0,25.5,0,25.5,0,25.5,0,25.5,0,25.5,0,30,-0.15,30,-0.15
931489,22.5,22.5,0,22.5,0,22.5,0,22.5,0,22.5,0,,,,,,,,,,
931491,99,99,0,99,0,99,0,99,0,99,0,99,0,99,0,99,0,110,-0.1,110,-0.1
931510,14,14,0,14,0,14,0,14,0,,,,,,,14,0,16.5,-0.152,16.5,-0.152
932021,15.5,15.5,0,15.5,0,15.5,0,15.5,0,15.5,0,15.5,0,15.5,0,,,15.5,0,15.5,0
932032,6.5,6.5,0,6.5,0,6.5,0,6.5,0,6.5,0,6.5,0,6.5,0,6.5,0,6.5,0,6.5,0
932752,15,15,0,15,0,15,0,15,0,15,0,15,0,,,15,0,15,0,15,0
932755,5,5,0,5,0,5,0,5,0,5,0,5,0,5,0,5,0,5,0,5,0
937847,,,,,,,,,,,,,,,,,,,,,
938454,,,,,,,,,,,,,,,,,,,,,
938655,,,,,,,,,,,,,,,,,,,,,
938658,,,,,,,,,,,,,,,,,,,,,
938659,,,,,,,,,,,,,,,,,,,,,
938670,,,,,,,,,,,,,,,,,,,,,
938671,,,,,,,,,,,,,,,,,,,,,
938876,24,24,0,24,0,24,0,24,0,24,0,24,0,24,0,24,0,,,24,0
939519,,,,,,,,,,,,,,,,,,,,,
939581,3,3,0,3,0,3,0,3,0,3,0,3,0,3,0,3,0,2.5,0.2,2.5,0.2
939589,,,,,,,,,,,,,,,,,,,,,
940047,10.5,10.5,0,10.5,0,10.5,0,10.5,0,10.5,0,10.5,0,10.5,0,10.5,0,10.5,0,10.5,0
941113,,,,,,,,,,,,,,,,,,,,,
945966,23,23,0,23,0,23,0,23,0,23,0,23,0,23,0,,,,,,
946161,,,,,,,,,,,,,,,,,,,,,
947238,,,,,,,,,,,,,,,,,,,,,
947239,22,22,0,22,0,22,0,22,0,22,0,22,0,22,0,22,0,22,0,,
947243,,,,,,,,,,,,,,,,,,,,,
947244,18,18,0,18,0,18,0,18,0,18,0,28,-0.357,28,-0.357,,,,,,
947245,28,28,0,28,0,28,0,28,0,28,0,28,0,28,0,28,0,,,,
947248,28,28,0,28,0,28,0,28,0,28,0,28,0,28,0,28,0,,,,
947354,220,220,0,220,0,220,0,199,0.106,199,0.106,,,199,0.106,,,,,,
947355,74,74,0,74,0,74,0,,,,,,,,,72,0.0278,72,0.0278,,
947363,,,,,,,,,,,,,,,,,,,,,
947364,,,,,,,,,,,,,,,,,,,,,
947365,110,110,0,110,0,110,0,110,0,110,0,,,,,,,199,-0.447,,
947366,99,99,0,99,0,99,0,115,-0.139,115,-0.139,,,,,,,135,-0.267,,
947367,,,,,,,,,,,,,,,,,,,,,
947369,162,162,0,162,0,162,0,,,,,,,162,0,162,0,180,-0.1,,
947375,,,,,,,,,,,,,,,,,,,,,
947376,304,304,0,304,0,304,0,,,,,,,,,,,,,,
947378,,,,,,,,,,,,,,,,,,,,,
947385,,,,,,,,,,,,,,,,,,,,,
947387,,,,,,,,,,,,,,,,,,,,,
947529,20,20,0,20,0,20,0,20,0,20,0,20,0,20,0,,,,,,
947531,17,17,0,17,0,17,0,17,0,17,0,17,0,17,0,17,0,18,-0.0556,18,-0.0556
947532,21.5,21.5,0,21.5,0,21.5,0,21.5,0,21.5,0,21.5,0,21.5,0,21.5,0,25,-0.14,25,-0.14
947533,26,26,0,26,0,26,0,26,0,26,0,26,0,26,0,26,0,29,-0.103,29,-0.103
947534,12,12,0,12,0,12,0,12,0,12,0,12,0,12,0,,,13,-0.0769,,
947536,16,16,0,16,0,16,0,16,0,16,0,16,0,16,0,16,0,17.5,-0.0857,,
947537,23,23,0,23,0,23,0,23,0,23,0,,,,,,,25.5,-0.098,25.5,-0.098
947538,17.5,17.5,0,17.5,0,17.5,0,17.5,0,17.5,0,17.5,0,17.5,0,17.5,0,20,-0.125,20,-0.125
947539,,,,,,,,,,,,,,,,,,,,,
947540,19.5,19.5,0,19.5,0,19.5,0,19.5,0,19.5,0,19.5,0,19.5,0,19.5,0,21.5,-0.093,21.5,-0.093
947541,24.5,24.5,0,24.5,0,24.5,0,24.5,0,24.5,0,,,,,,,,,26,-0.0577
947906,205,205,0,205,0,205,0,230,-0.109,230,-0.109,,,,,,,,,,
948326,79,79,0,79,0,79,0,79,0,79,0,79,0,79,0,79,0,85,-0.0706,85,-0.0706
948327,78,78,0,78,0,78,0,78,0,78,0,78,0,78,0,78,0,91,-0.143,91,-0.143
948328,,,,,,,,,,,,,,,,,,,,,
948674,,,,,,,,,,,,,,,,,,,,,
948676,,,,,,,,,,,,,,,,,,,,,
948678,,,,,,,,,,,,,,,,,,,,,
948923,,,,,,,,,,,,,,,,,,,,,
948948,6.5,6.5,0,6.5,0,6.5,0,6.5,0,6.5,0,6.5,0,6.5,0,6.5,0,6.5,0,6.5,0
950466,,,,,,,,,,,,,,,,,,,,,
950475,,,,,,,,,,,,,,,,,,,,,
950520,121,121,0,121,0,121,0,121,0,121,0,,,,,,,,,121,0
951157,224,224,0,224,0,224,0,224,0,224,0,224,0,224,0,,,,,,
951414,27,27,0,27,0,27,0,27,0,27,0,27,0,27,0,27,0,27,0,27,0
951543,29.9,,,,,,,,,29.9,0,29.9,0,,,,,,,,
951556,48,48,0,48,0,48,0,48,0,48,0,48,0,48,0,48,0,,,,
951557,43,43,0,43,0,43,0,43,0,43,0,43,0,43,0,43,0,,,,
951807,74,74,0,74,0,74,0,74,0,74,0,74,0,74,0,74,0,66,0.121,66,0.121
951815,,,,,,,,,,,,,,,,,,,,,
952694,21,21,0,21,0,21,0,21,0,21,0,21,0,21,0,,,,,,
954009,20,20,0,,,,,20,0,19,0.0526,19,0.0526,19,0.0526,19,0.0526,19,0.0526,19,0.0526
954180,,,,,,,,,,,,,,,,,,,,,
954997,79,79,0,79,0,79,0,79,0,79,0,79,0,79,0,79,0,85,-0.0706,85,-0.0706
956809,41,41,0,41,0,41,0,41,0,41,0,41,0,41,0,41,0,41,0,41,0
957048,41,41,0,41,0,41,0,41,0,41,0,,,,,,,,,,
957049,50,50,0,50,0,50,0,50,0,50,0,50,0,50,0,,,,,,
957074,5,5,0,5,0,5,0,5,0,5,0,5,0,5,0,5,0,,,,
957690,,,,,,,,,,,,,,,,,,,,,
957691,,,,,,,,,,,,,,,,,,,,,
957693,,,,,,,,,,,,,,,,,,,,,
957708,23,23,0,23,0,23,0,23,0,23,0,23,0,23,0,23,0,,,,
959610,14,14,0,14,0,14,0,14,0,,,,,,,,,,,,
959621,22,22,0,22,0,22,0,22,0,22,0,22,0,22,0,17.5,0.257,22,0,24,-0.0833
959622,26,26,0,26,0,26,0,26,0,33,-0.212,33,-0.212,33,-0.212,33,-0.212,33,-0.212,33,-0.212
959628,36,36,0,36,0,36,0,36,0,,,,,,,,,,,,
959632,,,,,,,,,,,,,,,,,,,,,
960021,7.9,7.9,0,7.9,0,7.9,0,7.9,0,19.9,-0.603,,,16.5,-0.521,18.9,-0.582,18.9,-0.582,,
960100,,,,,,,,,,,,,,,,,,,,,
960146,275,275,0,275,0,275,0,275,0,,,,,,,,,165,0.666,,
960174,,,,,,,,,,,,,,,,,,,,,
960240,,,,,,,,,,,,,,,,,,,,,
960256,,,,,,,,,,,,,,,,,,,,,
960263,,,,,,,,,,,,,,,,,,,,,
960272,,,,,,,,,,,,,,,,,,,,,
960296,,,,,,,,,,,,,,,,,,,,,
960342,87.5,87.5,0,87.5,0,87.5,0,87.5,0,,,,,,,,,,,,
960630,,,,,,,,,,,,,,,,,,,,,
960631,44.9,44.9,0,44.9,0,44.9,0,44.9,0,44.9,0,34.9,0.287,34.9,0.287,,,54.9,-0.182,54.9,-0.182
960670,26,26,0,26,0,26,0,26,0,26,0,26,0,26,0,26,0,26,0,26,0
960838,11,11,0,11,0,11,0,11,0,11,0,11,0,11,0,11,0,,,11,0
960839,11,11,0,11,0,11,0,11,0,11,0,11,0,11,0,11,0,11,0,11,0
960840,,,,,,,,,,,,,,,,,,,,,
960952,30,30,0,30,0,30,0,30,0,30,0,30,0,30,0,30,0,,,,
963518,,,,,,,,,,,,,,,,,,,,,
964764,114,114,0,114,0,114,0,114,0,114,0,114,0,114,0,114,0,123,-0.0732,123,-0.0732
964780,12,12,0,12,0,12,0,12,0,12,0,12,0,12,0,,,,,,
964786,,,,,,,,,,,,,,,,,,,,,
969636,31,31,0,31,0,31,0,31,0,31,0,31,0,,,31,0,31,0,28,0.107
970541,9.5,9.5,0,9.5,0,9.5,0,9.5,0,9.5,0,9.5,0,9.5,0,9.5,0,9.5,0,9.5,0
970543,8,8,0,8,0,8,0,8,0,8,0,8,0,8,0,8,0,8,0,8,0
971345,5.5,5.5,0,5.5,0,5.5,0,5.5,0,5.5,0,5.5,0,5.5,0,5.5,0,5.5,0,5.5,0
971455,,,,,,,,,,,,,,,,,,,,,
971456,,,,,,,,,,,,,,,,,,,,,
971460,,,,,,,,,,,,,,,,,,,,,
971464,8,8,0,8,0,8,0,8,0,8,0,8,0,8,0,8,0,8,0,8,0
971501,18.5,18.5,0,18.5,0,18.5,0,,,,,18.5,0,18.5,0,18.5,0,18.5,0,18.5,0
972689,34,34,0,34,0,34,0,34,0,34,0,34,0,34,0,34,0,34,0,,
974249,,,,,,,,,,,,,,,,,,,,,
974250,12,12,0,12,0,12,0,12,0,12,0,12,0,12,0,,,,,,
974251,12,12,0,12,0,12,0,12,0,12,0,12,0,12,0,,,,,,
974255,,,,,,,,,,,,,,,,,,,,,
974256,13,13,0,13,0,13,0,13,0,13,0,13,0,13,0,13,0,13,0,,
974257,,,,,,,,,,,,,,,,,,,,,
976413,,,,,,,,,,,,,,,,,,,,,
976416,,,,,,,,,,,,,,,,,,,,,
976418,2,2,0,2,0,2,0,2,0,2,0,2,0,2,0,2,0,2,0,2,0
979273,12,12,0,12,0,12,0,12,0,12,0,12,0,12,0,12,0,,,,
979274,12,12,0,12,0,12,0,12,0,12,0,12,0,12,0,12,0,12,0,12,0
979964,,,,,,,,,,,,,,,,,,,,,
979996,61,61,0,61,0,61,0,,,,,,,,,,,,,,
979999,,,,,,,,,,,,,,,,,,,,,
980105,11,11,0,11,0,11,0,11,0,11,0,11,0,11,0,11,0,12,-0.0833,12,-0.0833
980295,,,,,,,,,,,,,,,,,,,,,
980297,,,,,,,,,,,,,,,,,,,,,
980323,20,20,0,20,0,20,0,20,0,20,0,20,0,20,0,20,0,,,,
980598,8,8,0,8,0,8,0,8,0,8,0,8,0,8,0,8,0,8,0,8,0
980651,60,60,0,60,0,60,0,60,0,60,0,60,0,60,0,60,0,35,0.714,35,0.714
981637,26,26,0,26,0,26,0,26,0,26,0,26,0,26,0,26,0,26,0,26,0
981638,26,26,0,26,0,26,0,26,0,26,0,26,0,26,0,26,0,26,0,26,0
981639,31,31,0,31,0,31,0,31,0,31,0,31,0,31,0,31,0,31,0,31,0
981640,46,46,0,46,0,46,0,46,0,46,0,46,0,46,0,46,0,46,0,46,0
981642,19,19,0,19,0,19,0,19,0,19,0,,,19,0,19,0,19,0,19,0
981643,26,26,0,26,0,26,0,26,0,26,0,26,0,26,0,26,0,,,,
981766,10,10,0,10,0,10,0,10,0,,,,,,,,,,,,
981767,18.2,18.2,0,18.2,0,18.2,0,18.2,0,18.2,0,18.2,0,18.2,0,,,,,,
981768,28,28,0,28,0,28,0,28,0,,,,,,,,,,,,
981769,42,42,0,42,0,42,0,42,0,,,,,,,,,,,,
982228,20,20,0,20,0,20,0,20,0,20,0,20,0,,,,,19,0.0526,,
982551,71,71,0,71,0,71,0,71,0,71,0,71,0,71,0,71,0,76,-0.0658,76,-0.0658
983256,,,,,,,,,,,,,,,,,,,,,
983260,10,10,0,10,0,10,0,10,0,10,0,10,0,10,0,10,0,10,0,10,0
983262,22,22,0,22,0,22,0,22,0,22,0,22,0,22,0,22,0,23,-0.0435,24,-0.0833
983267,15,15,0,15,0,15,0,15,0,15,0,15,0,15,0,15,0,15,0,15.5,-0.0323
983448,23,23,0,23,0,23,0,23,0,23,0,23,0,23,0,23,0,14.5,0.586,14.5,0.586
983685,26,26,0,26,0,26,0,26,0,26,0,26,0,26,0,26,0,,,26,0
983686,41,41,0,41,0,41,0,41,0,41,0,41,0,41,0,41,0,41,0,41,0
983709,43,43,0,43,0,43,0,43,0,,,43,0,43,0,43,0,43,0,43,0
983710,43,43,0,43,0,43,0,43,0,43,0,43,0,43,0,43,0,43,0,43,0
984248,50,50,0,50,0,50,0,50,0,,,,,,,,,,,50,0
984400,36,36,0,36,0,36,0,36,0,36,0,36,0,36,0,36,0,,,,
984924,19.5,19.5,0,19.5,0,19.5,0,19.5,0,19.5,0,19.5,0,19.5,0,19.5,0,19.5,0,13.5,0.444
984926,,,,,,,,,,,,,,,,,,,,,
984931,,,,,,,,,,,,,,,,,,,,,
984947,,,,,,,,,,,,,,,,,,,,,
984964,,,,,,,,,,,,,,,,,,,,,
984993,16,16,0,16,0,16,0,16,0,16,0,,,16,0,16,0,16,0,16,0
984997,,,,,,,,,,,,,,,,,,,,,
986389,32,32,0,32,0,32,0,32,0,32,0,32,0,32,0,32,0,32,0,32,0
986390,57,57,0,57,0,57,0,57,0,57,0,57,0,57,0,57,0,57,0,57,0
986406,44,44,0,44,0,44,0,44,0,44,0,,,,,,,,,,
986708,226,226,0,226,0,226,0,226,0,226,0,226,0,226,0,,,,,,
987976,110,110,0,110,0,110,0,110,0,110,0,110,0,110,0,110,0,120,-0.0833,120,-0.0833
989544,,,,,,,,,,,,,,,,,,,,,
989943,,,,,,,,,,,,,,,,,,,,,
989971,,,,,,,,,,,,,,,,,,,,,
990364,35,35,0,35,0,35,0,35,0,35,0,35,0,35,0,35,0,35,0,35,0
990548,99,99,0,99,0,99,0,99,0,99,0,99,0,99,0,99,0,115,-0.139,115,-0.139
990682,21,21,0,21,0,21,0,21,0,21,0,21,0,21,0,,,,,,
990685,,,,,,,,,,,,,,,,,,,,,
991075,,,,,,,,,,,,,,,,,,,,,
991078,,,,,,,,,,,,,,,,,,,,,
991081,,,,,,,,,,,,,,,,,,,,,
991082,,,,,,,,,,,,,,,,,,,,,
991288,3,3,0,3,0,3,0,3,0,3,0,3,0,3,0,3,0,,,3,0
991289,3,3,0,3,0,3,0,3,0,3,0,3,0,3,0,3,0,3,0,3,0
991502,31.5,31.5,0,31.5,0,31.5,0,31.5,0,31.5,0,31.5,0,31.5,0,31.5,0,39,-0.192,39,-0.192
991503,43,43,0,43,0,43,0,43,0,43,0,43,0,43,0,43,0,47,-0.0851,,
991504,79,79,0,79,0,79,0,79,0,79,0,79,0,79,0,79,0,79,0,79,0
991505,74,74,0,74,0,74,0,74,0,74,0,74,0,74,0,74,0,79,-0.0633,79,-0.0633
992564,70,70,0,70,0,70,0,80,-0.125,80,-0.125,80,-0.125,80,-0.125,,,,,,
992625,29,29,0,29,0,29,0,29,0,29,0,29,0,29,0,29,0,29,0,29,0
993290,19,19,0,19,0,19,0,24,-0.208,24,-0.208,24,-0.208,24,-0.208,24,-0.208,24,-0.208,24,-0.208
993291,22,22,0,22,0,22,0,31,-0.29,31,-0.29,31,-0.29,31,-0.29,31,-0.29,31,-0.29,31,-0.29
993293,,,,,,,,,,,,,,,,,,,,,
993303,27,27,0,27,0,27,0,25,0.08,25,0.08,25,0.08,25,0.08,,,,,,
993381,39,39,0,39,0,39,0,39,0,39,0,39,0,39,0,39,0,49,-0.204,,
993385,,,,,,,,,,,,,,,,,,,,,
993460,,,,,,,,,,,,,,,,,,,,,
993519,16.5,16.5,0,16.5,0,16.5,0,16.5,0,16.5,0,16.5,0,16.5,0,16.5,0,16.5,0,16.5,0
993520,,,,,,,,,,,,,,,,,,,,,
993675,99,99,0,99,0,99,0,99,0,99,0,99,0,99,0,99,0,107,-0.0748,107,-0.0748
993945,14,14,0,14,0,14,0,14,0,,,,,,,,,,,,
993948,,,,,,,,,,,,,,,,,,,,,
993949,8.5,8.5,0,8.5,0,8.5,0,8.5,0,,,,,,,,,8.5,0,,
993954,17,17,0,17,0,17,0,17,0,17,0,17,0,17,0,17,0,17,0,17,0
993955,18,18,0,18,0,18,0,18,0,,,,,18,0,18,0,,,,
993959,36,36,0,36,0,36,0,36,0,36,0,36,0,36,0,,,,,,
993978,12,12,0,12,0,12,0,12,0,12,0,12,0,12,0,12,0,13,-0.0769,13,-0.0769
993979,10,10,0,10,0,10,0,10,0,10,0,10,0,10,0,10,0,11,-0.0909,11,-0.0909
994446,157,157,0,157,0,157,0,157,0,157,0,157,0,157,0,,,,,,
994819,15,15,0,15,0,15,0,15,0,15,0,15,0,15,0,15,0,15,0,15,0
995109,11.5,11.5,0,11.5,0,11.5,0,11.5,0,11.5,0,11.5,0,11.5,0,11.5,0,13,-0.115,13,-0.115
995207,32,32,0,32,0,32,0,32,0,32,0,32,0,32,0,32,0,,,,
995277,,,,,,,,,,,,,,,,,,,,,
995279,,,,,,,,,,,,,,,,,,,,,
995280,,,,,,,,,,,,,,,,,,,,,
995281,12.6,12.6,0,12.6,0,12.6,0,12.6,0,12.6,0,12.6,0,12.6,0,,,,,,
995287,10,10,0,10,0,10,0,10,0,10,0,10,0,10,0,10,0,10,0,10,0
995528,,,,,,,,,,,,,,,,,,,,,
995529,15,15,0,15,0,15,0,15,0,15,0,15,0,15,0,15,0,,,,
995762,21,21,0,21,0,21,0,21,0,21,0,21,0,21,0,21,0,21,0,21,0
995832,,,,,,,,,,,,,,,,,,,,,
996295,5,5,0,5,0,5,0,5,0,5,0,5,0,5,0,5,0,,,,
996297,5,5,0,5,0,5,0,5,0,5,0,5,0,5,0,5,0,5,0,5,0
996304,40,40,0,40,0,40,0,40,0,40,0,40,0,40,0,40,0,40,0,50,-0.2
996470,,,,,,,,,,,,,,,,,,,,,
996471,,,,,,,,,,,,,,,,,,,,,
996702,17,17,0,17,0,17,0,17,0,17,0,17,0,17,0,,,,,,
996703,17.5,17.5,0,17.5,0,17.5,0,17.5,0,17.5,0,17.5,0,17.5,0,,,,,,
996942,39,39,0,39,0,39,0,39,0,39,0,39,0,39,0,39,0,43,-0.093,43,-0.093
998036,,,,,,,,,,,,,,,,,,,,,
998074,,,,,,,,,,,,,,,,,,,,,
998147,,,,,,,,,,,,,,,,,,,,,
999259,48,48,0,48,0,48,0,48,0,48,0,48,0,48,0,48,0,47,0.0213,47,0.0213
999270,,,,,,,,,,,,,,,,,,,,,
999273,,,,,,,,,,,,,,,,,,,,,
999953,11,11,0,11,0,11,0,11,0,11,0,11,0,11,0,11,0,,,,
